date,entry_date,exit_date,ticker,sector,open_next,horizon_future_close,exit_future_close,holding_days,exit_reason,signal,direction_vote,p_up_raw,p_up_h20,p_up_h5,p_up_calibrated,meta_confidence,confidence,conformal_qhat,conformal_set_size,conformal_singleton,conformal_contains_up,conformal_contains_down,conf_threshold,threshold_used_fallback,expected_return,signal_quality,ranker_score,actionable,rank_score,rank_orientation,rank_orientation_corr
2015-02-06,2015-02-09,2015-02-13,NOW,XLK,14.854000091552734,15.37600040435791,15.312857355390276,4,stop_loss,SHORT,SHORT,0.48718369007110596,0.5021945238113403,0.4721728563308716,0.5021945238113403,0.5068859457969666,51.281630992889404,0.5100558400154114,1,True,False,True,52.0,True,0.1930263936519622,UNRANKED,,False,,,
2015-02-09,2015-02-10,2015-02-12,NOW,XLK,14.62600040435791,15.496000289916992,15.118857656206403,2,stop_loss,SHORT,SHORT,0.48718369007110596,0.5021945238113403,0.4721728563308716,0.5021945238113403,0.5357217192649841,51.281630992889404,0.5100558400154114,1,True,False,True,52.0,True,0.23846295475959783,UNRANKED,,False,,,
2015-02-10,2015-02-11,2015-02-12,NOW,XLK,14.564000129699707,15.631999969482422,15.049714360918317,1,take_profit,LONG,LONG,0.5112676620483398,0.504980206489563,0.5175551176071167,0.504980206489563,0.4496225416660309,51.126766204833984,0.5100558400154114,1,True,True,False,52.0,True,0.39749231934547435,UNRANKED,,False,,,
2015-02-11,2015-02-12,2015-02-13,NOW,XLK,14.776000022888184,15.812000274658203,15.260000092642647,1,take_profit,LONG,LONG,0.5112676620483398,0.504980206489563,0.5175551176071167,0.504980206489563,0.487274169921875,51.126766204833984,0.5100558400154114,1,True,True,False,52.0,True,0.48357519507408137,UNRANKED,,False,,,
2015-02-12,2015-02-13,2015-02-20,NOW,XLK,15.25,15.734000205993652,15.718857084001813,4,take_profit,LONG,LONG,0.5041085779666901,0.5002126693725586,0.5080044865608215,0.5002126693725586,0.37872275710105896,50.410857796669006,0.5100558400154114,2,False,True,True,52.0,True,0.364872932434082,UNRANKED,,False,,,
2015-02-13,2015-02-17,2015-02-24,NOW,XLK,15.423999786376953,15.75,15.75,5,time_exit,LONG,LONG,0.5041085779666901,0.5002126693725586,0.5080044865608215,0.5002126693725586,0.5241823196411133,50.410857796669006,0.5100558400154114,2,False,True,True,52.0,True,0.31821012496948237,UNRANKED,,False,,,
2015-02-17,2015-02-18,2015-02-25,NOW,XLK,15.399999618530273,15.805999755859375,15.805999755859375,5,time_exit,LONG,LONG,0.5022587776184082,0.4965130686759949,0.5080044865608215,0.4965130686759949,0.4741276502609253,50.22587776184082,0.5100558400154114,2,False,True,True,52.0,True,-0.06360468268394454,UNRANKED,,False,,,
2015-02-18,2015-02-19,2015-02-26,NOW,XLK,15.47599983215332,15.906000137329102,15.906000137329102,5,time_exit,SHORT,SHORT,0.4843429625034332,0.4965130686759949,0.4721728563308716,0.4965130686759949,0.5212545990943909,51.56570374965668,0.5100558400154114,1,True,False,True,52.0,True,0.12267324328422546,UNRANKED,,False,,,
2015-02-19,2015-02-20,2015-02-27,NOW,XLK,15.581999778747559,15.251999855041504,15.251999855041504,5,time_exit,LONG,LONG,0.5020356774330139,0.5002126693725586,0.5038586854934692,0.5002126693725586,0.43815499544143677,50.20356774330139,0.5100558400154114,2,False,True,True,52.0,True,0.3932391107082367,UNRANKED,,False,,,
2015-02-20,2015-02-23,2015-02-27,NOW,XLK,15.753999710083008,15.288000106811523,15.3802855355399,4,take_profit,SHORT,SHORT,0.485870897769928,0.4995689392089844,0.4721728563308716,0.4995689392089844,0.5166676640510559,51.4129102230072,0.5100558400154114,1,True,False,True,52.0,True,0.1439277231693269,UNRANKED,,False,,,
2015-02-23,2015-02-24,2015-02-27,NOW,XLK,15.755999565124512,15.09000015258789,15.373713902064733,3,take_profit,SHORT,SHORT,0.485870897769928,0.4995689392089844,0.4721728563308716,0.4995689392089844,0.5245193839073181,51.4129102230072,0.5100558400154114,1,True,False,True,52.0,True,0.27090585231781,UNRANKED,,False,,,
2015-02-24,2015-02-25,2015-02-27,NOW,XLK,15.633999824523926,14.720000267028809,15.259142739432198,2,take_profit,SHORT,SHORT,0.4876970201730728,0.4995689392089844,0.47582510113716125,0.4995689392089844,0.5145297050476074,51.23029798269272,0.5100558400154114,1,True,False,True,52.0,True,0.2838608324527741,UNRANKED,,False,,,
2015-02-25,2015-02-26,2015-02-27,NOW,XLK,16.00200080871582,14.9399995803833,15.675143786839076,1,take_profit,SHORT,SHORT,0.485870897769928,0.4995689392089844,0.4721728563308716,0.4995689392089844,0.4561166763305664,51.4129102230072,0.5100558400154114,1,True,False,True,52.0,True,0.0041508078575133375,UNRANKED,,False,,,
2015-02-26,2015-02-27,2015-03-02,NOW,XLK,15.84000015258789,14.812000274658203,15.510000228881836,1,stop_loss,LONG,LONG,0.5017138123512268,0.4995689392089844,0.5038586854934692,0.4995689392089844,0.5253440141677856,50.17138123512268,0.5100558400154114,2,False,True,True,52.0,True,0.44618988037109386,UNRANKED,,False,,,
2015-02-27,2015-03-02,2015-03-04,NOW,XLK,15.194000244140625,14.847999572753906,14.791143144880023,2,stop_loss,LONG,LONG,0.5017138123512268,0.4995689392089844,0.5038586854934692,0.4995689392089844,0.5732397437095642,50.17138123512268,0.5100558400154114,2,False,True,True,52.0,True,0.2583334147930145,UNRANKED,,False,,,
2015-03-02,2015-03-03,2015-03-04,NOW,XLK,15.223999977111816,14.718000411987305,14.874857085091728,1,take_profit,SHORT,SHORT,0.48613113164901733,0.5000894069671631,0.4721728563308716,0.5000894069671631,0.6614055633544922,51.38688683509827,0.5100558400154114,1,True,False,True,52.0,True,0.08787104487419112,UNRANKED,,False,,,
2015-03-03,2015-03-04,2015-03-11,NOW,XLK,14.994000434875488,14.847999572753906,14.847999572753906,5,time_exit,SHORT,SHORT,0.49290236830711365,0.5021945238113403,0.48361021280288696,0.5021945238113403,0.6153019070625305,50.709763169288635,0.5100558400154114,2,False,True,True,52.0,True,0.1956279575824737,UNRANKED,,False,,,
2015-03-04,2015-03-05,2015-03-12,NOW,XLK,14.720000267028809,15.331999778747559,15.12171459197998,5,stop_loss,SHORT,SHORT,0.4948403090238571,0.5021945238113403,0.4874860942363739,0.5021945238113403,0.5979784727096558,50.51596909761429,0.5100558400154114,2,False,True,True,52.0,True,0.21677565574645985,UNRANKED,,False,,,
2015-03-05,2015-03-06,2015-03-12,NOW,XLK,14.855999946594238,15.383999824523926,15.229999950953893,4,take_profit,LONG,LONG,0.5098748207092285,0.5021945238113403,0.5175551176071167,0.5021945238113403,0.5101355910301208,50.98748207092285,0.5100558400154114,2,False,True,True,52.0,True,0.4483419656753541,UNRANKED,,False,,,
2015-03-06,2015-03-09,2015-03-12,NOW,XLK,14.800000190734863,15.729999542236328,15.146571431841169,3,take_profit,LONG,LONG,0.5039036273956299,0.5021945238113403,0.5056127309799194,0.5021945238113403,0.4277813732624054,50.39036273956299,0.5100558400154114,2,False,True,True,52.0,True,0.3148830831050871,UNRANKED,,False,,,
2015-03-09,2015-03-10,2015-03-12,NOW,XLK,14.720000267028809,15.979999542236328,15.052571432931083,2,stop_loss,SHORT,SHORT,0.492274209856987,0.5021945238113403,0.48235389590263367,0.5021945238113403,0.5418187379837036,50.7725790143013,0.5100558400154114,2,False,True,True,52.0,True,0.1434569954872132,UNRANKED,,False,,,
2015-03-10,2015-03-11,2015-03-12,NOW,XLK,14.75,16.010000228881836,15.083999633789062,1,stop_loss,SHORT,SHORT,0.4919114410877228,0.5002126693725586,0.48361021280288696,0.5002126693725586,0.5202507972717285,50.80885589122772,0.5100558400154114,2,False,True,True,52.0,True,0.27203911542892445,UNRANKED,,False,,,
2015-03-11,2015-03-12,2015-03-13,NOW,XLK,14.869999885559082,16.091999053955078,15.203142302376884,1,take_profit,LONG,LONG,0.5025908350944519,0.4995689392089844,0.5056127309799194,0.4995689392089844,0.4683186411857605,50.25908350944519,0.5100558400154114,2,False,True,True,52.0,True,0.45806589722633373,UNRANKED,,False,,,
2015-03-12,2015-03-13,2015-03-16,NOW,XLK,15.324000358581543,15.87600040435791,15.70057133265904,1,stop_loss,SHORT,SHORT,0.49128328263759613,0.5002126693725586,0.48235389590263367,0.5002126693725586,0.5904672145843506,50.87167173624039,0.5100558400154114,2,False,True,True,52.0,True,0.4418655633926391,UNRANKED,,False,,,
2015-03-13,2015-03-16,2015-03-17,NOW,XLK,15.45199966430664,15.855999946594238,15.824856349400111,1,take_profit,LONG,LONG,0.5041085779666901,0.5002126693725586,0.5080044865608215,0.5002126693725586,0.49035969376564026,50.410857796669006,0.5100558400154114,2,False,True,True,52.0,True,0.44743564724922186,UNRANKED,,False,,,
2015-03-16,2015-03-17,2015-03-24,NOW,XLK,15.833999633789062,15.850000381469727,15.850000381469727,5,time_exit,SHORT,SHORT,0.483110636472702,0.5002126693725586,0.46600860357284546,0.5002126693725586,0.5775408148765564,51.6889363527298,0.5100558400154114,1,True,False,True,52.0,True,0.2949664592742918,UNRANKED,,False,,,
2015-03-17,2015-03-18,2015-03-25,NOW,XLK,16.0,15.239999771118164,15.552286148071289,5,take_profit,SHORT,SHORT,0.4861927628517151,0.5002126693725586,0.4721728563308716,0.5002126693725586,0.5997428297996521,51.38072371482849,0.5100558400154114,1,True,False,True,52.0,True,0.4345040321350097,UNRANKED,,False,,,
2015-03-18,2015-03-19,2015-03-25,NOW,XLK,15.97599983215332,15.406000137329102,15.53828593662807,4,take_profit,SHORT,SHORT,0.4827887713909149,0.4995689392089844,0.46600860357284546,0.4995689392089844,0.6005368828773499,51.72112286090851,0.5100558400154114,1,True,False,True,52.0,True,0.060184836387634257,UNRANKED,,False,,,
2015-03-19,2015-03-20,2015-03-25,NOW,XLK,16.107999801635742,15.694000244140625,15.752000399998256,3,take_profit,SHORT,SHORT,0.49808332324028015,0.4995689392089844,0.4965977072715759,0.4995689392089844,0.5237554907798767,50.191667675971985,0.5100558400154114,2,False,True,True,52.0,True,0.2608564496040344,UNRANKED,,False,,,
2015-03-20,2015-03-23,2015-03-25,NOW,XLK,15.87399959564209,15.887999534606934,15.492286137172155,2,take_profit,SHORT,SHORT,0.4827887713909149,0.4995689392089844,0.46600860357284546,0.4995689392089844,0.6075782179832458,51.72112286090851,0.5100558400154114,1,True,False,True,52.0,True,0.18133801221847534,UNRANKED,,False,,,
2015-03-23,2015-03-24,2015-03-25,NOW,XLK,15.855999946594238,15.755999565124512,15.499714987618583,1,take_profit,SHORT,SHORT,0.490961417555809,0.4995689392089844,0.48235389590263367,0.4995689392089844,0.5993303656578064,50.9038582444191,0.5100558400154114,2,False,True,True,52.0,True,0.46271252632141097,UNRANKED,,False,,,
2015-03-24,2015-03-25,2015-03-26,NOW,XLK,15.89799976348877,15.130000114440918,15.593714850289482,1,take_profit,SHORT,SHORT,0.4992299824953079,0.4995689392089844,0.49889102578163147,0.4995689392089844,0.5488998889923096,50.07700175046921,0.5100558400154114,2,False,True,True,52.0,True,0.2070409357547761,UNRANKED,,False,,,
2015-03-25,2015-03-26,2015-03-27,NOW,XLK,15.112000465393066,15.223999977111816,15.471999849591937,1,stop_loss,SHORT,SHORT,0.49158957600593567,0.4995689392089844,0.48361021280288696,0.4995689392089844,0.539340615272522,50.84104239940643,0.5100558400154114,2,False,True,True,52.0,True,0.30174645781517045,UNRANKED,,False,,,
2015-03-26,2015-03-27,2015-03-30,NOW,XLK,15.461999893188477,15.64799976348877,15.827428000313896,1,stop_loss,SHORT,SHORT,0.49290236830711365,0.5021945238113403,0.48361021280288696,0.5021945238113403,0.5611687898635864,50.709763169288635,0.5100558400154114,2,False,True,True,52.0,True,0.061726033687591574,UNRANKED,,False,,,
2015-03-27,2015-03-30,2015-04-01,NOW,XLK,15.791999816894531,15.694000244140625,15.390571594238281,2,take_profit,SHORT,SHORT,0.4861927628517151,0.5002126693725586,0.4721728563308716,0.5002126693725586,0.5670422315597534,51.38072371482849,0.5100558400154114,1,True,False,True,52.0,True,0.12678137421607985,UNRANKED,,False,,,
2015-03-30,2015-03-31,2015-04-01,NOW,XLK,15.85200023651123,16.167999267578125,15.441429138183594,1,take_profit,SHORT,SHORT,0.4953117370605469,0.5002126693725586,0.49041080474853516,0.5002126693725586,0.5209524631500244,50.46882629394531,0.5100558400154114,2,False,True,True,52.0,True,0.11028286814689647,UNRANKED,,False,,,
2015-03-31,2015-04-01,2015-04-02,NOW,XLK,15.710000038146973,16.347999572753906,15.29914311000279,1,take_profit,SHORT,SHORT,0.4861927628517151,0.5002126693725586,0.4721728563308716,0.5002126693725586,0.5567387938499451,51.38072371482849,0.5100558400154114,1,True,False,True,52.0,True,0.01860484480857849,UNRANKED,,False,,,
2015-04-01,2015-04-02,2015-04-06,NOW,XLK,15.149999618530273,16.468000411987305,15.581142153058734,1,stop_loss,SHORT,SHORT,0.4861927628517151,0.5002126693725586,0.4721728563308716,0.5002126693725586,0.579551100730896,51.38072371482849,0.5100558400154114,1,True,False,True,52.0,True,0.12267476320266726,UNRANKED,,False,,,
2015-04-02,2015-04-06,2015-04-08,NOW,XLK,15.38599967956543,16.145999908447266,15.823142187935966,2,take_profit,LONG,LONG,0.5050995051860809,0.5021945238113403,0.5080044865608215,0.5021945238113403,0.5450725555419922,50.50995051860809,0.5100558400154114,2,False,True,True,52.0,True,0.25878918170928955,UNRANKED,,False,,,
2015-04-06,2015-04-07,2015-04-09,NOW,XLK,15.73799991607666,16.040000915527344,16.186285291399276,2,take_profit,LONG,LONG,0.5050995051860809,0.5021945238113403,0.5080044865608215,0.5021945238113403,0.48390108346939087,50.50995051860809,0.5100558400154114,2,False,True,True,52.0,True,0.2745600044727326,UNRANKED,,False,,,
2015-04-07,2015-04-08,2015-04-09,NOW,XLK,15.751999855041504,16.149999618530273,16.171142441885813,1,stop_loss,SHORT,SHORT,0.49840518832206726,0.5002126693725586,0.4965977072715759,0.5002126693725586,0.5165982842445374,50.159481167793274,0.5100558400154114,2,False,True,True,52.0,True,0.18584066629409798,UNRANKED,,False,,,
2015-04-08,2015-04-09,2015-04-16,NOW,XLK,16.143999099731445,16.56800079345703,16.56800079345703,5,time_exit,SHORT,SHORT,0.49128328263759613,0.5002126693725586,0.48235389590263367,0.5002126693725586,0.5631706714630127,50.87167173624039,0.5100558400154114,2,False,True,True,52.0,True,0.16920840740203852,UNRANKED,,False,,,
2015-04-09,2015-04-10,2015-04-17,NOW,XLK,16.354000091552734,14.657999992370605,15.85742895943778,5,stop_loss,LONG,LONG,0.5112676620483398,0.504980206489563,0.5175551176071167,0.504980206489563,0.4569578766822815,51.126766204833984,0.5100558400154114,1,True,True,False,52.0,True,0.2808933854103089,UNRANKED,,False,,,
2015-04-10,2015-04-13,2015-04-14,NOW,XLK,16.558000564575195,14.928000450134277,16.07514340536935,1,stop_loss,LONG,LONG,0.5044194459915161,0.504980206489563,0.5038586854934692,0.504980206489563,0.4274583160877228,50.44194459915161,0.5100558400154114,2,False,True,True,52.0,True,0.3932801783084871,UNRANKED,,False,,,
2015-04-13,2015-04-14,2015-04-17,NOW,XLK,16.148000717163086,15.5,15.622000694274902,3,stop_loss,LONG,LONG,0.5068296790122986,0.504980206489563,0.5086791515350342,0.504980206489563,0.4709244966506958,50.68296790122986,0.5100558400154114,2,False,True,True,52.0,True,0.4640728533267975,UNRANKED,,False,,,
2015-04-14,2015-04-15,2015-04-17,NOW,XLK,16.091999053955078,15.543999671936035,15.551713398524694,2,take_profit,SHORT,SHORT,0.4771673083305359,0.5000894069671631,0.4542452096939087,0.5000894069671631,0.6415892839431763,52.28326916694641,0.5100558400154114,1,True,False,True,52.0,True,0.09767371416091923,UNRANKED,,False,,,
2015-04-15,2015-04-16,2015-04-17,NOW,XLK,16.07200050354004,15.37600040435791,15.603143692016602,1,stop_loss,LONG,LONG,0.5002370625734329,0.49179497361183167,0.5086791515350342,0.49179497361183167,0.6543399691581726,50.02370625734329,0.5100558400154114,2,False,True,True,52.0,True,0.44091179966926564,HIGH,,True,0.0,1.0,
2015-04-16,2015-04-17,2015-04-21,NOW,XLK,14.949999809265137,15.218000411987305,15.454856736319405,2,stop_loss,SHORT,SHORT,0.48958809673786163,0.5021945238113403,0.47698166966438293,0.5021945238113403,0.5300033688545227,51.04119032621384,0.5100558400154114,1,True,False,True,52.0,True,0.04208147525787357,UNRANKED,,False,,,
2015-04-17,2015-04-20,2015-04-21,NOW,XLK,14.720000267028809,14.95199966430664,15.456571578979492,1,stop_loss,SHORT,SHORT,0.4914158284664154,0.5021945238113403,0.4806371331214905,0.5021945238113403,0.5695264339447021,50.85841715335846,0.5100558400154114,2,False,True,True,52.0,True,0.3348335921764374,UNRANKED,,False,,,
2015-04-20,2015-04-21,2015-04-28,NOW,XLK,15.10200023651123,14.998000144958496,14.998000144958496,5,time_exit,SHORT,SHORT,0.4890098124742508,0.5021945238113403,0.47582510113716125,0.5021945238113403,0.5734855532646179,51.09901875257492,0.5100558400154114,1,True,False,True,52.0,True,0.181961327791214,UNRANKED,,False,,,
2015-04-21,2015-04-22,2015-04-29,NOW,XLK,15.586000442504883,15.494000434875488,15.494000434875488,5,time_exit,SHORT,SHORT,0.49939611554145813,0.5021945238113403,0.4965977072715759,0.5021945238113403,0.5166846513748169,50.06038844585419,0.5100558400154114,2,False,True,True,52.0,True,0.22540423274040217,UNRANKED,,False,,,
2015-04-22,2015-04-23,2015-04-30,NOW,XLK,15.420000076293945,14.972000122070312,14.972000122070312,5,time_exit,SHORT,SHORT,0.49704936146736145,0.49024003744125366,0.5038586854934692,0.49024003744125366,0.3999268710613251,50.295063853263855,0.5100558400154114,2,False,True,True,52.0,True,0.3728861212730406,UNRANKED,,False,,,
2015-04-23,2015-04-24,2015-05-01,NOW,XLK,15.461999893188477,14.75,14.75,5,time_exit,LONG,LONG,0.5030266046524048,0.5021945238113403,0.5038586854934692,0.5021945238113403,0.3422694504261017,50.30266046524048,0.5100558400154114,2,False,True,True,52.0,True,0.3977819085121155,UNRANKED,,False,,,
2015-04-24,2015-04-27,2015-05-04,NOW,XLK,15.357999801635742,14.722000122070312,14.722000122070312,5,time_exit,LONG,LONG,0.5019677728414536,0.5089236497879028,0.4950118958950043,0.5089236497879028,0.4944852590560913,50.196777284145355,0.5100558400154114,2,False,True,True,52.0,True,0.32665678858757025,UNRANKED,,False,,,
2015-04-27,2015-04-28,2015-05-05,NOW,XLK,14.996000289916992,14.656000137329102,14.656000137329102,5,time_exit,SHORT,SHORT,0.4890754520893097,0.5000894069671631,0.4780614972114563,0.5000894069671631,0.6660141944885254,51.09245479106903,0.5100558400154114,1,True,False,True,52.0,True,-0.05884301662445069,UNRANKED,,False,,,
2015-04-28,2015-04-29,2015-05-06,NOW,XLK,14.923999786376953,14.65999984741211,14.65999984741211,5,time_exit,SHORT,SHORT,0.4801156669855118,0.5000894069671631,0.4601419270038605,0.5000894069671631,0.606038510799408,51.98843330144882,0.5100558400154114,1,True,False,True,52.0,True,0.4212710559368134,UNRANKED,,False,,,
2015-04-29,2015-04-30,2015-05-07,NOW,XLK,15.331999778747559,14.802000045776367,14.802000045776367,5,time_exit,SHORT,SHORT,0.4823916107416153,0.5000894069671631,0.4646938145160675,0.5000894069671631,0.5396908521652222,51.76083892583847,0.5100558400154114,1,True,False,True,52.0,True,-0.12403973937034612,UNRANKED,,False,,,
2015-04-30,2015-05-01,2015-05-08,NOW,XLK,14.913999557495117,14.781999588012695,14.781999588012695,5,time_exit,SHORT,SHORT,0.4905543774366379,0.5000894069671631,0.48101934790611267,0.5000894069671631,0.570073664188385,50.94456225633621,0.5100558400154114,2,False,True,True,52.0,True,-0.3032709658145904,UNRANKED,,False,,,
2015-05-01,2015-05-04,2015-05-11,NOW,XLK,14.746000289916992,14.79800033569336,14.79800033569336,5,time_exit,LONG,LONG,0.5030266046524048,0.5021945238113403,0.5038586854934692,0.5021945238113403,0.567514955997467,50.30266046524048,0.5100558400154114,2,False,True,True,52.0,True,0.26359188556671126,UNRANKED,,False,,,
2015-05-04,2015-05-05,2015-05-12,NOW,XLK,14.600000381469727,14.85200023651123,14.85200023651123,5,time_exit,SHORT,SHORT,0.49662038683891296,0.4893820881843567,0.5038586854934692,0.4893820881843567,0.5838003754615784,50.337961316108704,0.5100558400154114,2,False,True,True,52.0,True,0.4156163036823271,UNRANKED,,False,,,
2015-05-05,2015-05-06,2015-05-13,NOW,XLK,14.699999809265137,15.022000312805176,15.022000312805176,5,time_exit,SHORT,SHORT,0.48958809673786163,0.5021945238113403,0.47698166966438293,0.5021945238113403,0.5306751728057861,51.04119032621384,0.5100558400154114,1,True,False,True,52.0,True,0.19107612967491153,UNRANKED,,False,,,
2015-05-06,2015-05-07,2015-05-14,NOW,XLK,14.657999992370605,15.210000038146973,15.210000038146973,5,time_exit,SHORT,SHORT,0.49531108140945435,0.5021945238113403,0.48842763900756836,0.5021945238113403,0.5552709698677063,50.468891859054565,0.5100558400154114,2,False,True,True,52.0,True,0.2750098705291748,UNRANKED,,False,,,
2015-05-07,2015-05-08,2015-05-15,NOW,XLK,14.970000267028809,15.142000198364258,15.142000198364258,5,time_exit,LONG,LONG,0.5156461596488953,0.5089236497879028,0.5223686695098877,0.5089236497879028,0.3998107612133026,51.564615964889526,0.5100558400154114,1,True,True,False,52.0,True,0.45259696245193487,UNRANKED,,False,,,
2015-05-08,2015-05-11,2015-05-14,NOW,XLK,14.741999626159668,15.45199966430664,15.135428292410714,3,take_profit,LONG,LONG,0.5010304749011993,0.4995689392089844,0.5024920105934143,0.4995689392089844,0.4893665015697479,50.103047490119934,0.5100558400154114,2,False,True,True,52.0,True,0.33936184644699097,UNRANKED,,False,,,
2015-05-11,2015-05-12,2015-05-13,NOW,XLK,14.600000381469727,15.555999755859375,14.914000647408622,1,take_profit,LONG,LONG,0.5061962902545929,0.4995689392089844,0.5128236413002014,0.4995689392089844,0.43950992822647095,50.61962902545929,0.5100558400154114,2,False,True,True,52.0,True,0.4018358290195466,UNRANKED,,False,,,
2015-05-12,2015-05-13,2015-05-14,NOW,XLK,14.878000259399414,15.489999771118164,15.193429129464286,1,take_profit,LONG,LONG,0.503786712884903,0.4995689392089844,0.5080044865608215,0.4995689392089844,0.4709143340587616,50.378671288490295,0.5100558400154114,2,False,True,True,52.0,True,0.36618274450302135,UNRANKED,,False,,,
2015-05-13,2015-05-14,2015-05-18,NOW,XLK,15.067999839782715,15.77400016784668,15.383714539664131,2,stop_loss,SHORT,SHORT,0.4992299824953079,0.4995689392089844,0.49889102578163147,0.4995689392089844,0.4929254949092865,50.07700175046921,0.5100558400154114,2,False,True,True,52.0,True,0.220402181148529,UNRANKED,,False,,,
2015-05-14,2015-05-15,2015-05-19,NOW,XLK,15.20199966430664,15.751999855041504,15.5220000403268,2,stop_loss,SHORT,SHORT,0.49808332324028015,0.4995689392089844,0.4965977072715759,0.4995689392089844,0.5502604246139526,50.191667675971985,0.5100558400154114,2,False,True,True,52.0,True,0.1723085641860963,UNRANKED,,False,,,
2015-05-15,2015-05-18,2015-05-19,NOW,XLK,15.064000129699707,15.541999816894531,15.355714661734444,1,stop_loss,SHORT,SHORT,0.485870897769928,0.4995689392089844,0.4721728563308716,0.4995689392089844,0.6114885210990906,51.4129102230072,0.5100558400154114,1,True,False,True,52.0,True,0.028609812259674204,UNRANKED,,False,,,
2015-05-18,2015-05-19,2015-05-27,NOW,XLK,15.447999954223633,15.678000450134277,15.678000450134277,5,time_exit,SHORT,SHORT,0.485870897769928,0.4995689392089844,0.4721728563308716,0.4995689392089844,0.5830298662185669,51.4129102230072,0.5100558400154114,1,True,False,True,52.0,True,0.16981971263885484,UNRANKED,,False,,,
2015-05-19,2015-05-20,2015-05-28,NOW,XLK,15.543999671936035,15.680000305175781,15.680000305175781,5,time_exit,SHORT,SHORT,0.485870897769928,0.4995689392089844,0.4721728563308716,0.4995689392089844,0.5384756922721863,51.4129102230072,0.5100558400154114,1,True,False,True,52.0,True,0.15737569332122792,UNRANKED,,False,,,
2015-05-20,2015-05-21,2015-05-29,NOW,XLK,15.54800033569336,15.321999549865723,15.33971459524972,5,take_profit,SHORT,SHORT,0.485870897769928,0.4995689392089844,0.4721728563308716,0.4995689392089844,0.6419201493263245,51.4129102230072,0.5100558400154114,1,True,False,True,52.0,True,0.0703954994678499,UNRANKED,,False,,,
2015-05-21,2015-05-22,2015-05-29,NOW,XLK,15.715999603271484,15.13599967956543,15.498856680733818,4,take_profit,SHORT,SHORT,0.4876970201730728,0.4995689392089844,0.47582510113716125,0.4995689392089844,0.673765242099762,51.23029798269272,0.5100558400154114,1,True,False,True,52.0,True,0.17270901799201974,UNRANKED,,False,,,
2015-05-22,2015-05-26,2015-05-29,NOW,XLK,15.668000221252441,15.076000213623047,15.451714379446846,3,take_profit,SHORT,SHORT,0.485870897769928,0.4995689392089844,0.4721728563308716,0.4995689392089844,0.6697364449501038,51.4129102230072,0.5100558400154114,1,True,False,True,52.0,True,0.14539057016372675,UNRANKED,,False,,,
2015-05-26,2015-05-27,2015-06-01,NOW,XLK,15.449999809265137,15.321999549865723,15.21314253125872,3,take_profit,SHORT,SHORT,0.485870897769928,0.4995689392089844,0.4721728563308716,0.4995689392089844,0.6179489493370056,51.4129102230072,0.5100558400154114,1,True,False,True,52.0,True,0.16097855567932137,UNRANKED,,False,,,
2015-05-27,2015-05-28,2015-05-29,NOW,XLK,15.600000381469727,15.092000007629395,15.344285828726631,1,stop_loss,LONG,LONG,0.503786712884903,0.4995689392089844,0.5080044865608215,0.4995689392089844,0.530013382434845,50.378671288490295,0.5100558400154114,2,False,True,True,52.0,True,0.12043339014053342,UNRANKED,,False,,,
2015-05-28,2015-05-29,2015-06-01,NOW,XLK,15.593999862670898,15.378000259399414,15.358285358973912,1,stop_loss,LONG,LONG,0.503786712884903,0.4995689392089844,0.5080044865608215,0.4995689392089844,0.488802969455719,50.378671288490295,0.5100558400154114,2,False,True,True,52.0,True,0.22675532102584828,UNRANKED,,False,,,
2015-05-29,2015-06-01,2015-06-08,NOW,XLK,15.32800006866455,14.934000015258789,15.043999808175224,5,take_profit,SHORT,SHORT,0.49158957600593567,0.4995689392089844,0.48361021280288696,0.4995689392089844,0.5952745079994202,50.84104239940643,0.5100558400154114,2,False,True,True,52.0,True,0.06662094593048104,UNRANKED,,False,,,
2015-06-01,2015-06-02,2015-06-09,NOW,XLK,15.119999885559082,15.131999969482422,15.131999969482422,5,time_exit,SHORT,SHORT,0.4992299824953079,0.4995689392089844,0.49889102578163147,0.4995689392089844,0.5222191214561462,50.07700175046921,0.5100558400154114,2,False,True,True,52.0,True,0.21131315827369695,UNRANKED,,False,,,
2015-06-02,2015-06-03,2015-06-10,NOW,XLK,15.07800006866455,15.539999961853027,15.387142998831612,5,stop_loss,SHORT,SHORT,0.485870897769928,0.4995689392089844,0.4721728563308716,0.4995689392089844,0.601230800151825,51.4129102230072,0.5100558400154114,1,True,False,True,52.0,True,0.07702523469924936,UNRANKED,,False,,,
2015-06-03,2015-06-04,2015-06-11,NOW,XLK,15.239999771118164,15.545999526977539,15.545999526977539,5,time_exit,SHORT,SHORT,0.485870897769928,0.4995689392089844,0.4721728563308716,0.4995689392089844,0.606383204460144,51.4129102230072,0.5100558400154114,1,True,False,True,52.0,True,0.09467676281929024,UNRANKED,,False,,,
2015-06-04,2015-06-05,2015-06-10,NOW,XLK,14.982000350952148,15.588000297546387,15.30800029209682,3,stop_loss,SHORT,SHORT,0.49290236830711365,0.5021945238113403,0.48361021280288696,0.5021945238113403,0.6354265213012695,50.709763169288635,0.5100558400154114,2,False,True,True,52.0,True,-0.07828596234321596,UNRANKED,,False,,,
2015-06-05,2015-06-08,2015-06-15,NOW,XLK,15.355999946594238,15.527999877929688,15.527999877929688,5,time_exit,SHORT,SHORT,0.4948403090238571,0.5021945238113403,0.4874860942363739,0.5021945238113403,0.5780485272407532,50.51596909761429,0.5100558400154114,2,False,True,True,52.0,True,-0.027805507183074896,UNRANKED,,False,,,
2015-06-08,2015-06-09,2015-06-10,NOW,XLK,15.022000312805176,15.880000114440918,15.398286138262067,1,stop_loss,SHORT,SHORT,0.4948403090238571,0.5021945238113403,0.4874860942363739,0.5021945238113403,0.5795485377311707,50.51596909761429,0.5100558400154114,2,False,True,True,52.0,True,0.10092553496360776,UNRANKED,,False,,,
2015-06-09,2015-06-10,2015-06-12,NOW,XLK,15.180000305175781,15.984000205993652,15.569714682442802,2,stop_loss,SHORT,SHORT,0.4948403090238571,0.5021945238113403,0.4874860942363739,0.5021945238113403,0.5394364595413208,50.51596909761429,0.5100558400154114,2,False,True,True,52.0,True,0.37976637482643133,UNRANKED,,False,,,
2015-06-10,2015-06-11,2015-06-18,NOW,XLK,15.600000381469727,16.194000244140625,16.038571902683803,5,stop_loss,SHORT,SHORT,0.49840518832206726,0.5002126693725586,0.4965977072715759,0.5002126693725586,0.5273305177688599,50.159481167793274,0.5100558400154114,2,False,True,True,52.0,True,0.36944311857223505,UNRANKED,,False,,,
2015-06-11,2015-06-12,2015-06-16,NOW,XLK,15.465999603271484,16.076000213623047,15.864856719970703,2,take_profit,LONG,LONG,0.5064923465251923,0.504980206489563,0.5080044865608215,0.504980206489563,0.4180695414543152,50.649234652519226,0.5100558400154114,2,False,True,True,52.0,True,0.500486522912979,UNRANKED,,False,,,
2015-06-12,2015-06-15,2015-06-16,NOW,XLK,15.413999557495117,16.06399917602539,15.815713882446289,1,take_profit,LONG,LONG,0.5064923465251923,0.504980206489563,0.5080044865608215,0.504980206489563,0.43270647525787354,50.649234652519226,0.5100558400154114,2,False,True,True,52.0,True,0.5202974677085876,UNRANKED,,False,,,
2015-06-15,2015-06-16,2015-06-17,NOW,XLK,15.513999938964844,16.149999618530273,15.894285746983119,1,stop_loss,SHORT,SHORT,0.4919114410877228,0.5002126693725586,0.48361021280288696,0.5002126693725586,0.5671735405921936,50.80885589122772,0.5100558400154114,2,False,True,True,52.0,True,0.08958005905151373,UNRANKED,,False,,,
2015-06-16,2015-06-17,2015-06-24,NOW,XLK,15.902000427246094,15.494000434875488,15.494000434875488,5,time_exit,LONG,LONG,0.5050995051860809,0.5021945238113403,0.5080044865608215,0.5021945238113403,0.5239368677139282,50.50995051860809,0.5100558400154114,2,False,True,True,52.0,True,0.3029019236564635,UNRANKED,,False,,,
2015-06-17,2015-06-18,2015-06-24,NOW,XLK,16.038000106811523,15.784000396728516,15.61228575025286,4,take_profit,SHORT,SHORT,0.49808332324028015,0.4995689392089844,0.4965977072715759,0.4995689392089844,0.5790847539901733,50.191667675971985,0.5100558400154114,2,False,True,True,52.0,True,0.251591980457306,UNRANKED,,False,,,
2015-06-18,2015-06-19,2015-06-24,NOW,XLK,16.263999938964844,15.404000282287598,15.859428542000908,3,stop_loss,LONG,LONG,0.5006930232048035,0.4995689392089844,0.5018171072006226,0.4995689392089844,0.5567757487297058,50.06930232048035,0.5100558400154114,2,False,True,True,52.0,True,0.30526554584503174,UNRANKED,,False,,,
2015-06-19,2015-06-22,2015-06-24,NOW,XLK,16.200000762939453,14.753999710083008,15.805143628801618,2,take_profit,SHORT,SHORT,0.485870897769928,0.4995689392089844,0.4721728563308716,0.4995689392089844,0.6088802814483643,51.4129102230072,0.5100558400154114,1,True,False,True,52.0,True,0.2515755891799925,UNRANKED,,False,,,
2015-06-22,2015-06-23,2015-06-24,NOW,XLK,16.18000030517578,14.862000465393066,15.792000089372907,1,take_profit,SHORT,SHORT,0.485870897769928,0.4995689392089844,0.4721728563308716,0.4995689392089844,0.6096225380897522,51.4129102230072,0.5100558400154114,1,True,False,True,52.0,True,0.06841242313385017,UNRANKED,,False,,,
2015-06-23,2015-06-24,2015-06-26,NOW,XLK,16.077999114990234,14.779999732971191,15.712855884007045,2,stop_loss,LONG,LONG,0.503786712884903,0.4995689392089844,0.5080044865608215,0.4995689392089844,0.5227941274642944,50.378671288490295,0.5100558400154114,2,False,True,True,52.0,True,0.4522755742073061,UNRANKED,,False,,,
2015-06-24,2015-06-25,2015-06-29,NOW,XLK,15.564000129699707,14.906000137329102,15.13799980708531,2,take_profit,SHORT,SHORT,0.485870897769928,0.4995689392089844,0.4721728563308716,0.4995689392089844,0.5973778367042542,51.4129102230072,0.5100558400154114,1,True,False,True,52.0,True,0.07807201147079448,UNRANKED,,False,,,
2015-06-25,2015-06-26,2015-06-29,NOW,XLK,15.854000091552734,14.739999771118164,15.427428381783622,1,take_profit,SHORT,SHORT,0.494295209646225,0.504980206489563,0.48361021280288696,0.504980206489563,0.5056480169296265,50.5704790353775,0.5100558400154114,2,False,True,True,52.0,True,0.10142108798027027,UNRANKED,,False,,,
2015-06-26,2015-06-29,2015-07-06,NOW,XLK,15.161999702453613,15.13599967956543,14.744570868355888,4,take_profit,SHORT,SHORT,0.4812064468860626,0.49024003744125366,0.4721728563308716,0.49024003744125366,0.5670137405395508,51.87935531139374,0.5100558400154114,1,True,False,True,52.0,True,0.08159083127975472,UNRANKED,,False,,,
2015-06-29,2015-06-30,2015-07-08,NOW,XLK,14.859999656677246,14.965999603271484,14.965999603271484,5,time_exit,SHORT,SHORT,0.48718369007110596,0.5021945238113403,0.4721728563308716,0.5021945238113403,0.5347400307655334,51.281630992889404,0.5100558400154114,1,True,False,True,52.0,True,0.23470735549926766,UNRANKED,,False,,,
2015-06-30,2015-07-01,2015-07-09,NOW,XLK,15.083999633789062,15.236000061035156,15.236000061035156,5,time_exit,SHORT,SHORT,0.48718369007110596,0.5021945238113403,0.4721728563308716,0.5021945238113403,0.5825203657150269,51.281630992889404,0.5100558400154114,1,True,False,True,52.0,True,0.3620301783084869,UNRANKED,,False,,,
2015-07-01,2015-07-02,2015-07-09,NOW,XLK,14.77400016784668,15.347999572753906,15.224000794546944,4,stop_loss,SHORT,SHORT,0.48718369007110596,0.5021945238113403,0.4721728563308716,0.5021945238113403,0.5016639232635498,51.281630992889404,0.5100558400154114,1,True,False,True,52.0,True,0.35397383570671076,UNRANKED,,False,,,
2015-07-02,2015-07-06,2015-07-09,NOW,XLK,14.680000305175781,15.319999694824219,15.142000879560198,3,stop_loss,SHORT,SHORT,0.49939611554145813,0.5021945238113403,0.4965977072715759,0.5021945238113403,0.559714674949646,50.06038844585419,0.5100558400154114,2,False,True,True,52.0,True,0.36916011571884144,UNRANKED,,False,,,
2015-07-06,2015-07-07,2015-07-10,NOW,XLK,14.77400016784668,15.482000350952148,15.25114359174456,3,stop_loss,SHORT,SHORT,0.4936670511960983,0.504980206489563,0.48235389590263367,0.504980206489563,0.5304153561592102,50.63329488039017,0.5100558400154114,2,False,True,True,52.0,True,0.41783711314201355,UNRANKED,,False,,,
2015-07-07,2015-07-08,2015-07-14,NOW,XLK,14.998000144958496,15.515999794006348,15.48142923627581,4,stop_loss,SHORT,SHORT,0.49128328263759613,0.5002126693725586,0.48235389590263367,0.5002126693725586,0.5688009858131409,50.87167173624039,0.5100558400154114,2,False,True,True,52.0,True,0.4172053039073944,UNRANKED,,False,,,
2015-07-08,2015-07-09,2015-07-16,NOW,XLK,15.121999740600586,15.784000396728516,15.614857401166644,5,stop_loss,SHORT,SHORT,0.4885765314102173,0.504980206489563,0.4721728563308716,0.504980206489563,0.5220741033554077,51.14234685897827,0.5100558400154114,1,True,False,True,52.0,True,0.3570306897163391,UNRANKED,,False,,,
2015-07-09,2015-07-10,2015-07-17,NOW,XLK,15.430000305175781,15.784000396728516,15.784000396728516,5,time_exit,SHORT,SHORT,0.4861927628517151,0.5002126693725586,0.4721728563308716,0.5002126693725586,0.578744113445282,51.38072371482849,0.5100558400154114,1,True,False,True,52.0,True,0.1564772129058839,UNRANKED,,False,,,
2015-07-10,2015-07-13,2015-07-20,NOW,XLK,15.468000411987305,15.767999649047852,15.767999649047852,5,time_exit,SHORT,SHORT,0.4885765314102173,0.504980206489563,0.4721728563308716,0.504980206489563,0.5441356897354126,51.14234685897827,0.5100558400154114,1,True,False,True,52.0,True,0.28358402848243736,UNRANKED,,False,,,
2015-07-13,2015-07-14,2015-07-21,NOW,XLK,15.34000015258789,15.71399974822998,15.71399974822998,5,time_exit,LONG,LONG,0.541186511516571,0.5021945238113403,0.5801784992218018,0.5021945238113403,0.4902913272380829,54.118651151657104,0.5100558400154114,1,True,True,False,52.0,True,0.7977482974529267,UNRANKED,,False,,,
2015-07-14,2015-07-15,2015-07-22,NOW,XLK,15.520000457763672,15.569999694824219,15.569999694824219,5,time_exit,LONG,LONG,0.5022026002407074,0.504980206489563,0.4994249939918518,0.504980206489563,0.4523046314716339,50.22026002407074,0.5100558400154114,2,False,True,True,52.0,True,0.40996518731117254,UNRANKED,,False,,,
2015-07-15,2015-07-16,2015-07-23,NOW,XLK,15.630000114440918,15.604000091552734,15.604000091552734,5,time_exit,LONG,LONG,0.5210146903991699,0.4995689392089844,0.5424604415893555,0.4995689392089844,0.493529736995697,52.10146903991699,0.5100558400154114,1,True,True,False,52.0,True,0.3774275779724123,UNRANKED,,False,,,
2015-07-16,2015-07-17,2015-07-24,NOW,XLK,15.824000358581543,15.928000450134277,15.928000450134277,5,time_exit,LONG,LONG,0.5363841950893402,0.4995689392089844,0.573199450969696,0.4995689392089844,0.5625388622283936,53.63841950893402,0.5100558400154114,1,True,True,False,52.0,True,1.1989415884017944,UNRANKED,,False,,,
2015-07-17,2015-07-20,2015-07-27,NOW,XLK,15.833999633789062,15.267999649047852,15.466570581708636,5,stop_loss,LONG,LONG,0.5363841950893402,0.4995689392089844,0.573199450969696,0.4995689392089844,0.5688393712043762,53.63841950893402,0.5100558400154114,1,True,True,False,52.0,True,0.8960387706756591,UNRANKED,,False,,,
2015-07-20,2015-07-21,2015-07-27,NOW,XLK,15.76200008392334,15.72599983215332,15.485142435346331,4,stop_loss,LONG,LONG,0.5319836735725403,0.4995689392089844,0.5643984079360962,0.4995689392089844,0.4969153106212616,53.19836735725403,0.5100558400154114,1,True,True,False,52.0,True,0.8012323379516604,UNRANKED,,False,,,
2015-07-21,2015-07-22,2015-07-24,NOW,XLK,15.621999740600586,15.595999717712402,15.891142981392997,2,take_profit,LONG,LONG,0.5215761959552765,0.4995689392089844,0.5435834527015686,0.4995689392089844,0.5452386736869812,52.15761959552765,0.5100558400154114,1,True,True,False,52.0,True,0.7881630957126619,UNRANKED,,False,,,
2015-07-22,2015-07-23,2015-07-27,NOW,XLK,15.663999557495117,16.20599937438965,15.385999270847865,2,stop_loss,LONG,LONG,0.5363841950893402,0.4995689392089844,0.573199450969696,0.4995689392089844,0.5915506482124329,53.63841950893402,0.5100558400154114,1,True,True,False,52.0,True,0.8315917402505875,UNRANKED,,False,,,
2015-07-23,2015-07-24,2015-07-27,NOW,XLK,15.694000244140625,16.100000381469727,15.429142815726143,1,take_profit,SHORT,SHORT,0.4896802306175232,0.4995689392089844,0.479791522026062,0.4995689392089844,0.5843164920806885,51.03197693824768,0.5100558400154114,1,True,False,True,52.0,True,0.6470236778259277,UNRANKED,,False,,,
2015-07-24,2015-07-27,2015-07-30,NOW,XLK,15.770000457763672,15.829999923706055,16.057429313659668,3,stop_loss,SHORT,SHORT,0.4896802306175232,0.4995689392089844,0.479791522026062,0.4995689392089844,0.595720112323761,51.03197693824768,0.5100558400154114,1,True,False,True,52.0,True,-0.09424412250518804,UNRANKED,,False,,,
2015-07-27,2015-07-28,2015-07-30,NOW,XLK,15.354000091552734,15.581999778747559,15.679143360682897,2,take_profit,LONG,LONG,0.5079479217529297,0.4995689392089844,0.516326904296875,0.4995689392089844,0.5786827802658081,50.79479217529297,0.5100558400154114,2,False,True,True,52.0,True,0.37335601449012756,UNRANKED,,False,,,
2015-07-28,2015-07-29,2015-07-30,NOW,XLK,15.380000114440918,15.682000160217285,15.746286255972725,1,stop_loss,SHORT,SHORT,0.4404074549674988,0.5052778720855713,0.37553703784942627,0.5052778720855713,0.6006792187690735,55.95925450325012,0.5100558400154114,1,True,False,True,52.0,True,-0.3262071907520294,UNRANKED,,False,,,
2015-07-29,2015-07-30,2015-07-31,NOW,XLK,15.696000099182129,15.197999954223633,16.04228619166783,1,stop_loss,SHORT,SHORT,0.48037706315517426,0.5002126693725586,0.4605414569377899,0.5002126693725586,0.5541955828666687,51.962293684482574,0.5100558400154114,1,True,False,True,52.0,True,0.1993986368179321,UNRANKED,,False,,,
2015-07-30,2015-07-31,2015-08-04,NOW,XLK,16.04800033569336,15.390000343322754,15.630571365356445,2,take_profit,SHORT,SHORT,0.45198389887809753,0.5002126693725586,0.4037551283836365,0.5002126693725586,0.6351531744003296,54.80161011219025,0.5100558400154114,1,True,False,True,52.0,True,-0.1696505844593046,UNRANKED,,False,,,
2015-07-31,2015-08-03,2015-08-04,NOW,XLK,16.100000381469727,15.317999839782715,15.671428680419922,1,take_profit,SHORT,SHORT,0.43288853764533997,0.49024003744125366,0.37553703784942627,0.49024003744125366,0.5141310095787048,56.711146235466,0.5100558400154114,1,True,False,True,52.0,True,-0.3135472536087036,UNRANKED,,False,,,
2015-08-03,2015-08-04,2015-08-06,NOW,XLK,15.855999946594238,15.333999633789062,15.411999702453613,2,take_profit,SHORT,SHORT,0.4855799525976181,0.5002126693725586,0.4709472358226776,0.5002126693725586,0.5239430069923401,51.44200474023819,0.5100558400154114,1,True,False,True,52.0,True,0.3365767896175385,UNRANKED,,False,,,
2015-08-04,2015-08-05,2015-08-12,NOW,XLK,15.644000053405762,15.369999885559082,15.369999885559082,5,time_exit,LONG,LONG,0.5029533803462982,0.5021945238113403,0.5037122368812561,0.5021945238113403,0.5690299868583679,50.29533803462982,0.5100558400154114,2,False,True,True,52.0,True,0.37511527538299555,UNRANKED,,False,,,
2015-08-05,2015-08-06,2015-08-13,NOW,XLK,15.656000137329102,15.140000343322754,15.205428395952497,5,stop_loss,LONG,LONG,0.5038032084703445,0.49960193037986755,0.5080044865608215,0.49960193037986755,0.4967437982559204,50.380320847034454,0.5100558400154114,2,False,True,True,52.0,True,0.38195523619651806,UNRANKED,,False,,,
2015-08-06,2015-08-07,2015-08-14,NOW,XLK,15.182000160217285,15.326000213623047,15.326000213623047,5,time_exit,SHORT,SHORT,0.49290236830711365,0.5021945238113403,0.48361021280288696,0.5021945238113403,0.6074641942977905,50.709763169288635,0.5100558400154114,2,False,True,True,52.0,True,0.1485693752765657,UNRANKED,,False,,,
2015-08-07,2015-08-10,2015-08-17,NOW,XLK,15.508000373840332,15.449999809265137,15.449999809265137,5,time_exit,SHORT,SHORT,0.49236293137073517,0.4872748553752899,0.4974510073661804,0.4872748553752899,0.5089145302772522,50.76370686292648,0.5077741146087646,2,False,True,True,56.5,True,-0.08508548140525812,UNRANKED,,False,,,
2015-08-10,2015-08-11,2015-08-18,NOW,XLK,15.15999984741211,15.178000450134277,15.178000450134277,5,time_exit,LONG,LONG,0.5100856125354767,0.522720217704773,0.4974510073661804,0.522720217704773,0.4588512182235718,51.00856125354767,0.5077741146087646,1,True,True,False,56.5,True,-0.42426955699920654,UNRANKED,,False,,,
2015-08-11,2015-08-12,2015-08-19,NOW,XLK,15.180000305175781,15.12600040435791,15.12600040435791,5,time_exit,LONG,LONG,0.5094351470470428,0.5214192867279053,0.4974510073661804,0.5214192867279053,0.47486215829849243,50.943514704704285,0.5077741146087646,1,True,True,False,56.5,True,-0.47355410456657404,UNRANKED,,False,,,
2015-08-12,2015-08-13,2015-08-20,NOW,XLK,15.342000007629395,14.062000274658203,14.812571116856166,5,stop_loss,LONG,LONG,0.5111117959022522,0.524772584438324,0.4974510073661804,0.524772584438324,0.5183976888656616,51.11117959022522,0.5077741146087646,1,True,True,False,56.5,True,-0.40072101354599,UNRANKED,,False,,,
2015-08-13,2015-08-14,2015-08-20,NOW,XLK,15.100000381469727,13.982000350952148,14.584000178745814,4,take_profit,SHORT,SHORT,0.488095760345459,0.47874051332473755,0.4974510073661804,0.47874051332473755,0.5289689898490906,51.1904239654541,0.5077741146087646,1,True,False,True,56.5,True,-0.1619415283203125,UNRANKED,,False,,,
2015-08-14,2015-08-17,2015-08-20,NOW,XLK,15.206000328063965,13.600000381469727,14.757714544023786,3,stop_loss,LONG,LONG,0.5051232278347015,0.5127954483032227,0.4974510073661804,0.5127954483032227,0.4895552694797516,50.512322783470154,0.5077741146087646,2,False,True,True,56.5,True,-0.2238643169403076,UNRANKED,,False,,,
2015-08-17,2015-08-18,2015-08-20,NOW,XLK,15.456000328063965,13.734000205993652,15.055428913661412,2,take_profit,SHORT,SHORT,0.4980420470237732,0.49863308668136597,0.4974510073661804,0.49863308668136597,0.5010165572166443,50.19579529762268,0.5077741146087646,2,False,True,True,56.5,True,-0.0039001107215880584,UNRANKED,,False,,,
2015-08-18,2015-08-19,2015-08-20,NOW,XLK,15.300000190734863,14.281999588012695,14.879143169948033,1,stop_loss,LONG,LONG,0.5123707056045532,0.527290403842926,0.4974510073661804,0.527290403842926,0.4765063226222992,51.23707056045532,0.5077741146087646,1,True,True,False,56.5,True,0.06797182559967041,UNRANKED,,False,,,
2015-08-19,2015-08-20,2015-08-21,NOW,XLK,14.97599983215332,14.472000122070312,14.634857041495186,1,stop_loss,LONG,LONG,0.5219222009181976,0.5463933944702148,0.4974510073661804,0.5463933944702148,0.44228866696357727,52.19222009181976,0.5077741146087646,1,True,True,False,56.5,True,0.24577224254608157,UNRANKED,,False,,,
2015-08-20,2015-08-21,2015-08-27,NOW,XLK,13.88599967956543,14.508000373840332,14.363999775477819,4,take_profit,LONG,LONG,0.5400513708591461,0.5826517343521118,0.4974510073661804,0.5826517343521118,0.4500906765460968,54.00513708591461,0.5077741146087646,1,True,True,False,56.5,True,1.0211741924285886,UNRANKED,,False,,,
2015-08-21,2015-08-24,2015-08-25,NOW,XLK,13.194000244140625,14.192000389099121,13.644857406616211,1,take_profit,LONG,LONG,0.5405020117759705,0.5954316258430481,0.4855723977088928,0.5954316258430481,0.4449319541454315,54.050201177597046,0.5077741146087646,1,True,True,False,56.5,True,0.8403388261795045,UNRANKED,,False,,,
2015-08-24,2015-08-25,2015-09-01,NOW,XLK,14.15999984741211,13.784000396728516,13.784000396728516,5,time_exit,LONG,LONG,0.5400323569774628,0.5944923162460327,0.4855723977088928,0.5944923162460327,0.4800783693790436,54.00323569774628,0.5077741146087646,1,True,True,False,56.5,True,2.018200278282165,UNRANKED,,False,,,
2015-08-25,2015-08-26,2015-09-02,NOW,XLK,14.067999839782715,13.989999771118164,13.989999771118164,5,time_exit,LONG,LONG,0.5589915215969086,0.5814444422721863,0.5365386009216309,0.5814444422721863,0.5078585743904114,55.89915215969086,0.5077741146087646,1,True,True,False,56.5,True,0.8247653245925906,UNRANKED,,False,,,
2015-08-26,2015-08-27,2015-09-01,NOW,XLK,14.387999534606934,14.244000434875488,13.903999737330846,3,stop_loss,LONG,LONG,0.5198869407176971,0.5298842191696167,0.5098896622657776,0.5298842191696167,0.4735736548900604,51.988694071769714,0.5077741146087646,1,True,True,False,56.5,True,0.2510283142328264,UNRANKED,,False,,,
2015-08-27,2015-08-28,2015-09-01,NOW,XLK,14.472000122070312,13.958000183105469,13.988286018371582,2,take_profit,SHORT,SHORT,0.4644816666841507,0.45292091369628906,0.47604241967201233,0.45292091369628906,0.6001054048538208,53.55183333158493,0.5077741146087646,1,True,False,True,56.5,True,-0.8763505965471269,UNRANKED,,False,,,
2015-08-28,2015-08-31,2015-09-01,NOW,XLK,14.430000305175781,14.666000366210938,13.951429094587054,1,stop_loss,LONG,LONG,0.5135419070720673,0.5171941518783569,0.5098896622657776,0.5171941518783569,0.5615284442901611,51.354190707206726,0.5077741146087646,1,True,True,False,56.5,True,1.0480283051729204,UNRANKED,,False,,,
2015-08-31,2015-09-01,2015-09-08,NOW,XLK,13.918000221252441,14.404000282287598,14.43942860194615,4,take_profit,LONG,LONG,0.5305010080337524,0.524463415145874,0.5365386009216309,0.524463415145874,0.5520251393318176,53.050100803375244,0.5077741146087646,1,True,True,False,56.5,True,1.5237740874290466,UNRANKED,,False,,,
2015-09-01,2015-09-02,2015-09-08,NOW,XLK,13.913999557495117,14.531999588012695,14.488570758274623,3,take_profit,LONG,LONG,0.5354675352573395,0.5343964695930481,0.5365386009216309,0.5343964695930481,0.46769002079963684,53.54675352573395,0.5077741146087646,1,True,True,False,56.5,True,2.0965672731399536,UNRANKED,,False,,,
2015-09-02,2015-09-03,2015-09-08,NOW,XLK,14.067999839782715,14.720000267028809,14.639142445155553,2,take_profit,LONG,LONG,0.5511254668235779,0.5657123327255249,0.5365386009216309,0.5657123327255249,0.4967939257621765,55.11254668235779,0.5077741146087646,1,True,True,False,56.5,True,2.7542417645454407,UNRANKED,,False,,,
2015-09-03,2015-09-04,2015-09-08,NOW,XLK,14.041999816894531,14.711999893188477,14.62285682133266,1,take_profit,LONG,LONG,0.5486562550067902,0.5607739090919495,0.5365386009216309,0.5607739090919495,0.5830937623977661,54.865625500679016,0.5077741146087646,1,True,True,False,56.5,True,2.5958970040082936,UNRANKED,,False,,,
2015-09-04,2015-09-08,2015-09-15,NOW,XLK,14.196000099182129,14.85200023651123,14.800000054495674,5,take_profit,LONG,LONG,0.5374082326889038,0.5382778644561768,0.5365386009216309,0.5382778644561768,0.5979619026184082,53.74082326889038,0.5077741146087646,1,True,True,False,56.5,True,1.819103181362152,UNRANKED,,False,,,
2015-09-08,2015-09-09,2015-09-16,NOW,XLK,14.75,14.788000106811523,14.788000106811523,5,time_exit,LONG,LONG,0.5230047702789307,0.5094709396362305,0.5365386009216309,0.5094709396362305,0.560296893119812,52.300477027893066,0.5077741146087646,1,True,True,False,56.5,True,1.6117478907108307,UNRANKED,,False,,,
2015-09-09,2015-09-10,2015-09-17,NOW,XLK,14.32800006866455,14.92199993133545,14.92199993133545,5,time_exit,LONG,LONG,0.5098234713077545,0.5165884494781494,0.5030584931373596,0.5165884494781494,0.5727531313896179,50.98234713077545,0.5077741146087646,1,True,True,False,56.5,True,1.251820594072342,UNRANKED,,False,,,
2015-09-10,2015-09-11,2015-09-18,NOW,XLK,14.550000190734863,14.871999740600586,14.871999740600586,5,time_exit,LONG,LONG,0.5145407319068909,0.5260229706764221,0.5030584931373596,0.5260229706764221,0.6069269776344299,51.45407319068909,0.5077741146087646,1,True,True,False,56.5,True,1.207426592707634,HIGH,,True,5.6353895067791875,1.0,0.19287757056785407
2015-09-11,2015-09-14,2015-09-21,NOW,XLK,14.71399974822998,14.881999969482422,14.881999969482422,5,time_exit,LONG,LONG,0.5098642110824585,0.5222774147987366,0.4974510073661804,0.5222774147987366,0.5845029950141907,50.98642110824585,0.5077741146087646,1,True,True,False,56.5,True,0.724343180656433,UNRANKED,,False,,,
2015-09-14,2015-09-15,2015-09-22,NOW,XLK,14.729999542236328,14.612000465393066,14.612000465393066,5,time_exit,LONG,LONG,0.5159859359264374,0.5345208644866943,0.4974510073661804,0.5345208644866943,0.51534503698349,51.59859359264374,0.5077741146087646,1,True,True,False,56.5,True,0.9657331109046936,UNRANKED,,False,,,
2015-09-15,2015-09-16,2015-09-23,NOW,XLK,14.881999969482422,14.597999572753906,14.597999572753906,5,time_exit,SHORT,SHORT,0.4925162047147751,0.48758140206336975,0.4974510073661804,0.48758140206336975,0.5724888443946838,50.74837952852249,0.5077741146087646,2,False,True,True,56.5,True,1.0515197217464447,UNRANKED,,False,,,
2015-09-16,2015-09-17,2015-09-24,NOW,XLK,14.722000122070312,14.423999786376953,14.423999786376953,5,time_exit,SHORT,SHORT,0.4981878995895386,0.48609310388565063,0.5102826952934265,0.48609310388565063,0.5971451997756958,50.18121004104614,0.5077741146087646,2,False,True,True,56.5,True,1.3297013193368912,UNRANKED,,False,,,
2015-09-17,2015-09-18,2015-09-25,NOW,XLK,14.744000434875488,14.571999549865723,14.571999549865723,5,time_exit,LONG,LONG,0.5030182898044586,0.5085855722427368,0.4974510073661804,0.5085855722427368,0.5455927848815918,50.30182898044586,0.5077741146087646,2,False,True,True,56.5,True,0.03674182295799258,UNRANKED,,False,,,
2015-09-18,2015-09-21,2015-09-24,NOW,XLK,14.956000328063965,13.805999755859375,14.505714416503906,3,stop_loss,LONG,LONG,0.5068037211894989,0.5161564350128174,0.4974510073661804,0.5161564350128174,0.5369601249694824,50.68037211894989,0.5077741146087646,2,False,True,True,56.5,True,0.18353500962257369,UNRANKED,,False,,,
2015-09-21,2015-09-22,2015-09-28,NOW,XLK,14.654000282287598,13.788000106811523,14.247428621564593,4,stop_loss,LONG,LONG,0.5114249587059021,0.5253989100456238,0.4974510073661804,0.5253989100456238,0.5547332167625427,51.14249587059021,0.5077741146087646,1,True,True,False,56.5,True,0.4088367223739623,UNRANKED,,False,,,
2015-09-22,2015-09-23,2015-09-28,NOW,XLK,14.63599967956543,13.890000343322754,14.249142374311175,3,stop_loss,LONG,LONG,0.5160591900348663,0.5346673727035522,0.4974510073661804,0.5346673727035522,0.5414484143257141,51.60591900348663,0.5077741146087646,1,True,True,False,56.5,True,0.5456231236457826,UNRANKED,,False,,,
2015-09-23,2015-09-24,2015-09-28,NOW,XLK,14.538000106811523,14.315999984741211,14.178571156093053,2,stop_loss,LONG,LONG,0.512166827917099,0.5268826484680176,0.4974510073661804,0.5268826484680176,0.5040306448936462,51.2166827917099,0.5077741146087646,1,True,True,False,56.5,True,0.26211485266685486,UNRANKED,,False,,,
2015-09-24,2015-09-25,2015-09-28,NOW,XLK,14.62600040435791,14.446000099182129,14.278000150408063,1,stop_loss,LONG,LONG,0.5046132504940033,0.5117754936218262,0.4974510073661804,0.5117754936218262,0.47576069831848145,50.46132504940033,0.5077741146087646,2,False,True,True,56.5,True,0.2846283018589021,UNRANKED,,False,,,
2015-09-25,2015-09-28,2015-09-29,NOW,XLK,14.526000022888184,15.293999671936035,14.197714124407087,1,stop_loss,LONG,LONG,0.5028722286224365,0.5082934498786926,0.4974510073661804,0.5082934498786926,0.5034440755844116,50.28722286224365,0.5077741146087646,2,False,True,True,56.5,True,0.07289347052574172,UNRANKED,,False,,,
2015-09-28,2015-09-29,2015-10-01,NOW,XLK,13.793999671936035,14.916000366210938,14.130571229117256,2,take_profit,LONG,LONG,0.5057784914970398,0.5141059756278992,0.4974510073661804,0.5141059756278992,0.4512456953525543,50.57784914970398,0.5077741146087646,2,False,True,True,56.5,True,0.13846749067306513,UNRANKED,,False,,,
2015-09-29,2015-09-30,2015-10-01,NOW,XLK,13.944000244140625,14.994000434875488,14.245714596339635,1,take_profit,LONG,LONG,0.5092978477478027,0.521144688129425,0.4974510073661804,0.521144688129425,0.47189608216285706,50.92978477478027,0.5077741146087646,1,True,True,False,56.5,True,-0.06579577922821052,UNRANKED,,False,,,
2015-09-30,2015-10-01,2015-10-02,NOW,XLK,13.82800006866455,14.604000091552734,14.126000268118721,1,take_profit,LONG,LONG,0.5205398201942444,0.5380211472511292,0.5030584931373596,0.5380211472511292,0.43286800384521484,52.05398201942444,0.5077741146087646,1,True,True,False,56.5,True,1.097347468137741,UNRANKED,,False,,,
2015-10-01,2015-10-02,2015-10-05,NOW,XLK,14.069999694824219,14.883999824523926,14.401999746050153,1,take_profit,LONG,LONG,0.5167979001998901,0.5361447930335999,0.4974510073661804,0.5361447930335999,0.44432175159454346,51.679790019989014,0.5077741146087646,1,True,True,False,56.5,True,0.41902048885822296,UNRANKED,,False,,,
2015-10-02,2015-10-05,2015-10-06,NOW,XLK,14.52400016784668,14.855999946594238,14.873428753444127,1,take_profit,LONG,LONG,0.5243566632270813,0.5384306311607361,0.5102826952934265,0.5384306311607361,0.4492766559123993,52.43566632270813,0.5077741146087646,1,True,True,False,56.5,True,0.19062489271163968,UNRANKED,,False,,,
2015-10-05,2015-10-06,2015-10-08,NOW,XLK,15.180000305175781,14.831999778747559,14.729428972516741,2,stop_loss,LONG,LONG,0.5010721832513809,0.48625800013542175,0.5158863663673401,0.48625800013542175,0.4512900710105896,50.10721832513809,0.5077741146087646,2,False,True,True,56.5,True,-0.4121496826410293,UNRANKED,,False,,,
2015-10-06,2015-10-07,2015-10-14,NOW,XLK,15.045999526977539,14.779999732971191,14.779999732971191,5,time_exit,LONG,LONG,0.5260958671569824,0.5491332411766052,0.5030584931373596,0.5491332411766052,0.4616212844848633,52.60958671569824,0.5077741146087646,1,True,True,False,56.5,True,0.7712705582380295,UNRANKED,,False,,,
2015-10-07,2015-10-08,2015-10-15,NOW,XLK,14.986000061035156,15.128000259399414,15.128000259399414,5,time_exit,LONG,LONG,0.5032168030738831,0.5033751130104065,0.5030584931373596,0.5033751130104065,0.5294829607009888,50.321680307388306,0.5077741146087646,2,False,True,True,56.5,True,0.7609932571649553,UNRANKED,,False,,,
2015-10-08,2015-10-09,2015-10-16,NOW,XLK,14.62399959564209,15.291999816894531,15.159999438694545,5,take_profit,LONG,LONG,0.5221028327941895,0.5411471724510193,0.5030584931373596,0.5411471724510193,0.44928985834121704,52.210283279418945,0.5077741146087646,1,True,True,False,56.5,True,0.4349028766155243,UNRANKED,,False,,,
2015-10-09,2015-10-12,2015-10-19,NOW,XLK,14.868000030517578,15.157999992370605,15.157999992370605,5,time_exit,LONG,LONG,0.5220670998096466,0.5410757064819336,0.5030584931373596,0.5410757064819336,0.4653392732143402,52.20670998096466,0.5077741146087646,1,True,True,False,56.5,True,0.6440676748752595,UNRANKED,,False,,,
2015-10-12,2015-10-13,2015-10-20,NOW,XLK,14.815999984741211,14.946000099182129,14.946000099182129,5,time_exit,LONG,LONG,0.5171551704406738,0.531251847743988,0.5030584931373596,0.531251847743988,0.5423711538314819,51.71551704406738,0.5077741146087646,1,True,True,False,56.5,True,0.7104835510253907,UNRANKED,,False,,,
2015-10-13,2015-10-14,2015-10-21,NOW,XLK,14.803999900817871,14.604000091552734,14.604000091552734,5,time_exit,LONG,LONG,0.526158481836319,0.5492584705352783,0.5030584931373596,0.5492584705352783,0.5015771389007568,52.6158481836319,0.5077741146087646,1,True,True,False,56.5,True,0.8845907747745513,UNRANKED,,False,,,
2015-10-14,2015-10-15,2015-10-22,NOW,XLK,14.79800033569336,15.59000015258789,15.322000094822474,5,take_profit,LONG,LONG,0.5110986232757568,0.519138753414154,0.5030584931373596,0.519138753414154,0.5373928546905518,51.109862327575684,0.5077741146087646,1,True,True,False,56.5,True,0.7101231813430786,UNRANKED,,False,,,
2015-10-15,2015-10-16,2015-10-23,NOW,XLK,15.076000213623047,15.777999877929688,15.628571510314941,5,take_profit,LONG,LONG,0.514189749956131,0.5253210067749023,0.5030584931373596,0.5253210067749023,0.4871322214603424,51.4189749956131,0.5077741146087646,1,True,True,False,56.5,True,0.9803489446640015,UNRANKED,,False,,,
2015-10-16,2015-10-19,2015-10-21,NOW,XLK,15.267999649047852,15.760000228881836,14.801428386143275,2,stop_loss,LONG,LONG,0.5140998661518097,0.5251412391662598,0.5030584931373596,0.5251412391662598,0.46605077385902405,51.40998661518097,0.5077741146087646,1,True,True,False,56.5,True,0.5154919624328613,UNRANKED,,False,,,
2015-10-19,2015-10-20,2015-10-21,NOW,XLK,15.184000015258789,16.034000396728516,14.700857298714775,1,stop_loss,LONG,LONG,0.507739394903183,0.532285749912262,0.483193039894104,0.532285749912262,0.4864990711212158,50.7739394903183,0.5077741146087646,2,False,True,True,56.5,True,-1.2051347196102142,UNRANKED,,False,,,
2015-10-20,2015-10-21,2015-10-22,NOW,XLK,14.98799991607666,16.43000030517578,15.486856869288854,1,take_profit,LONG,LONG,0.5124660134315491,0.5417389869689941,0.483193039894104,0.5417389869689941,0.4664125144481659,51.24660134315491,0.5077741146087646,1,True,True,False,56.5,True,-0.9352397322654724,UNRANKED,,False,,,
2015-10-21,2015-10-22,2015-10-23,NOW,XLK,14.461999893188477,16.312000274658203,14.948856898716517,1,stop_loss,SHORT,SHORT,0.49556058645248413,0.5079281330108643,0.483193039894104,0.5079281330108643,0.4832843542098999,50.44394135475159,0.5077741146087646,2,False,True,True,56.5,True,-0.9804211854934689,UNRANKED,,False,,,
2015-10-22,2015-10-23,2015-10-28,NOW,XLK,15.637999534606934,16.329999923706055,16.247142246791295,3,take_profit,LONG,LONG,0.5001425892114639,0.49722668528556824,0.5030584931373596,0.49722668528556824,0.5588185787200928,50.01425892114639,0.5077741146087646,2,False,True,True,56.5,True,-0.3857049196958541,UNRANKED,,False,,,
2015-10-23,2015-10-26,2015-10-28,NOW,XLK,15.77400016784668,16.40399932861328,16.288857187543595,2,take_profit,LONG,LONG,0.5014009475708008,0.49974340200424194,0.5030584931373596,0.49974340200424194,0.6084803342819214,50.14009475708008,0.5077741146087646,2,False,True,True,56.5,True,0.37256509065628063,HIGH,,True,1.3835126979878583,1.0,-0.009322008625532407
2015-10-26,2015-10-27,2015-10-28,NOW,XLK,15.673999786376953,16.506000518798828,16.137428283691406,1,take_profit,LONG,LONG,0.5105113685131073,0.517964243888855,0.5030584931373596,0.517964243888855,0.5880662202835083,51.05113685131073,0.5077741146087646,1,True,True,False,56.5,True,0.4485940635204315,UNRANKED,,False,,,
2015-10-27,2015-10-28,2015-11-04,NOW,XLK,16.016000747680664,16.76799964904785,16.50742925916399,5,stop_loss,SHORT,SHORT,0.49337054789066315,0.4836826026439667,0.5030584931373596,0.4836826026439667,0.6270282864570618,50.662945210933685,0.5077741146087646,2,False,True,True,56.5,True,0.8805031031370163,UNRANKED,,False,,,
2015-10-28,2015-10-29,2015-11-05,NOW,XLK,16.402000427246094,16.781999588012695,16.781999588012695,5,time_exit,SHORT,SHORT,0.49370400607585907,0.4843495190143585,0.5030584931373596,0.4843495190143585,0.6185195446014404,50.62959939241409,0.5077741146087646,2,False,True,True,56.5,True,0.6791780889034272,UNRANKED,,False,,,
2015-10-29,2015-10-30,2015-11-06,NOW,XLK,16.38800048828125,17.04800033569336,16.857143265860422,5,stop_loss,SHORT,SHORT,0.4903303235769272,0.47760215401649475,0.5030584931373596,0.47760215401649475,0.5718506574630737,50.96696764230728,0.5077741146087646,1,True,False,True,56.5,True,0.6737475544214248,UNRANKED,,False,,,
2015-10-30,2015-11-02,2015-11-06,NOW,XLK,16.336000442504883,16.920000076293945,16.80371461595808,4,take_profit,LONG,LONG,0.5016883015632629,0.5003181099891663,0.5030584931373596,0.5003181099891663,0.581807553768158,50.168830156326294,0.5077741146087646,2,False,True,True,56.5,True,0.5914139002561569,UNRANKED,,False,,,
2015-11-02,2015-11-03,2015-11-06,NOW,XLK,16.399999618530273,16.829999923706055,16.874856540134974,3,take_profit,LONG,LONG,0.5123891830444336,0.5217198729515076,0.5030584931373596,0.5217198729515076,0.48234131932258606,51.23891830444336,0.5077741146087646,1,True,True,False,56.5,True,0.22688597440719582,UNRANKED,,False,,,
2015-11-03,2015-11-04,2015-11-06,NOW,XLK,16.534000396728516,16.780000686645508,17.0160003389631,2,stop_loss,SHORT,SHORT,0.49836379289627075,0.5135345458984375,0.483193039894104,0.5135345458984375,0.4866921305656433,50.163620710372925,0.5077741146087646,2,False,True,True,56.5,True,-1.70937417447567,UNRANKED,,False,,,
2015-11-04,2015-11-05,2015-11-12,NOW,XLK,16.645999908447266,16.899999618530273,16.899999618530273,5,time_exit,LONG,LONG,0.5120255947113037,0.5408581495285034,0.483193039894104,0.5408581495285034,0.47160372138023376,51.20255947113037,0.5077741146087646,1,True,True,False,56.5,True,-0.6479632556438446,UNRANKED,,False,,,
2015-11-05,2015-11-06,2015-11-13,NOW,XLK,16.823999404907227,16.576000213623047,16.576000213623047,5,time_exit,SHORT,SHORT,0.49964451789855957,0.5160959959030151,0.483193039894104,0.5160959959030151,0.4489235579967499,50.03554821014404,0.5077741146087646,2,False,True,True,56.5,True,-0.6191151440143586,UNRANKED,,False,,,
2015-11-06,2015-11-09,2015-11-16,NOW,XLK,17.0,16.874000549316406,16.874000549316406,5,time_exit,LONG,LONG,0.5050455033779144,0.5268979668617249,0.483193039894104,0.5268979668617249,0.4491836130619049,50.50455033779144,0.5077741146087646,2,False,True,True,56.5,True,-0.8638444691896439,UNRANKED,,False,,,
2015-11-09,2015-11-10,2015-11-17,NOW,XLK,16.746000289916992,16.98200035095215,16.98200035095215,5,time_exit,LONG,LONG,0.5111051201820374,0.5390172004699707,0.483193039894104,0.5390172004699707,0.41816219687461853,51.110512018203735,0.5077741146087646,1,True,True,False,56.5,True,-0.5776832848787308,UNRANKED,,False,,,
2015-11-10,2015-11-11,2015-11-18,NOW,XLK,16.799999237060547,17.149999618530273,17.149999618530273,5,time_exit,LONG,LONG,0.5264354050159454,0.5498123168945312,0.5030584931373596,0.5498123168945312,0.4316036105155945,52.64354050159454,0.5077741146087646,1,True,True,False,56.5,True,-0.045186340808868464,UNRANKED,,False,,,
2015-11-11,2015-11-12,2015-11-18,NOW,XLK,16.697999954223633,17.149999618530273,16.983428410121373,4,take_profit,LONG,LONG,0.5331038534641266,0.5631492137908936,0.5030584931373596,0.5631492137908936,0.4973582923412323,53.31038534641266,0.5077741146087646,1,True,True,False,56.5,True,0.39844259619712846,UNRANKED,,False,,,
2015-11-12,2015-11-13,2015-11-18,NOW,XLK,16.808000564575195,17.238000869750977,17.083714621407644,3,take_profit,LONG,LONG,0.5158338844776154,0.5286092758178711,0.5030584931373596,0.5286092758178711,0.4679287374019623,51.583388447761536,0.5077741146087646,1,True,True,False,56.5,True,0.6669729351997377,UNRANKED,,False,,,
2015-11-13,2015-11-16,2015-11-17,NOW,XLK,16.513999938964844,17.29199981689453,16.833428246634348,1,take_profit,LONG,LONG,0.5124828815460205,0.5219072699546814,0.5030584931373596,0.5219072699546814,0.4855680763721466,51.24828815460205,0.5077741146087646,1,True,True,False,56.5,True,0.2712215185165406,UNRANKED,,False,,,
2015-11-16,2015-11-17,2015-11-20,NOW,XLK,16.8799991607666,17.34000015258789,17.202856063842773,3,take_profit,LONG,LONG,0.5088880658149719,0.5203251242637634,0.4974510073661804,0.5203251242637634,0.46737805008888245,50.88880658149719,0.5077741146087646,1,True,True,False,56.5,True,0.2002692222595215,UNRANKED,,False,,,
2015-11-17,2015-11-18,2015-11-23,NOW,XLK,17.0,17.378000259399414,17.281714030674525,3,take_profit,LONG,LONG,0.505963534116745,0.5144760608673096,0.4974510073661804,0.5144760608673096,0.514689564704895,50.5963534116745,0.5077741146087646,2,False,True,True,56.5,True,-0.028720617294311548,UNRANKED,,False,,,
2015-11-18,2015-11-19,2015-11-27,NOW,XLK,17.200000762939453,17.45800018310547,17.45800018310547,5,time_exit,LONG,LONG,0.5130803287029266,0.5287096500396729,0.4974510073661804,0.5287096500396729,0.4901123344898224,51.308032870292664,0.5077741146087646,1,True,True,False,56.5,True,0.2674004137516022,UNRANKED,,False,,,
2015-11-19,2015-11-20,2015-11-30,NOW,XLK,17.22800064086914,17.402000427246094,17.402000427246094,5,time_exit,LONG,LONG,0.512574315071106,0.5276976227760315,0.4974510073661804,0.5276976227760315,0.4300408959388733,51.257431507110596,0.5077741146087646,1,True,True,False,56.5,True,-0.08118173480033868,UNRANKED,,False,,,
2015-11-20,2015-11-23,2015-12-01,NOW,XLK,17.214000701904297,17.29400062561035,17.29400062561035,5,time_exit,LONG,LONG,0.5071925222873688,0.5169340372085571,0.4974510073661804,0.5169340372085571,0.42909133434295654,50.71925222873688,0.5077741146087646,2,False,True,True,56.5,True,0.29403483867645264,UNRANKED,,False,,,
2015-11-23,2015-11-24,2015-11-27,NOW,XLK,17.142000198364258,17.506000518798828,17.42342839922224,2,take_profit,LONG,LONG,0.505343109369278,0.5132352113723755,0.4974510073661804,0.5132352113723755,0.42411938309669495,50.534310936927795,0.5077741146087646,2,False,True,True,56.5,True,-0.024545550346374585,UNRANKED,,False,,,
2015-11-24,2015-11-25,2015-12-03,NOW,XLK,17.333999633789062,17.618000030517578,17.584856578281947,5,take_profit,LONG,LONG,0.5128501057624817,0.528249204158783,0.4974510073661804,0.528249204158783,0.426322877407074,51.28501057624817,0.5077741146087646,1,True,True,False,56.5,True,0.5531113743782045,UNRANKED,,False,,,
2015-11-25,2015-11-27,2015-12-03,NOW,XLK,17.347999572753906,17.99799919128418,17.60228511265346,4,take_profit,LONG,LONG,0.5005616843700409,0.5036723613739014,0.4974510073661804,0.5036723613739014,0.4359726011753082,50.05616843700409,0.5077741146087646,2,False,True,True,56.5,True,0.635017603635788,UNRANKED,,False,,,
2015-11-27,2015-11-30,2015-12-04,NOW,XLK,17.516000747680664,17.59600067138672,17.74371474129813,4,take_profit,LONG,LONG,0.5075291991233826,0.5176073908805847,0.4974510073661804,0.5176073908805847,0.4595349431037903,50.75291991233826,0.5077741146087646,2,False,True,True,56.5,True,0.5794667303562164,UNRANKED,,False,,,
2015-11-30,2015-12-01,2015-12-04,NOW,XLK,17.45400047302246,17.54400062561035,17.671428680419922,3,take_profit,LONG,LONG,0.5107240080833435,0.5239970088005066,0.4974510073661804,0.5239970088005066,0.40236273407936096,51.07240080833435,0.5077741146087646,1,True,True,False,56.5,True,0.49090999364852905,UNRANKED,,False,,,
2015-12-01,2015-12-02,2015-12-04,NOW,XLK,17.399999618530273,17.219999313354492,17.619999204363143,2,take_profit,LONG,LONG,0.5128948986530304,0.5227313041687012,0.5030584931373596,0.5227313041687012,0.426216185092926,51.28948986530304,0.5077741146087646,1,True,True,False,56.5,True,0.22262209653854367,UNRANKED,,False,,,
2015-12-02,2015-12-03,2015-12-04,NOW,XLK,17.663999557495117,17.38800048828125,17.907142094203405,1,stop_loss,SHORT,SHORT,0.49926134943962097,0.5010716915130615,0.4974510073661804,0.5010716915130615,0.48065003752708435,50.0738650560379,0.5077741146087646,2,False,True,True,56.5,True,0.4535867273807526,UNRANKED,,False,,,
2015-12-03,2015-12-04,2015-12-09,NOW,XLK,17.6200008392334,16.697999954223633,17.378001076834543,3,take_profit,SHORT,SHORT,0.49514831602573395,0.4928456246852875,0.4974510073661804,0.4928456246852875,0.5608904957771301,50.485168397426605,0.5077741146087646,2,False,True,True,56.5,True,0.7780490219593049,UNRANKED,,False,,,
2015-12-04,2015-12-07,2015-12-08,NOW,XLK,17.9060001373291,16.714000701904297,17.65600040980748,1,stop_loss,LONG,LONG,0.5047845542430878,0.5065106153488159,0.5030584931373596,0.5065106153488159,0.4635263979434967,50.47845542430878,0.5077741146087646,2,False,True,True,56.5,True,0.5570432841777802,UNRANKED,,False,,,
2015-12-07,2015-12-08,2015-12-11,NOW,XLK,17.413999557495117,17.1200008392334,17.149142946515763,3,stop_loss,LONG,LONG,0.5042618811130524,0.5054652690887451,0.5030584931373596,0.5054652690887451,0.46985363960266113,50.42618811130524,0.5077741146087646,2,False,True,True,56.5,True,0.5846959054470062,UNRANKED,,False,,,
2015-12-08,2015-12-09,2015-12-11,NOW,XLK,17.45599937438965,17.47800064086914,17.199142728533065,2,stop_loss,LONG,LONG,0.5088783204555511,0.5146981477737427,0.5030584931373596,0.5146981477737427,0.44256195425987244,50.887832045555115,0.5077741146087646,1,True,True,False,56.5,True,0.6701115667819978,UNRANKED,,False,,,
2015-12-09,2015-12-10,2015-12-11,NOW,XLK,17.214000701904297,17.45400047302246,16.934858049665177,1,stop_loss,LONG,LONG,0.5091140568256378,0.515169620513916,0.5030584931373596,0.515169620513916,0.4365145266056061,50.91140568256378,0.5077741146087646,1,True,True,False,56.5,True,0.575055718421936,UNRANKED,,False,,,
2015-12-10,2015-12-11,2015-12-14,NOW,XLK,17.194000244140625,17.145999908447266,16.890857424054825,1,stop_loss,LONG,LONG,0.5114409625530243,0.519823431968689,0.5030584931373596,0.519823431968689,0.47259753942489624,51.14409625530243,0.5077741146087646,1,True,True,False,56.5,True,0.7056478559970856,UNRANKED,,False,,,
2015-12-11,2015-12-14,2015-12-15,NOW,XLK,16.694000244140625,17.40399932861328,17.083142961774552,1,stop_loss,SHORT,SHORT,0.49031852185726166,0.4775785505771637,0.5030584931373596,0.4775785505771637,0.486745685338974,50.968147814273834,0.5077741146087646,1,True,False,True,56.5,True,0.845299154520035,UNRANKED,,False,,,
2015-12-14,2015-12-15,2015-12-16,NOW,XLK,16.805999755859375,17.29599952697754,17.189714159284318,1,take_profit,LONG,LONG,0.5058982968330383,0.508738100528717,0.5030584931373596,0.508738100528717,0.5073058009147644,50.58982968330383,0.5077741146087646,2,False,True,True,56.5,True,0.6213152408599855,UNRANKED,,False,,,
2015-12-15,2015-12-16,2015-12-23,NOW,XLK,17.197999954223633,17.378000259399414,17.378000259399414,5,time_exit,LONG,LONG,0.5061222612857819,0.5147935152053833,0.4974510073661804,0.5147935152053833,0.4922787547111511,50.612226128578186,0.5077741146087646,2,False,True,True,56.5,True,-0.22176584601402297,UNRANKED,,False,,,
2015-12-16,2015-12-17,2015-12-24,NOW,XLK,17.50200080871582,17.392000198364258,17.392000198364258,5,time_exit,LONG,LONG,0.5045184195041656,0.4987541437149048,0.5102826952934265,0.4987541437149048,0.5800021290779114,50.451841950416565,0.5077741146087646,2,False,True,True,56.5,True,0.6599985063076019,UNRANKED,,False,,,
2015-12-17,2015-12-18,2015-12-28,NOW,XLK,17.43600082397461,17.378000259399414,17.378000259399414,5,time_exit,LONG,LONG,0.5009096264839172,0.504368245601654,0.4974510073661804,0.504368245601654,0.5239285826683044,50.090962648391724,0.5077741146087646,2,False,True,True,56.5,True,-0.01706823706626899,UNRANKED,,False,,,
2015-12-18,2015-12-21,2015-12-29,NOW,XLK,17.38599967956543,17.624000549316406,17.624000549316406,5,time_exit,SHORT,SHORT,0.49882176518440247,0.5001925230026245,0.4974510073661804,0.5001925230026245,0.5331128239631653,50.11782348155975,0.5077741146087646,2,False,True,True,56.5,True,0.07262548804283145,UNRANKED,,False,,,
2015-12-21,2015-12-22,2015-12-30,NOW,XLK,17.5,17.47599983215332,17.47599983215332,5,time_exit,SHORT,SHORT,0.4968908429145813,0.4963306784629822,0.4974510073661804,0.4963306784629822,0.531076967716217,50.31091570854187,0.5077741146087646,2,False,True,True,56.5,True,0.21674147248268127,UNRANKED,,False,,,
2015-12-22,2015-12-23,2015-12-31,NOW,XLK,17.393999099731445,17.312000274658203,17.312000274658203,5,time_exit,LONG,LONG,0.502833902835846,0.5082167983055115,0.4974510073661804,0.5082167983055115,0.45362016558647156,50.283390283584595,0.5077741146087646,2,False,True,True,56.5,True,0.11610719561576847,UNRANKED,,False,,,
2015-12-23,2015-12-24,2016-01-04,NOW,XLK,17.360000610351562,16.81399917602539,16.849143164498464,5,stop_loss,LONG,LONG,0.5223758518695831,0.5288653373718262,0.5158863663673401,0.5288653373718262,0.5241729021072388,52.23758518695831,0.5077741146087646,1,True,True,False,56.5,True,0.5039298832416537,UNRANKED,,False,,,
2015-12-24,2015-12-28,2016-01-04,NOW,XLK,17.327999114990234,16.799999237060547,16.869427272251674,4,stop_loss,LONG,LONG,0.5058735609054565,0.5086886286735535,0.5030584931373596,0.5086886286735535,0.5458067059516907,50.587356090545654,0.5077741146087646,2,False,True,True,56.5,True,0.5921961069107056,UNRANKED,,False,,,
2015-12-28,2015-12-29,2016-01-04,NOW,XLK,17.493999481201172,16.284000396728516,17.09085600716727,3,stop_loss,LONG,LONG,0.5082445442676544,0.5134305953979492,0.5030584931373596,0.5134305953979492,0.6297984719276428,50.82445442676544,0.5077741146087646,1,True,True,False,56.5,True,0.8643420338630674,HIGH,,True,2.6650641304145086,1.0,0.06687198338562639
2015-12-29,2015-12-30,2016-01-04,NOW,XLK,17.639999389648438,15.928000450134277,17.20914159502302,2,stop_loss,LONG,LONG,0.5087078213691711,0.5143571496009827,0.5030584931373596,0.5143571496009827,0.5996863842010498,50.870782136917114,0.5077741146087646,1,True,True,False,56.5,True,0.7945570349693297,UNRANKED,,False,,,
2015-12-30,2015-12-31,2016-01-04,NOW,XLK,17.47599983215332,15.62399959564209,17.07028497968401,1,stop_loss,LONG,LONG,0.50870281457901,0.5143471360206604,0.5030584931373596,0.5143471360206604,0.5753343105316162,50.870281457901,0.5077741146087646,1,True,True,False,56.5,True,0.8520291745662689,UNRANKED,,False,,,
2015-12-31,2016-01-04,2016-01-06,NOW,XLK,16.996000289916992,15.706000328063965,16.590857097080775,2,stop_loss,LONG,LONG,0.5203086733818054,0.5375588536262512,0.5030584931373596,0.5375588536262512,0.5385170578956604,52.03086733818054,0.5077741146087646,1,True,True,False,56.5,True,0.8231936991214751,UNRANKED,,False,,,
2016-01-04,2016-01-05,2016-01-06,NOW,XLK,16.902000427246094,16.197999954223633,16.52428572518485,1,stop_loss,LONG,LONG,0.5208622515201569,0.5386660099029541,0.5030584931373596,0.5386660099029541,0.5171412825584412,52.086225152015686,0.5077741146087646,1,True,True,False,56.5,True,1.458626538515091,UNRANKED,,False,,,
2016-01-05,2016-01-06,2016-01-07,NOW,XLK,16.576000213623047,15.357999801635742,16.198571341378347,1,stop_loss,LONG,LONG,0.5178470313549042,0.5326355695724487,0.5030584931373596,0.5326355695724487,0.4892185628414154,51.78470313549042,0.5077741146087646,1,True,True,False,56.5,True,0.7749410271644593,UNRANKED,,False,,,
2016-01-06,2016-01-07,2016-01-13,NOW,XLK,15.935999870300293,15.642000198364258,15.542856897626605,4,stop_loss,LONG,LONG,0.5270824432373047,0.5511063933372498,0.5030584931373596,0.5511063933372498,0.4805574417114258,52.70824432373047,0.5077741146087646,1,True,True,False,56.5,True,1.2962796390056608,UNRANKED,,False,,,
2016-01-07,2016-01-08,2016-01-13,NOW,XLK,16.02199935913086,15.267999649047852,15.629142080034528,3,stop_loss,LONG,LONG,0.5633535981178284,0.6236487030982971,0.5030584931373596,0.6236487030982971,0.5509545207023621,56.33535981178284,0.5077741146087646,1,True,True,False,56.5,True,1.955586701631546,UNRANKED,,False,,,
2016-01-08,2016-01-11,2016-01-12,NOW,XLK,15.744000434875488,14.86400032043457,16.176857812064036,1,take_profit,LONG,LONG,0.543039858341217,0.5949028134346008,0.49117690324783325,0.5949028134346008,0.5580703020095825,54.303985834121704,0.5077741146087646,1,True,True,False,56.5,True,1.1647089272737503,UNRANKED,,False,,,
2016-01-11,2016-01-12,2016-01-13,NOW,XLK,15.946000099182129,14.862000465393066,15.5454284123012,1,stop_loss,LONG,LONG,0.5446690022945404,0.5861234068870544,0.5032145977020264,0.5861234068870544,0.5611452460289001,54.46690022945404,0.5077741146087646,1,True,True,False,56.5,True,0.8098983168601991,UNRANKED,,False,,,
2016-01-12,2016-01-13,2016-01-14,NOW,XLK,16.218000411987305,14.881999969482422,15.78400012425014,1,stop_loss,LONG,LONG,0.5255953669548035,0.5479761362075806,0.5032145977020264,0.5479761362075806,0.5133469700813293,52.55953669548035,0.5077741146087646,1,True,True,False,56.5,True,1.8678525984287264,UNRANKED,,False,,,
2016-01-13,2016-01-14,2016-01-19,NOW,XLK,15.446000099182129,15.333999633789062,14.907428332737513,2,stop_loss,LONG,LONG,0.5666041970252991,0.5966697931289673,0.5365386009216309,0.5966697931289673,0.473544180393219,56.66041970252991,0.5077741146087646,1,True,True,False,56.5,True,0.9978363364934919,UNRANKED,,False,,,
2016-01-14,2016-01-15,2016-01-25,NOW,XLK,15.223999977111816,15.220000267028809,15.220000267028809,5,time_exit,LONG,LONG,0.5395973920822144,0.5942477583885193,0.4849470257759094,0.5942477583885193,0.4552103877067566,53.959739208221436,0.5077741146087646,1,True,True,False,56.5,True,0.7524532973766327,UNRANKED,,False,,,
2016-01-15,2016-01-19,2016-01-26,NOW,XLK,15.432000160217285,15.592000007629395,15.592000007629395,5,time_exit,LONG,LONG,0.5098407566547394,0.5347344875335693,0.4849470257759094,0.5347344875335693,0.510152280330658,50.98407566547394,0.5077741146087646,1,True,True,False,56.5,True,0.3711456954479217,UNRANKED,,False,,,
2016-01-19,2016-01-20,2016-01-22,NOW,XLK,14.649999618530273,15.074000358581543,15.324571337018694,2,take_profit,LONG,LONG,0.5131173133850098,0.5412876009941101,0.4849470257759094,0.5412876009941101,0.5029383301734924,51.31173133850098,0.5077741146087646,1,True,True,False,56.5,True,0.7853876799345019,UNRANKED,,False,,,
2016-01-20,2016-01-21,2016-01-26,NOW,XLK,14.947999954223633,12.71399974822998,15.58771446772984,3,take_profit,LONG,LONG,0.5356440246105194,0.5863410234451294,0.4849470257759094,0.5863410234451294,0.5051624774932861,53.56440246105194,0.5077741146087646,1,True,True,False,56.5,True,0.833759143948555,UNRANKED,,False,,,
2016-01-21,2016-01-22,2016-01-28,NOW,XLK,15.116000175476074,12.442000389099121,14.494571549551827,4,stop_loss,LONG,LONG,0.5531102120876312,0.5963307619094849,0.5098896622657776,0.5963307619094849,0.5405370593070984,55.31102120876312,0.5077741146087646,1,True,True,False,56.5,True,1.4620480239391327,UNRANKED,,False,,,
2016-01-22,2016-01-25,2016-01-28,NOW,XLK,15.288000106811523,12.392000198364258,14.625428608485631,3,stop_loss,LONG,LONG,0.5335325598716736,0.5571754574775696,0.5098896622657776,0.5571754574775696,0.5148065686225891,53.35325598716736,0.5077741146087646,1,True,True,False,56.5,True,2.279763862490654,UNRANKED,,False,,,
2016-01-25,2016-01-26,2016-01-28,NOW,XLK,15.223999977111816,11.449999809265137,14.616285869053431,2,stop_loss,LONG,LONG,0.5362117290496826,0.5625337958335876,0.5098896622657776,0.5625337958335876,0.508077085018158,53.62117290496826,0.5077741146087646,1,True,True,False,56.5,True,2.2860191762447357,UNRANKED,,False,,,
2016-01-26,2016-01-27,2016-01-28,NOW,XLK,15.423999786376953,11.859999656677246,14.765142849513463,1,stop_loss,LONG,LONG,0.5435222089290619,0.5505058169364929,0.5365386009216309,0.5505058169364929,0.5043858289718628,54.35222089290619,0.5077741146087646,1,True,True,False,56.5,True,1.1041658818721771,UNRANKED,,False,,,
2016-01-27,2016-01-28,2016-01-29,NOW,XLK,11.564000129699707,11.723999977111816,12.223142896379743,1,take_profit,LONG,LONG,0.517643928527832,0.5320732593536377,0.5032145977020264,0.5320732593536377,0.5511847138404846,51.7643928527832,0.5077741146087646,1,True,True,False,56.5,True,0.7000116258859634,UNRANKED,,False,,,
2016-01-28,2016-01-29,2016-02-02,NOW,XLK,12.79800033569336,10.461999893188477,11.852571759905134,2,stop_loss,LONG,LONG,0.5686472356319427,0.6007558703422546,0.5365386009216309,0.6007558703422546,0.4300297200679779,56.864723563194275,0.5077741146087646,1,True,True,False,56.5,True,1.688704565167427,UNRANKED,,False,,,
2016-01-29,2016-02-01,2016-02-05,NOW,XLK,12.319999694824219,9.428000450134277,11.379142761230469,4,stop_loss,LONG,LONG,0.5443361699581146,0.5799046754837036,0.5087676644325256,0.5799046754837036,0.4301724433898926,54.43361699581146,0.5077741146087646,1,True,True,False,56.5,True,0.10371536016464245,UNRANKED,,False,,,
2016-02-01,2016-02-02,2016-02-05,NOW,XLK,12.295999526977539,9.704000473022461,11.359714099339076,3,stop_loss,LONG,LONG,0.5567920506000519,0.6048164367675781,0.5087676644325256,0.6048164367675781,0.4491475224494934,55.67920506000519,0.5077741146087646,1,True,True,False,56.5,True,0.5831418335437775,UNRANKED,,False,,,
2016-02-02,2016-02-03,2016-02-05,NOW,XLK,11.513999938964844,9.998000144958496,10.513428688049316,2,stop_loss,LONG,LONG,0.5414406955242157,0.5798228979110718,0.5030584931373596,0.5798228979110718,0.42264053225517273,54.14406955242157,0.5077741146087646,1,True,True,False,56.5,True,1.144824996590614,UNRANKED,,False,,,
2016-02-03,2016-02-04,2016-02-05,NOW,XLK,11.770000457763672,9.805999755859375,10.830857821873256,1,stop_loss,LONG,LONG,0.5560649931430817,0.6090714931488037,0.5030584931373596,0.6090714931488037,0.4501136541366577,55.60649931430817,0.5077741146087646,1,True,True,False,56.5,True,1.4076537638902664,UNRANKED,,False,,,
2016-02-04,2016-02-05,2016-02-08,NOW,XLK,10.824000358581543,10.015999794006348,9.906000682285853,1,stop_loss,LONG,LONG,0.5509523451328278,0.5988461971282959,0.5030584931373596,0.5988461971282959,0.5719506740570068,55.095234513282776,0.5077741146087646,1,True,True,False,56.5,True,1.3499005883932114,UNRANKED,,False,,,
2016-02-05,2016-02-08,2016-02-16,NOW,XLK,10.184000015258789,10.407999992370605,10.407999992370605,5,time_exit,LONG,LONG,0.5486607551574707,0.5942630171775818,0.5030584931373596,0.5942630171775818,0.5138595700263977,54.86607551574707,0.5077741146087646,1,True,True,False,56.5,True,1.4020537436008453,UNRANKED,,False,,,
2016-02-08,2016-02-09,2016-02-17,NOW,XLK,9.319999694824219,11.052000045776367,10.454856463841029,5,take_profit,LONG,LONG,0.5044309198856354,0.5063068866729736,0.5025549530982971,0.5063068866729736,0.21192708611488342,50.44309198856354,0.5021997690200806,1,True,True,False,52.0,True,0.8380745053291321,UNRANKED,,False,,,
2016-02-09,2016-02-10,2016-02-17,NOW,XLK,9.734000205993652,10.85200023651123,10.907999856131417,4,take_profit,LONG,LONG,0.5044309198856354,0.5063068866729736,0.5025549530982971,0.5063068866729736,0.19740301370620728,50.44309198856354,0.5021997690200806,1,True,True,False,52.0,True,0.5816898047924042,UNRANKED,,False,,,
2016-02-10,2016-02-11,2016-02-19,NOW,XLK,9.855999946594238,10.947999954223633,10.947999954223633,5,time_exit,LONG,LONG,0.5027641355991364,0.5029733180999756,0.5025549530982971,0.5029733180999756,0.2333691418170929,50.276413559913635,0.5021997690200806,1,True,True,False,52.0,True,0.5934191048145295,UNRANKED,,False,,,
2016-02-11,2016-02-12,2016-02-22,NOW,XLK,9.895999908447266,10.937999725341797,10.937999725341797,5,time_exit,LONG,LONG,0.5027641355991364,0.5029733180999756,0.5025549530982971,0.5029733180999756,0.27936962246894836,50.276413559913635,0.5021997690200806,1,True,True,False,52.0,True,0.5339010655879975,UNRANKED,,False,,,
2016-02-12,2016-02-16,2016-02-23,NOW,XLK,10.118000030517578,10.60200023651123,10.60200023651123,5,time_exit,SHORT,SHORT,0.4922625571489334,0.5029733180999756,0.48155179619789124,0.5029733180999756,0.3820246458053589,50.77374428510666,0.5021997690200806,1,True,False,True,52.0,True,0.2009687721729279,UNRANKED,,False,,,
2016-02-16,2016-02-17,2016-02-24,NOW,XLK,10.5,10.510000228881836,10.510000228881836,5,time_exit,SHORT,SHORT,0.49833086133003235,0.4941067695617676,0.5025549530982971,0.4941067695617676,0.41009122133255005,50.166913866996765,0.5021997690200806,2,False,True,True,52.0,True,0.4923042953014375,UNRANKED,,False,,,
2016-02-17,2016-02-18,2016-02-25,NOW,XLK,11.105999946594238,10.831999778747559,10.831999778747559,5,time_exit,SHORT,SHORT,0.4878292828798294,0.4941067695617676,0.48155179619789124,0.4941067695617676,0.4357050657272339,51.21707171201706,0.5021997690200806,1,True,False,True,52.0,True,0.26523250341415405,UNRANKED,,False,,,
2016-02-18,2016-02-19,2016-02-26,NOW,XLK,10.843999862670898,11.10200023651123,11.10200023651123,5,time_exit,SHORT,SHORT,0.48037010431289673,0.4941067695617676,0.4666334390640259,0.4941067695617676,0.3869948089122772,51.96298956871033,0.5021997690200806,1,True,False,True,52.0,True,-0.09786117076873782,UNRANKED,,False,,,
2016-02-19,2016-02-22,2016-02-29,NOW,XLK,11.020000457763672,10.998000144958496,10.998000144958496,5,time_exit,SHORT,SHORT,0.4878292828798294,0.4941067695617676,0.48155179619789124,0.4941067695617676,0.5181942582130432,51.21707171201706,0.5021997690200806,1,True,False,True,52.0,True,-0.2258901298046111,UNRANKED,,False,,,
2016-02-22,2016-02-23,2016-03-01,NOW,XLK,10.847999572753906,11.569999694824219,11.569999694824219,5,time_exit,SHORT,SHORT,0.49392934143543243,0.5063068866729736,0.48155179619789124,0.5063068866729736,0.410722553730011,50.60706585645676,0.5021997690200806,1,True,False,True,52.0,True,0.03324440121650705,UNRANKED,,False,,,
2016-02-23,2016-02-24,2016-03-01,NOW,XLK,10.404000282287598,11.531999588012695,11.188571521214076,4,stop_loss,SHORT,SHORT,0.48647016286849976,0.5063068866729736,0.4666334390640259,0.5063068866729736,0.4296976923942566,51.352983713150024,0.5021997690200806,1,True,False,True,52.0,True,0.056359976530074955,UNRANKED,,False,,,
2016-02-24,2016-02-25,2016-03-01,NOW,XLK,10.621999740600586,11.67199993133545,11.361142430986677,3,stop_loss,SHORT,SHORT,0.48647016286849976,0.5063068866729736,0.4666334390640259,0.5063068866729736,0.4100404679775238,51.352983713150024,0.5021997690200806,1,True,False,True,52.0,True,0.0730209350585937,UNRANKED,,False,,,
2016-02-25,2016-02-26,2016-03-04,NOW,XLK,10.916000366210938,11.699999809265137,11.681714466639928,5,stop_loss,SHORT,SHORT,0.4834306836128235,0.5002279281616211,0.4666334390640259,0.5002279281616211,0.43321722745895386,51.65693163871765,0.5021997690200806,1,True,False,True,52.0,True,0.07140213251113887,UNRANKED,,False,,,
2016-02-26,2016-02-29,2016-03-04,NOW,XLK,11.050000190734863,11.644000053405762,11.674000058855329,4,take_profit,LONG,LONG,0.5026506185531616,0.4941067695617676,0.5111944675445557,0.4941067695617676,0.34039023518562317,50.26506185531616,0.5021997690200806,1,True,True,False,52.0,True,0.43285593390464794,UNRANKED,,False,,,
2016-02-29,2016-03-01,2016-03-03,NOW,XLK,11.168000221252441,12.067999839782715,11.659143039158412,2,stop_loss,SHORT,SHORT,0.4999103844165802,0.4941067695617676,0.5057139992713928,0.4941067695617676,0.47487762570381165,50.00896155834198,0.5021997690200806,2,False,True,True,52.0,True,0.38951605558395375,UNRANKED,,False,,,
2016-03-01,2016-03-02,2016-03-08,NOW,XLK,11.5,12.097999572753906,12.033428464617048,4,stop_loss,SHORT,SHORT,0.4999103844165802,0.4941067695617676,0.5057139992713928,0.4941067695617676,0.4478000998497009,50.00896155834198,0.5021997690200806,2,False,True,True,52.0,True,0.42402905225753784,UNRANKED,,False,,,
2016-03-02,2016-03-03,2016-03-08,NOW,XLK,11.472000122070312,12.144000053405762,11.968857220241002,3,stop_loss,SHORT,SHORT,0.4999103844165802,0.4941067695617676,0.5057139992713928,0.4941067695617676,0.44571274518966675,50.00896155834198,0.5021997690200806,2,False,True,True,52.0,True,0.3591779172420501,UNRANKED,,False,,,
2016-03-03,2016-03-04,2016-03-11,NOW,XLK,11.77400016784668,12.670000076293945,12.263428688049316,5,stop_loss,SHORT,SHORT,0.4999103844165802,0.4941067695617676,0.5057139992713928,0.4941067695617676,0.41686418652534485,50.00896155834198,0.5021997690200806,2,False,True,True,52.0,True,0.14163562655448914,UNRANKED,,False,,,
2016-03-04,2016-03-07,2016-03-08,NOW,XLK,11.597999572753906,12.470000267028809,12.06142807006836,1,take_profit,LONG,LONG,0.5026506185531616,0.4941067695617676,0.5111944675445557,0.4941067695617676,0.34243589639663696,50.26506185531616,0.5021997690200806,1,True,True,False,52.0,True,0.3285278677940368,UNRANKED,,False,,,
2016-03-07,2016-03-08,2016-03-09,NOW,XLK,11.682000160217285,12.329999923706055,12.097428594316755,1,take_profit,LONG,LONG,0.5057111978530884,0.5002279281616211,0.5111944675445557,0.5002279281616211,0.3479121923446655,50.57111978530884,0.5021997690200806,1,True,True,False,52.0,True,0.2783551216125489,UNRANKED,,False,,,
2016-03-08,2016-03-09,2016-03-11,NOW,XLK,12.107999801635742,12.473999977111816,12.491999626159668,2,take_profit,LONG,LONG,0.5057111978530884,0.5002279281616211,0.5111944675445557,0.5002279281616211,0.38842788338661194,50.57111978530884,0.5021997690200806,1,True,True,False,52.0,True,0.3507567346096039,UNRANKED,,False,,,
2016-03-09,2016-03-10,2016-03-11,NOW,XLK,12.279999732971191,12.15999984741211,12.639713832310267,1,take_profit,LONG,LONG,0.5057111978530884,0.5002279281616211,0.5111944675445557,0.5002279281616211,0.39819398522377014,50.57111978530884,0.5021997690200806,1,True,True,False,52.0,True,0.31372883915901184,UNRANKED,,False,,,
2016-03-10,2016-03-11,2016-03-18,NOW,XLK,12.220000267028809,12.029999732971191,12.029999732971191,5,time_exit,LONG,LONG,0.5057111978530884,0.5002279281616211,0.5111944675445557,0.5002279281616211,0.4003329277038574,50.57111978530884,0.5021997690200806,1,True,True,False,52.0,True,0.33755543828010565,UNRANKED,,False,,,
2016-03-11,2016-03-14,2016-03-18,NOW,XLK,12.567999839782715,12.210000038146973,12.141714232308525,4,stop_loss,LONG,LONG,0.5048486441373825,0.49850282073020935,0.5111944675445557,0.49850282073020935,0.4139121174812317,50.48486441373825,0.5021997690200806,1,True,True,False,52.0,True,0.583210587501526,UNRANKED,,False,,,
2016-03-14,2016-03-15,2016-03-22,NOW,XLK,12.378000259399414,12.46399974822998,12.46399974822998,5,time_exit,LONG,LONG,0.5013914406299591,0.5002279281616211,0.5025549530982971,0.5002279281616211,0.45729386806488037,50.13914406299591,0.5021997690200806,2,False,True,True,52.0,True,0.4627993106842041,UNRANKED,,False,,,
2016-03-15,2016-03-16,2016-03-23,NOW,XLK,12.270000457763672,12.449999809265137,12.449999809265137,5,time_exit,LONG,LONG,0.5013914406299591,0.5002279281616211,0.5025549530982971,0.5002279281616211,0.5104697942733765,50.13914406299591,0.5021997690200806,2,False,True,True,52.0,True,0.4739193022251129,UNRANKED,,False,,,
2016-03-16,2016-03-17,2016-03-18,NOW,XLK,12.465999603271484,12.338000297546387,12.07771383013044,1,stop_loss,LONG,LONG,0.5013914406299591,0.5002279281616211,0.5025549530982971,0.5002279281616211,0.5100265145301819,50.13914406299591,0.5021997690200806,2,False,True,True,52.0,True,0.41050454974174516,UNRANKED,,False,,,
2016-03-17,2016-03-18,2016-03-28,NOW,XLK,12.210000038146973,12.067999839782715,12.067999839782715,5,time_exit,LONG,LONG,0.5013914406299591,0.5002279281616211,0.5025549530982971,0.5002279281616211,0.5217405557632446,50.13914406299591,0.5021997690200806,2,False,True,True,52.0,True,0.4341970980167389,UNRANKED,,False,,,
2016-03-18,2016-03-21,2016-03-22,NOW,XLK,12.050000190734863,12.227999687194824,12.448285920279366,1,take_profit,LONG,LONG,0.5013914406299591,0.5002279281616211,0.5025549530982971,0.5002279281616211,0.5177201628684998,50.13914406299591,0.5021997690200806,2,False,True,True,52.0,True,0.4118620157241822,UNRANKED,,False,,,
2016-03-21,2016-03-22,2016-03-23,NOW,XLK,12.083999633789062,12.21399974822998,12.426285471235003,1,take_profit,LONG,LONG,0.5013914406299591,0.5002279281616211,0.5025549530982971,0.5002279281616211,0.4476298689842224,50.13914406299591,0.5021997690200806,2,False,True,True,52.0,True,0.46494719386100763,UNRANKED,,False,,,
2016-03-22,2016-03-23,2016-03-31,NOW,XLK,12.4399995803833,12.236000061035156,12.236000061035156,5,time_exit,LONG,LONG,0.502970963716507,0.5002279281616211,0.5057139992713928,0.5002279281616211,0.4289865791797638,50.297096371650696,0.5021997690200806,1,True,True,False,52.0,True,0.33908921480178833,UNRANKED,,False,,,
2016-03-23,2016-03-24,2016-04-01,NOW,XLK,12.305999755859375,12.406000137329102,12.406000137329102,5,time_exit,SHORT,SHORT,0.4986504018306732,0.5002279281616211,0.49707287549972534,0.5002279281616211,0.4645428955554962,50.13495981693268,0.5021997690200806,2,False,True,True,52.0,True,0.3616970181465149,UNRANKED,,False,,,
2016-03-24,2016-03-28,2016-04-04,NOW,XLK,12.32800006866455,12.855999946594238,12.695142882210869,5,take_profit,LONG,LONG,0.5013914406299591,0.5002279281616211,0.5025549530982971,0.5002279281616211,0.4279783368110657,50.13914406299591,0.5021997690200806,2,False,True,True,52.0,True,0.5046938061714172,UNRANKED,,False,,,
2016-03-28,2016-03-29,2016-04-04,NOW,XLK,12.04800033569336,12.729999542236328,12.445714678083148,4,take_profit,LONG,LONG,0.5013914406299591,0.5002279281616211,0.5025549530982971,0.5002279281616211,0.47441816329956055,50.13914406299591,0.5021997690200806,2,False,True,True,52.0,True,0.32464075088500965,UNRANKED,,False,,,
2016-03-29,2016-03-30,2016-04-04,NOW,XLK,12.300000190734863,12.767999649047852,12.660000256129674,3,take_profit,LONG,LONG,0.5013914406299591,0.5002279281616211,0.5025549530982971,0.5002279281616211,0.5357517004013062,50.13914406299591,0.5021997690200806,2,False,True,True,52.0,True,0.1747001111507415,UNRANKED,,False,,,
2016-03-30,2016-03-31,2016-04-04,NOW,XLK,12.180000305175781,12.803999900817871,12.537714685712542,2,take_profit,LONG,LONG,0.5013914406299591,0.5002279281616211,0.5025549530982971,0.5002279281616211,0.5510897040367126,50.13914406299591,0.5021997690200806,2,False,True,True,52.0,True,0.11748817563056943,UNRANKED,,False,,,
2016-03-31,2016-04-01,2016-04-04,NOW,XLK,12.22599983215332,12.899999618530273,12.580285617283412,1,take_profit,LONG,LONG,0.5013914406299591,0.5002279281616211,0.5025549530982971,0.5002279281616211,0.551214337348938,50.13914406299591,0.5021997690200806,2,False,True,True,52.0,True,0.15971681475639363,UNRANKED,,False,,,
2016-04-01,2016-04-04,2016-04-05,NOW,XLK,12.413999557495117,12.661999702453613,12.717428207397461,1,take_profit,LONG,LONG,0.5005288869142532,0.49850282073020935,0.5025549530982971,0.49850282073020935,0.5445541143417358,50.05288869142532,0.5021997690200806,2,False,True,True,52.0,True,0.16240116953849795,UNRANKED,,False,,,
2016-04-04,2016-04-05,2016-04-12,NOW,XLK,12.694000244140625,12.350000381469727,12.354857308523995,5,stop_loss,LONG,LONG,0.5005288869142532,0.49850282073020935,0.5025549530982971,0.49850282073020935,0.5297680497169495,50.05288869142532,0.5021997690200806,2,False,True,True,52.0,True,0.18267700076103222,UNRANKED,,False,,,
2016-04-05,2016-04-06,2016-04-12,NOW,XLK,12.748000144958496,12.753999710083008,12.410857200622559,4,stop_loss,LONG,LONG,0.5005288869142532,0.49850282073020935,0.5025549530982971,0.49850282073020935,0.5230026841163635,50.05288869142532,0.5021997690200806,2,False,True,True,52.0,True,0.18733689188957203,UNRANKED,,False,,,
2016-04-06,2016-04-07,2016-04-12,NOW,XLK,12.718000411987305,12.600000381469727,12.39600031716483,3,take_profit,SHORT,SHORT,0.49950626492500305,0.5019396543502808,0.49707287549972534,0.5019396543502808,0.5718970894813538,50.049373507499695,0.5021997690200806,2,False,True,True,52.0,True,0.057230353355407736,UNRANKED,,False,,,
2016-04-07,2016-04-08,2016-04-12,NOW,XLK,12.871999740600586,12.656000137329102,12.58971391405378,2,stop_loss,LONG,LONG,0.5013914406299591,0.5002279281616211,0.5025549530982971,0.5002279281616211,0.5078887343406677,50.13914406299591,0.5021997690200806,2,False,True,True,52.0,True,0.24204370379447931,UNRANKED,,False,,,
2016-04-08,2016-04-11,2016-04-12,NOW,XLK,12.973999977111816,12.894000053405762,12.696571350097656,1,stop_loss,LONG,LONG,0.5013914406299591,0.5002279281616211,0.5025549530982971,0.5002279281616211,0.5338455438613892,50.13914406299591,0.5021997690200806,2,False,True,True,52.0,True,0.1436251103878022,UNRANKED,,False,,,
2016-04-11,2016-04-12,2016-04-18,NOW,XLK,12.597999572753906,12.734000205993652,12.883713858468193,4,take_profit,LONG,LONG,0.5013914406299591,0.5002279281616211,0.5025549530982971,0.5002279281616211,0.530394434928894,50.13914406299591,0.5021997690200806,2,False,True,True,52.0,True,0.2612045109272003,UNRANKED,,False,,,
2016-04-12,2016-04-13,2016-04-18,NOW,XLK,12.494000434875488,13.022000312805176,12.7880003792899,3,take_profit,LONG,LONG,0.5013914406299591,0.5002279281616211,0.5025549530982971,0.5002279281616211,0.5498538613319397,50.13914406299591,0.5021997690200806,2,False,True,True,52.0,True,0.17763063311576846,UNRANKED,,False,,,
2016-04-13,2016-04-14,2016-04-20,NOW,XLK,12.616000175476074,14.854000091552734,12.96571431841169,4,take_profit,LONG,LONG,0.5013914406299591,0.5002279281616211,0.5025549530982971,0.5002279281616211,0.47244134545326233,50.13914406299591,0.5021997690200806,2,False,True,True,52.0,True,0.3381251394748689,UNRANKED,,False,,,
2016-04-14,2016-04-15,2016-04-20,NOW,XLK,12.63599967956543,14.621999740600586,12.991713796343122,3,take_profit,LONG,LONG,0.5013914406299591,0.5002279281616211,0.5025549530982971,0.5002279281616211,0.5164878964424133,50.13914406299591,0.5021997690200806,2,False,True,True,52.0,True,0.32652986049652105,UNRANKED,,False,,,
2016-04-15,2016-04-18,2016-04-20,NOW,XLK,12.640000343322754,14.682000160217285,12.965142931256976,2,take_profit,LONG,LONG,0.5057111978530884,0.5002279281616211,0.5111944675445557,0.5002279281616211,0.45530280470848083,50.57111978530884,0.5021997690200806,1,True,True,False,52.0,True,0.3768203556537627,UNRANKED,,False,,,
2016-04-18,2016-04-19,2016-04-21,NOW,XLK,12.894000053405762,14.531999588012695,13.230285508292061,2,take_profit,LONG,LONG,0.5048486441373825,0.49850282073020935,0.5111944675445557,0.49850282073020935,0.44097763299942017,50.48486441373825,0.5021997690200806,1,True,True,False,52.0,True,0.4133254289627074,UNRANKED,,False,,,
2016-04-19,2016-04-20,2016-04-21,NOW,XLK,12.836000442504883,14.630000114440918,13.193143027169365,1,take_profit,LONG,LONG,0.5057111978530884,0.5002279281616211,0.5111944675445557,0.5002279281616211,0.4475705921649933,50.57111978530884,0.5021997690200806,1,True,True,False,52.0,True,0.3995788395404815,UNRANKED,,False,,,
2016-04-20,2016-04-21,2016-04-26,NOW,XLK,14.954000473022461,14.27400016784668,14.558857917785645,3,stop_loss,LONG,LONG,0.5005288869142532,0.49850282073020935,0.5025549530982971,0.49850282073020935,0.45232856273651123,50.05288869142532,0.5021997690200806,2,False,True,True,52.0,True,0.398274302482605,UNRANKED,,False,,,
2016-04-21,2016-04-22,2016-04-29,NOW,XLK,14.687999725341797,14.295999526977539,14.295999526977539,5,time_exit,SHORT,SHORT,0.49950626492500305,0.5019396543502808,0.49707287549972534,0.5019396543502808,0.49120208621025085,50.049373507499695,0.5021997690200806,2,False,True,True,52.0,True,0.3842236399650574,UNRANKED,,False,,,
2016-04-22,2016-04-25,2016-05-02,NOW,XLK,14.670000076293945,14.404000282287598,14.404000282287598,5,time_exit,SHORT,SHORT,0.49950626492500305,0.5019396543502808,0.49707287549972534,0.5019396543502808,0.43772584199905396,50.049373507499695,0.5021997690200806,2,False,True,True,52.0,True,0.3198663890361786,UNRANKED,,False,,,
2016-04-25,2016-04-26,2016-05-03,NOW,XLK,14.684000015258789,13.968000411987305,14.09200028010777,5,take_profit,SHORT,SHORT,0.4994587302207947,0.501844584941864,0.49707287549972534,0.501844584941864,0.4355924427509308,50.05412697792053,0.5021997690200806,2,False,True,True,52.0,True,0.3057161569595338,UNRANKED,,False,,,
2016-04-26,2016-04-27,2016-05-04,NOW,XLK,14.449999809265137,13.522000312805176,13.842000007629395,5,stop_loss,LONG,LONG,0.5037792921066284,0.501844584941864,0.5057139992713928,0.501844584941864,0.34914612770080566,50.37792921066284,0.5021997690200806,1,True,True,False,52.0,True,0.3572849333286287,UNRANKED,,False,,,
2016-04-27,2016-04-28,2016-05-03,NOW,XLK,14.62399959564209,13.557999610900879,14.007142611912318,3,stop_loss,LONG,LONG,0.5065195262432098,0.501844584941864,0.5111944675445557,0.501844584941864,0.2902997136116028,50.651952624320984,0.5021997690200806,1,True,True,False,52.0,True,0.40324354171752924,UNRANKED,,False,,,
2016-04-28,2016-04-29,2016-05-04,NOW,XLK,14.267999649047852,13.456000328063965,13.613999775477819,3,stop_loss,LONG,LONG,0.5065195262432098,0.501844584941864,0.5111944675445557,0.501844584941864,0.32076671719551086,50.651952624320984,0.5021997690200806,1,True,True,False,52.0,True,0.017933249473571673,UNRANKED,,False,,,
2016-04-29,2016-05-02,2016-05-04,NOW,XLK,14.289999961853027,13.486000061035156,13.666857310703822,2,stop_loss,LONG,LONG,0.5065195262432098,0.501844584941864,0.5111944675445557,0.501844584941864,0.25071537494659424,50.651952624320984,0.5021997690200806,1,True,True,False,52.0,True,0.14981180429458635,UNRANKED,,False,,,
2016-05-02,2016-05-03,2016-05-04,NOW,XLK,14.168000221252441,13.706000328063965,13.574000222342354,1,stop_loss,LONG,LONG,0.5065195262432098,0.501844584941864,0.5111944675445557,0.501844584941864,0.2510865032672882,50.651952624320984,0.5021997690200806,1,True,True,False,52.0,True,0.24346050620079035,UNRANKED,,False,,,
2016-05-03,2016-05-04,2016-05-11,NOW,XLK,13.895999908447266,13.727999687194824,13.727999687194824,5,time_exit,LONG,LONG,0.5065195262432098,0.501844584941864,0.5111944675445557,0.501844584941864,0.20982317626476288,50.651952624320984,0.5021997690200806,1,True,True,False,52.0,True,0.49484226107597346,UNRANKED,,False,,,
2016-05-04,2016-05-05,2016-05-12,NOW,XLK,13.61400032043457,13.494000434875488,13.494000434875488,5,time_exit,SHORT,SHORT,0.48423901200294495,0.501844584941864,0.4666334390640259,0.501844584941864,0.3914293348789215,51.576098799705505,0.5021997690200806,1,True,False,True,52.0,True,-0.02728936076164248,UNRANKED,,False,,,
2016-05-05,2016-05-06,2016-05-13,NOW,XLK,13.40999984741211,13.48799991607666,13.48799991607666,5,time_exit,SHORT,SHORT,0.48423901200294495,0.501844584941864,0.4666334390640259,0.501844584941864,0.4029642343521118,51.576098799705505,0.5021997690200806,1,True,False,True,52.0,True,-0.0113166570663451,UNRANKED,,False,,,
2016-05-06,2016-05-09,2016-05-16,NOW,XLK,13.369999885559082,14.0600004196167,13.98799991607666,5,stop_loss,SHORT,SHORT,0.48423901200294495,0.501844584941864,0.4666334390640259,0.501844584941864,0.42406710982322693,51.576098799705505,0.5021997690200806,1,True,False,True,52.0,True,0.0273910760879517,UNRANKED,,False,,,
2016-05-09,2016-05-10,2016-05-17,NOW,XLK,13.48799991607666,13.899999618530273,13.899999618530273,5,time_exit,SHORT,SHORT,0.48423901200294495,0.501844584941864,0.4666334390640259,0.501844584941864,0.44698867201805115,51.576098799705505,0.5021997690200806,1,True,False,True,52.0,True,0.023634433746337787,UNRANKED,,False,,,
2016-05-10,2016-05-11,2016-05-18,NOW,XLK,13.70199966430664,14.005999565124512,14.005999565124512,5,time_exit,SHORT,SHORT,0.4916981905698776,0.501844584941864,0.48155179619789124,0.501844584941864,0.43486741185188293,50.83018094301224,0.5021997690200806,1,True,False,True,52.0,True,0.11900579929351815,UNRANKED,,False,,,
2016-05-11,2016-05-12,2016-05-13,NOW,XLK,13.857999801635742,13.949999809265137,13.526856967381068,1,stop_loss,LONG,LONG,0.5021997690200806,0.501844584941864,0.5025549530982971,0.501844584941864,0.3948214054107666,50.21997690200806,0.5021997690200806,2,False,True,True,52.0,True,0.2899335026741029,UNRANKED,,False,,,
2016-05-12,2016-05-13,2016-05-16,NOW,XLK,13.45199966430664,14.0,13.783428055899483,1,take_profit,LONG,LONG,0.5021997690200806,0.501844584941864,0.5025549530982971,0.501844584941864,0.4479500353336334,50.21997690200806,0.5021997690200806,2,False,True,True,52.0,True,0.256300687789917,UNRANKED,,False,,,
2016-05-13,2016-05-16,2016-05-17,NOW,XLK,13.51200008392334,14.045999526977539,13.835714203970772,1,take_profit,LONG,LONG,0.5021997690200806,0.501844584941864,0.5025549530982971,0.501844584941864,0.46043306589126587,50.21997690200806,0.5021997690200806,2,False,True,True,52.0,True,0.3278737664222716,UNRANKED,,False,,,
2016-05-16,2016-05-17,2016-05-24,NOW,XLK,14.034000396728516,14.196000099182129,14.196000099182129,5,time_exit,SHORT,SHORT,0.49950626492500305,0.5019396543502808,0.49707287549972534,0.5019396543502808,0.4967699348926544,50.049373507499695,0.5021997690200806,2,False,True,True,52.0,True,0.04451417922973619,UNRANKED,,False,,,
2016-05-17,2016-05-18,2016-05-25,NOW,XLK,13.918000221252441,14.152000427246094,14.152000427246094,5,time_exit,SHORT,SHORT,0.4994587302207947,0.501844584941864,0.49707287549972534,0.501844584941864,0.517183244228363,50.05412697792053,0.5021997690200806,2,False,True,True,52.0,True,0.05776426196098319,UNRANKED,,False,,,
2016-05-18,2016-05-19,2016-05-26,NOW,XLK,14.199999809265137,14.010000228881836,14.010000228881836,5,time_exit,SHORT,SHORT,0.4986504018306732,0.5002279281616211,0.49707287549972534,0.5002279281616211,0.5203157663345337,50.13495981693268,0.5021997690200806,2,False,True,True,52.0,True,0.07301273941993708,UNRANKED,,False,,,
2016-05-19,2016-05-20,2016-05-27,NOW,XLK,14.076000213623047,14.145999908447266,14.145999908447266,5,time_exit,SHORT,SHORT,0.4986504018306732,0.5002279281616211,0.49707287549972534,0.5002279281616211,0.5644617080688477,50.13495981693268,0.5021997690200806,2,False,True,True,52.0,True,0.1883015334606171,UNRANKED,,False,,,
2016-05-20,2016-05-23,2016-05-31,NOW,XLK,13.913999557495117,14.326000213623047,14.267713682992119,5,stop_loss,SHORT,SHORT,0.4986504018306732,0.5002279281616211,0.49707287549972534,0.5002279281616211,0.5676982402801514,50.13495981693268,0.5021997690200806,2,False,True,True,52.0,True,0.20927637815475472,UNRANKED,,False,,,
2016-05-23,2016-05-24,2016-06-01,NOW,XLK,14.107999801635742,14.633999824523926,14.40599959237235,5,stop_loss,SHORT,SHORT,0.4986504018306732,0.5002279281616211,0.49707287549972534,0.5002279281616211,0.5394545197486877,50.13495981693268,0.5021997690200806,2,False,True,True,52.0,True,0.26026263833045965,UNRANKED,,False,,,
2016-05-24,2016-05-25,2016-05-26,NOW,XLK,14.270000457763672,14.845999717712402,14.014286313738141,1,take_profit,SHORT,SHORT,0.49950626492500305,0.5019396543502808,0.49707287549972534,0.5019396543502808,0.48636704683303833,50.049373507499695,0.5021997690200806,2,False,True,True,52.0,True,0.32555001974105824,UNRANKED,,False,,,
2016-05-25,2016-05-26,2016-06-01,NOW,XLK,14.142000198364258,14.706000328063965,14.398857252938408,3,stop_loss,SHORT,SHORT,0.49950626492500305,0.5019396543502808,0.49707287549972534,0.5019396543502808,0.4493349492549896,50.049373507499695,0.5021997690200806,2,False,True,True,52.0,True,0.2898163497447968,UNRANKED,,False,,,
2016-05-26,2016-05-27,2016-05-31,NOW,XLK,13.982000350952148,15.01200008392334,14.244571822030204,1,stop_loss,SHORT,SHORT,0.4986504018306732,0.5002279281616211,0.49707287549972534,0.5002279281616211,0.524128258228302,50.13495981693268,0.5021997690200806,2,False,True,True,52.0,True,0.2368672788143158,UNRANKED,,False,,,
2016-05-27,2016-05-31,2016-06-01,NOW,XLK,14.116000175476074,15.204000473022461,14.393714496067592,1,stop_loss,SHORT,SHORT,0.49950626492500305,0.5019396543502808,0.49707287549972534,0.5019396543502808,0.448032945394516,50.049373507499695,0.5021997690200806,2,False,True,True,52.0,True,0.28031539916992193,UNRANKED,,False,,,
2016-05-31,2016-06-01,2016-06-02,NOW,XLK,14.276000022888184,15.407999992370605,14.548000063214984,1,stop_loss,SHORT,SHORT,0.49950626492500305,0.5019396543502808,0.49707287549972534,0.5019396543502808,0.48051661252975464,50.049373507499695,0.5021997690200806,2,False,True,True,52.0,True,0.28289082646369934,UNRANKED,,False,,,
2016-06-01,2016-06-02,2016-06-06,NOW,XLK,14.557999610900879,15.112000465393066,14.870856830051967,2,stop_loss,SHORT,SHORT,0.49950626492500305,0.5019396543502808,0.49707287549972534,0.5019396543502808,0.4989345669746399,50.049373507499695,0.5021997690200806,2,False,True,True,52.0,True,0.31613543629646296,UNRANKED,,False,,,
2016-06-02,2016-06-03,2016-06-07,NOW,XLK,14.763999938964844,14.805999755859375,15.07371439252581,2,stop_loss,SHORT,SHORT,0.49950626492500305,0.5019396543502808,0.49707287549972534,0.5019396543502808,0.5265576243400574,50.049373507499695,0.5021997690200806,2,False,True,True,52.0,True,0.2515704333782196,UNRANKED,,False,,,
2016-06-03,2016-06-06,2016-06-07,NOW,XLK,14.73799991607666,14.541999816894531,15.066857065473284,1,stop_loss,SHORT,SHORT,0.4986504018306732,0.5002279281616211,0.49707287549972534,0.5002279281616211,0.5657727122306824,50.13495981693268,0.5021997690200806,2,False,True,True,52.0,True,0.26001894474029535,UNRANKED,,False,,,
2016-06-06,2016-06-07,2016-06-08,NOW,XLK,14.97599983215332,14.595999717712402,15.266856874738421,1,take_profit,LONG,LONG,0.502970963716507,0.5002279281616211,0.5057139992713928,0.5002279281616211,0.45674723386764526,50.297096371650696,0.5021997690200806,1,True,True,False,52.0,True,0.3252214789390564,UNRANKED,,False,,,
2016-06-07,2016-06-08,2016-06-10,NOW,XLK,15.192000389099121,14.894000053405762,14.89657197679792,2,stop_loss,LONG,LONG,0.502970963716507,0.5002279281616211,0.5057139992713928,0.5002279281616211,0.44561150670051575,50.297096371650696,0.5021997690200806,1,True,True,False,52.0,True,0.4105155766010285,UNRANKED,,False,,,
2016-06-08,2016-06-09,2016-06-10,NOW,XLK,15.28600025177002,14.736000061035156,14.976571900503975,1,stop_loss,LONG,LONG,0.502970963716507,0.5002279281616211,0.5057139992713928,0.5002279281616211,0.44257447123527527,50.297096371650696,0.5021997690200806,1,True,True,False,52.0,True,0.32787531614303594,UNRANKED,,False,,,
2016-06-09,2016-06-10,2016-06-13,NOW,XLK,14.935999870300293,14.413999557495117,14.59228583744594,1,stop_loss,LONG,LONG,0.502970963716507,0.5002279281616211,0.5057139992713928,0.5002279281616211,0.4540022015571594,50.297096371650696,0.5021997690200806,1,True,True,False,52.0,True,0.31757265329360973,UNRANKED,,False,,,
2016-06-10,2016-06-13,2016-06-20,NOW,XLK,14.663999557495117,14.520000457763672,14.520000457763672,5,time_exit,SHORT,SHORT,0.4986504018306732,0.5002279281616211,0.49707287549972534,0.5002279281616211,0.5045138001441956,50.13495981693268,0.5021997690200806,2,False,True,True,52.0,True,0.3586000502109528,UNRANKED,,False,,,
2016-06-13,2016-06-14,2016-06-21,NOW,XLK,14.501999855041504,14.545999526977539,14.545999526977539,5,time_exit,LONG,LONG,0.5013914406299591,0.5002279281616211,0.5025549530982971,0.5002279281616211,0.4391985535621643,50.13914406299591,0.5021997690200806,2,False,True,True,52.0,True,0.5292823910713196,UNRANKED,,False,,,
2016-06-14,2016-06-15,2016-06-22,NOW,XLK,14.62399959564209,14.383999824523926,14.383999824523926,5,time_exit,LONG,LONG,0.5013914406299591,0.5002279281616211,0.5025549530982971,0.5002279281616211,0.4749468266963959,50.13914406299591,0.5021997690200806,2,False,True,True,52.0,True,0.425987482070923,UNRANKED,,False,,,
2016-06-15,2016-06-16,2016-06-23,NOW,XLK,14.76200008392334,15.03600025177002,15.03600025177002,5,time_exit,LONG,LONG,0.5013914406299591,0.5002279281616211,0.5025549530982971,0.5002279281616211,0.470863938331604,50.13914406299591,0.5021997690200806,2,False,True,True,52.0,True,0.15956652164459234,UNRANKED,,False,,,
2016-06-16,2016-06-17,2016-06-24,NOW,XLK,14.654000282287598,14.065999984741211,14.217714718409947,5,stop_loss,LONG,LONG,0.5013914406299591,0.5002279281616211,0.5025549530982971,0.5002279281616211,0.4620422422885895,50.13914406299591,0.5021997690200806,2,False,True,True,52.0,True,0.32529547810554515,UNRANKED,,False,,,
2016-06-17,2016-06-20,2016-06-24,NOW,XLK,14.633999824523926,12.734000205993652,14.171142714364189,4,stop_loss,LONG,LONG,0.5013914406299591,0.5002279281616211,0.5025549530982971,0.5002279281616211,0.4708360433578491,50.13914406299591,0.5021997690200806,2,False,True,True,52.0,True,0.3078389465808869,UNRANKED,,False,,,
2016-06-20,2016-06-21,2016-06-23,NOW,XLK,14.571999549865723,13.026000022888184,15.024285316467285,2,take_profit,LONG,LONG,0.5013914406299591,0.5002279281616211,0.5025549530982971,0.5002279281616211,0.5069131851196289,50.13914406299591,0.5021997690200806,2,False,True,True,52.0,True,0.32187667489051824,UNRANKED,,False,,,
2016-06-21,2016-06-22,2016-06-23,NOW,XLK,14.494000434875488,13.288000106811523,14.906000409807477,1,take_profit,LONG,LONG,0.5021997690200806,0.501844584941864,0.5025549530982971,0.501844584941864,0.4390052855014801,50.21997690200806,0.5021997690200806,2,False,True,True,52.0,True,0.4078030884265901,UNRANKED,,False,,,
2016-06-22,2016-06-23,2016-06-27,NOW,XLK,14.430000305175781,13.279999732971191,14.025143214634486,2,stop_loss,LONG,LONG,0.5021997690200806,0.501844584941864,0.5025549530982971,0.501844584941864,0.4545072615146637,50.21997690200806,0.5021997690200806,2,False,True,True,52.0,True,0.406091868877411,UNRANKED,,False,,,
2016-06-23,2016-06-24,2016-06-27,NOW,XLK,14.513999938964844,13.241999626159668,14.035999843052455,1,stop_loss,LONG,LONG,0.5048486441373825,0.49850282073020935,0.5111944675445557,0.49850282073020935,0.4336368143558502,50.48486441373825,0.5021997690200806,1,True,True,False,52.0,True,0.4224577248096467,UNRANKED,,False,,,
2016-06-24,2016-06-27,2016-06-28,NOW,XLK,13.934000015258789,13.053999900817871,13.361142703465053,1,stop_loss,LONG,LONG,0.5044309198856354,0.5063068866729736,0.5025549530982971,0.5063068866729736,0.38112109899520874,50.44309198856354,0.5021997690200806,1,True,True,False,52.0,True,0.9041106551885607,UNRANKED,,False,,,
2016-06-27,2016-06-28,2016-07-06,NOW,XLK,13.0,13.065999984741211,13.065999984741211,5,time_exit,SHORT,SHORT,0.49392934143543243,0.5063068866729736,0.48155179619789124,0.5063068866729736,0.38195955753326416,50.60706585645676,0.5021997690200806,1,True,False,True,52.0,True,0.4347105026245118,UNRANKED,,False,,,
2016-06-28,2016-06-29,2016-07-07,NOW,XLK,13.166000366210938,13.001999855041504,13.001999855041504,5,time_exit,SHORT,SHORT,0.49392934143543243,0.5063068866729736,0.48155179619789124,0.5063068866729736,0.5031784176826477,50.60706585645676,0.5021997690200806,1,True,False,True,52.0,True,-0.10909000039100639,UNRANKED,,False,,,
2016-06-29,2016-06-30,2016-07-08,NOW,XLK,13.399999618530273,13.824000358581543,13.824000358581543,5,time_exit,SHORT,SHORT,0.49392934143543243,0.5063068866729736,0.48155179619789124,0.5063068866729736,0.4977498948574066,50.60706585645676,0.5021997690200806,1,True,False,True,52.0,True,0.22133487462997428,UNRANKED,,False,,,
2016-06-30,2016-07-01,2016-07-11,NOW,XLK,13.303999900817871,13.770000457763672,13.770000457763672,5,time_exit,SHORT,SHORT,0.49392934143543243,0.5063068866729736,0.48155179619789124,0.5063068866729736,0.48742422461509705,50.60706585645676,0.5021997690200806,1,True,False,True,52.0,True,0.19941934943199166,UNRANKED,,False,,,
2016-07-01,2016-07-05,2016-07-12,NOW,XLK,13.182000160217285,14.092000007629395,13.850571768624443,5,stop_loss,SHORT,SHORT,0.4900273084640503,0.49850282073020935,0.48155179619789124,0.49850282073020935,0.44372835755348206,50.99726915359497,0.5021997690200806,1,True,False,True,52.0,True,0.18365633487701416,UNRANKED,,False,,,
2016-07-05,2016-07-06,2016-07-08,NOW,XLK,13.010000228881836,14.029999732971191,13.697714669363839,2,stop_loss,SHORT,SHORT,0.4900273084640503,0.49850282073020935,0.48155179619789124,0.49850282073020935,0.41620782017707825,50.99726915359497,0.5021997690200806,1,True,False,True,52.0,True,0.18198150396347051,UNRANKED,,False,,,
2016-07-06,2016-07-07,2016-07-08,NOW,XLK,13.109999656677246,14.031999588012695,13.756856918334961,1,stop_loss,SHORT,SHORT,0.49392934143543243,0.5063068866729736,0.48155179619789124,0.5063068866729736,0.4000854194164276,50.60706585645676,0.5021997690200806,1,True,False,True,52.0,True,0.0043950676918030375,UNRANKED,,False,,,
2016-07-07,2016-07-08,2016-07-11,NOW,XLK,13.081999778747559,14.204000473022461,13.715428488595146,1,take_profit,LONG,LONG,0.5044309198856354,0.5063068866729736,0.5025549530982971,0.5063068866729736,0.29975777864456177,50.44309198856354,0.5021997690200806,1,True,True,False,52.0,True,0.24621981382369987,UNRANKED,,False,,,
2016-07-08,2016-07-11,2016-07-18,NOW,XLK,13.881999969482422,13.965999603271484,13.965999603271484,5,time_exit,LONG,LONG,0.5005288869142532,0.49850282073020935,0.5025549530982971,0.49850282073020935,0.34248167276382446,50.05288869142532,0.5021997690200806,2,False,True,True,52.0,True,0.4120735824108125,UNRANKED,,False,,,
2016-07-11,2016-07-12,2016-07-19,NOW,XLK,13.868000030517578,13.998000144958496,13.998000144958496,5,time_exit,SHORT,SHORT,0.49833086133003235,0.4941067695617676,0.5025549530982971,0.4941067695617676,0.47218960523605347,50.166913866996765,0.5021997690200806,2,False,True,True,52.0,True,0.4223532676696775,UNRANKED,,False,,,
2016-07-12,2016-07-13,2016-07-20,NOW,XLK,14.333999633789062,14.529999732971191,14.529999732971191,5,time_exit,LONG,LONG,0.5005288869142532,0.49850282073020935,0.5025549530982971,0.49850282073020935,0.38392549753189087,50.05288869142532,0.5021997690200806,2,False,True,True,52.0,True,0.411433607339859,UNRANKED,,False,,,
2016-07-13,2016-07-14,2016-07-21,NOW,XLK,14.170000076293945,14.210000038146973,14.210000038146973,5,time_exit,LONG,LONG,0.5005288869142532,0.49850282073020935,0.5025549530982971,0.49850282073020935,0.34159258008003235,50.05288869142532,0.5021997690200806,2,False,True,True,52.0,True,0.41521817445755,UNRANKED,,False,,,
2016-07-14,2016-07-15,2016-07-22,NOW,XLK,14.293999671936035,14.534000396728516,14.534000396728516,5,time_exit,LONG,LONG,0.5048486441373825,0.49850282073020935,0.5111944675445557,0.49850282073020935,0.27948519587516785,50.48486441373825,0.5021997690200806,1,True,True,False,52.0,True,0.47935014963150013,UNRANKED,,False,,,
2016-07-15,2016-07-18,2016-07-25,NOW,XLK,14.163999557495117,14.711999893188477,14.682571138654437,5,take_profit,LONG,LONG,0.5048486441373825,0.49850282073020935,0.5111944675445557,0.49850282073020935,0.27092212438583374,50.48486441373825,0.5021997690200806,1,True,True,False,52.0,True,0.5088411569595336,UNRANKED,,False,,,
2016-07-18,2016-07-19,2016-07-20,NOW,XLK,13.965999603271484,14.668000221252441,14.328285626002721,1,take_profit,LONG,LONG,0.5087506771087646,0.5063068866729736,0.5111944675445557,0.5063068866729736,0.295771062374115,50.875067710876465,0.5021997690200806,1,True,True,False,52.0,True,0.48561581969261164,UNRANKED,,False,,,
2016-07-19,2016-07-20,2016-07-22,NOW,XLK,14.13599967956543,14.595999717712402,14.461142948695592,2,take_profit,LONG,LONG,0.5087506771087646,0.5063068866729736,0.5111944675445557,0.5063068866729736,0.3013606369495392,50.875067710876465,0.5021997690200806,1,True,True,False,52.0,True,0.4768483936786651,UNRANKED,,False,,,
2016-07-20,2016-07-21,2016-07-28,NOW,XLK,14.479999542236328,15.276000022888184,14.843714169093541,5,take_profit,LONG,LONG,0.5005288869142532,0.49850282073020935,0.5025549530982971,0.49850282073020935,0.4214582145214081,50.05288869142532,0.5021997690200806,2,False,True,True,52.0,True,0.46231767535209656,UNRANKED,,False,,,
2016-07-21,2016-07-22,2016-07-28,NOW,XLK,14.3100004196167,14.984000205993652,14.718286378043038,4,take_profit,LONG,LONG,0.5044309198856354,0.5063068866729736,0.5025549530982971,0.5063068866729736,0.4210555851459503,50.44309198856354,0.5021997690200806,1,True,True,False,52.0,True,0.4705580770969391,UNRANKED,,False,,,
2016-07-22,2016-07-25,2016-07-28,NOW,XLK,14.567999839782715,15.013999938964844,15.017142977033343,3,take_profit,LONG,LONG,0.5005288869142532,0.49850282073020935,0.5025549530982971,0.49850282073020935,0.4750237464904785,50.05288869142532,0.5021997690200806,2,False,True,True,52.0,True,0.45838052034378074,UNRANKED,,False,,,
2016-07-25,2016-07-26,2016-07-28,NOW,XLK,14.711999893188477,14.645999908447266,15.159714426313128,2,take_profit,LONG,LONG,0.5005288869142532,0.49850282073020935,0.5025549530982971,0.49850282073020935,0.4894074499607086,50.05288869142532,0.5021997690200806,2,False,True,True,52.0,True,0.40922236442565935,UNRANKED,,False,,,
2016-07-26,2016-07-27,2016-07-28,NOW,XLK,14.800000190734863,14.854000091552734,15.252286093575615,1,take_profit,LONG,LONG,0.5013914406299591,0.5002279281616211,0.5025549530982971,0.5002279281616211,0.47614842653274536,50.13914406299591,0.5021997690200806,2,False,True,True,52.0,True,0.4079153239727021,UNRANKED,,False,,,
2016-07-27,2016-07-28,2016-08-04,NOW,XLK,15.079999923706055,14.98799991607666,14.98799991607666,5,time_exit,LONG,LONG,0.5013914406299591,0.5002279281616211,0.5025549530982971,0.5002279281616211,0.4859238266944885,50.13914406299591,0.5021997690200806,2,False,True,True,52.0,True,0.4132901132106781,UNRANKED,,False,,,
2016-07-28,2016-07-29,2016-08-02,NOW,XLK,15.180000305175781,15.166000366210938,14.746857234409877,2,stop_loss,LONG,LONG,0.5022473037242889,0.5019396543502808,0.5025549530982971,0.5019396543502808,0.4441315829753876,50.224730372428894,0.5021997690200806,1,True,True,False,52.0,True,0.47615450620651256,UNRANKED,,False,,,
2016-07-29,2016-08-01,2016-08-08,NOW,XLK,14.958000183105469,14.98799991607666,14.98799991607666,5,time_exit,LONG,LONG,0.5013914406299591,0.5002279281616211,0.5025549530982971,0.5002279281616211,0.46719834208488464,50.13914406299591,0.5021997690200806,2,False,True,True,52.0,True,0.4682226777076722,UNRANKED,,False,,,
2016-08-01,2016-08-02,2016-08-09,NOW,XLK,14.918000221252441,15.0,15.0,5,time_exit,LONG,LONG,0.5013914406299591,0.5002279281616211,0.5025549530982971,0.5002279281616211,0.43621307611465454,50.13914406299591,0.5021997690200806,2,False,True,True,52.0,True,0.3683774769306184,UNRANKED,,False,,,
2016-08-02,2016-08-03,2016-08-05,NOW,XLK,14.562000274658203,14.90999984741211,15.031143324715751,2,take_profit,LONG,LONG,0.5013914406299591,0.5002279281616211,0.5025549530982971,0.5002279281616211,0.4762086570262909,50.13914406299591,0.5021997690200806,2,False,True,True,52.0,True,0.27871665358543407,UNRANKED,,False,,,
2016-08-03,2016-08-04,2016-08-11,NOW,XLK,14.77400016784668,15.218000411987305,15.218000411987305,5,time_exit,LONG,LONG,0.5013914406299591,0.5002279281616211,0.5025549530982971,0.5002279281616211,0.4942767024040222,50.13914406299591,0.5021997690200806,2,False,True,True,52.0,True,0.25969913601875305,UNRANKED,,False,,,
2016-08-04,2016-08-05,2016-08-12,NOW,XLK,15.017999649047852,15.154000282287598,15.154000282287598,5,time_exit,LONG,LONG,0.5013914406299591,0.5002279281616211,0.5025549530982971,0.5002279281616211,0.46303632855415344,50.13914406299591,0.5021997690200806,2,False,True,True,52.0,True,0.23606315255165117,UNRANKED,,False,,,
2016-08-05,2016-08-08,2016-08-15,NOW,XLK,15.0,15.347999572753906,15.347999572753906,5,time_exit,LONG,LONG,0.5021997690200806,0.501844584941864,0.5025549530982971,0.501844584941864,0.48285433650016785,50.21997690200806,0.5021997690200806,2,False,True,True,52.0,True,0.20339170098304746,UNRANKED,,False,,,
2016-08-08,2016-08-09,2016-08-16,NOW,XLK,14.96399974822998,14.904000282287598,14.904000282287598,5,time_exit,LONG,LONG,0.504489928483963,0.4989912509918213,0.5099886059761047,0.4989912509918213,0.3518904447555542,50.4489928483963,0.5078837871551514,2,False,True,True,52.0,True,0.5277831852436067,UNRANKED,,False,,,
2016-08-09,2016-08-10,2016-08-17,NOW,XLK,15.0,14.61400032043457,14.61400032043457,5,time_exit,LONG,LONG,0.5078838169574738,0.5000005960464478,0.5157670378684998,0.5000005960464478,0.4724605977535248,50.788381695747375,0.5078837871551514,1,True,True,False,52.0,True,0.738465428352356,UNRANKED,,False,,,
2016-08-10,2016-08-11,2016-08-15,NOW,XLK,14.928000450134277,14.61400032043457,15.326286315917969,2,stop_loss,SHORT,SHORT,0.4916669577360153,0.499873548746109,0.48346036672592163,0.499873548746109,0.4865054488182068,50.83330422639847,0.5078837871551514,1,True,False,True,52.0,True,0.266602724790573,UNRANKED,,False,,,
2016-08-11,2016-08-12,2016-08-17,NOW,XLK,15.105999946594238,14.73799991607666,14.709999765668597,3,stop_loss,LONG,LONG,0.5072735249996185,0.4987800121307373,0.5157670378684998,0.4987800121307373,0.4513556957244873,50.72735249996185,0.5078837871551514,2,False,True,True,52.0,True,0.584584802389145,UNRANKED,,False,,,
2016-08-12,2016-08-15,2016-08-17,NOW,XLK,15.168000221252441,14.277999877929688,14.788285664149694,2,stop_loss,LONG,LONG,0.5078838169574738,0.5000005960464478,0.5157670378684998,0.5000005960464478,0.4583216607570648,50.788381695747375,0.5078837871551514,1,True,True,False,52.0,True,0.35229381918907166,UNRANKED,,False,,,
2016-08-15,2016-08-16,2016-08-17,NOW,XLK,15.281999588012695,14.52400016784668,14.88085651397705,1,stop_loss,LONG,LONG,0.5058943033218384,0.4987800121307373,0.5130085945129395,0.4987800121307373,0.3921823501586914,50.58943033218384,0.5078837871551514,2,False,True,True,52.0,True,0.21470579504966736,UNRANKED,,False,,,
2016-08-16,2016-08-17,2016-08-22,NOW,XLK,14.842000007629395,14.553999900817871,14.38771424974714,3,take_profit,SHORT,SHORT,0.4793141186237335,0.5000005960464478,0.4586276412010193,0.5000005960464478,0.3851574957370758,52.06858813762665,0.5078837871551514,1,True,False,True,52.0,True,0.1364948749542236,UNRANKED,,False,,,
2016-08-17,2016-08-18,2016-08-25,NOW,XLK,14.64799976348877,14.720000267028809,14.720000267028809,5,time_exit,SHORT,SHORT,0.4877084195613861,0.49874112010002136,0.47667571902275085,0.49874112010002136,0.3782425820827484,51.22915804386139,0.5078837871551514,1,True,False,True,52.0,True,0.023702561855316016,UNRANKED,,False,,,
2016-08-18,2016-08-19,2016-08-26,NOW,XLK,14.571999549865723,14.699999809265137,14.699999809265137,5,time_exit,LONG,LONG,0.5058748573064804,0.49874112010002136,0.5130085945129395,0.49874112010002136,0.48579442501068115,50.58748573064804,0.5078837871551514,2,False,True,True,52.0,True,0.5394916534423828,UNRANKED,,False,,,
2016-08-19,2016-08-22,2016-08-29,NOW,XLK,14.72599983215332,14.678000450134277,14.678000450134277,5,time_exit,SHORT,SHORT,0.48497262597084045,0.4987800121307373,0.4711652398109436,0.4987800121307373,0.30235370993614197,51.502737402915955,0.5078837871551514,1,True,False,True,52.0,True,0.0015580654144288497,UNRANKED,,False,,,
2016-08-22,2016-08-23,2016-08-30,NOW,XLK,14.399999618530273,14.687999725341797,14.687999725341797,5,time_exit,SHORT,SHORT,0.4911007434129715,0.49874112010002136,0.48346036672592163,0.49874112010002136,0.3720742166042328,50.88992565870285,0.5078837871551514,1,True,False,True,52.0,True,0.1824956238269806,UNRANKED,,False,,,
2016-08-23,2016-08-24,2016-08-31,NOW,XLK,14.48799991607666,14.534000396728516,14.534000396728516,5,time_exit,LONG,LONG,0.5072735249996185,0.4987800121307373,0.5157670378684998,0.4987800121307373,0.3125508427619934,50.72735249996185,0.5078837871551514,2,False,True,True,52.0,True,0.3574086725711823,UNRANKED,,False,,,
2016-08-24,2016-08-25,2016-09-01,NOW,XLK,14.633999824523926,14.800000190734863,14.800000190734863,5,time_exit,SHORT,SHORT,0.4911007434129715,0.49874112010002136,0.48346036672592163,0.49874112010002136,0.33179888129234314,50.88992565870285,0.5078837871551514,1,True,False,True,52.0,True,0.28961780667304987,UNRANKED,,False,,,
2016-08-25,2016-08-26,2016-09-02,NOW,XLK,14.684000015258789,15.248000144958496,15.056285721915108,5,take_profit,LONG,LONG,0.504384309053421,0.4987800121307373,0.5099886059761047,0.4987800121307373,0.48566898703575134,50.4384309053421,0.5078837871551514,2,False,True,True,52.0,True,0.29163283109664906,UNRANKED,,False,,,
2016-08-26,2016-08-29,2016-09-02,NOW,XLK,14.722000122070312,15.543999671936035,15.071714401245117,4,take_profit,LONG,LONG,0.5058325231075287,0.5016764402389526,0.5099886059761047,0.5016764402389526,0.45824354887008667,50.58325231075287,0.5078837871551514,2,False,True,True,52.0,True,0.2752925455570221,UNRANKED,,False,,,
2016-08-29,2016-08-30,2016-09-02,NOW,XLK,14.65999984741211,15.312000274658203,15.011142594473702,3,stop_loss,SHORT,SHORT,0.4911007434129715,0.49874112010002136,0.48346036672592163,0.49874112010002136,0.40724053978919983,50.88992565870285,0.5078837871551514,1,True,False,True,52.0,True,0.2914565205574036,UNRANKED,,False,,,
2016-08-30,2016-08-31,2016-09-02,NOW,XLK,14.539999961853027,15.079999923706055,14.879714012145996,2,stop_loss,SHORT,SHORT,0.4893771559000015,0.499873548746109,0.47888076305389404,0.499873548746109,0.4018569886684418,51.06228440999985,0.5078837871551514,1,True,False,True,52.0,True,0.15597790479660034,UNRANKED,,False,,,
2016-08-31,2016-09-01,2016-09-02,NOW,XLK,14.425999641418457,14.715999603271484,14.743713515145439,1,stop_loss,SHORT,SHORT,0.49027860164642334,0.5016764402389526,0.47888076305389404,0.5016764402389526,0.3721805810928345,50.972139835357666,0.5078837871551514,1,True,False,True,52.0,True,0.025180548429489143,UNRANKED,,False,,,
2016-09-01,2016-09-02,2016-09-06,NOW,XLK,14.819999694824219,14.906000137329102,15.166570663452148,1,stop_loss,SHORT,SHORT,0.4954037070274353,0.49900978803634644,0.49179762601852417,0.49900978803634644,0.39809489250183105,50.45962929725647,0.5078837871551514,2,False,True,True,52.0,True,0.09056830406188972,UNRANKED,,False,,,
2016-09-02,2016-09-06,2016-09-09,NOW,XLK,15.345999717712402,14.484000205993652,14.963142939976283,3,take_profit,SHORT,SHORT,0.4917042851448059,0.49900978803634644,0.4843987822532654,0.49900978803634644,0.35000109672546387,50.82957148551941,0.5078837871551514,1,True,False,True,52.0,True,0.16074350476264956,UNRANKED,,False,,,
2016-09-06,2016-09-07,2016-09-08,NOW,XLK,15.47599983215332,14.51200008392334,15.11428587777274,1,take_profit,SHORT,SHORT,0.4826643168926239,0.49900978803634644,0.46631884574890137,0.49900978803634644,0.43291836977005005,51.73356831073761,0.5078837871551514,1,True,False,True,52.0,True,0.09914481639862072,UNRANKED,,False,,,
2016-09-07,2016-09-08,2016-09-09,NOW,XLK,15.279999732971191,15.541999816894531,14.926571573529925,1,take_profit,SHORT,SHORT,0.4894406795501709,0.5000005960464478,0.47888076305389404,0.5000005960464478,0.410945862531662,51.05593204498291,0.5078837871551514,1,True,False,True,52.0,True,0.17032641172409066,UNRANKED,,False,,,
2016-09-08,2016-09-09,2016-09-13,NOW,XLK,14.96399974822998,15.458000183105469,14.577428681509835,2,stop_loss,LONG,LONG,0.5078838169574738,0.5000005960464478,0.5157670378684998,0.5000005960464478,0.5019615292549133,50.788381695747375,0.5078837871551514,1,True,True,False,52.0,True,0.6330256760120392,UNRANKED,,False,,,
2016-09-09,2016-09-12,2016-09-15,NOW,XLK,14.644000053405762,15.197999954223633,15.064856937953405,3,take_profit,LONG,LONG,0.5102803707122803,0.5016764402389526,0.5188843011856079,0.5016764402389526,0.4809740483760834,51.02803707122803,0.5078837871551514,1,True,True,False,52.0,True,0.5159991383552552,UNRANKED,,False,,,
2016-09-12,2016-09-13,2016-09-15,NOW,XLK,14.722000122070312,15.055999755859375,15.104285648890905,2,take_profit,LONG,LONG,0.5046905279159546,0.494983971118927,0.5143970847129822,0.494983971118927,0.4093880355358124,50.46905279159546,0.5078837871551514,2,False,True,True,52.0,True,0.3092651963233948,UNRANKED,,False,,,
2016-09-13,2016-09-14,2016-09-15,NOW,XLK,14.494000434875488,15.37600040435791,14.901428767613002,1,take_profit,LONG,LONG,0.5008747577667236,0.5016764402389526,0.5000730752944946,0.5016764402389526,0.4174025356769562,50.08747577667236,0.5078837871551514,2,False,True,True,52.0,True,0.18932613730430603,UNRANKED,,False,,,
2016-09-14,2016-09-15,2016-09-16,NOW,XLK,14.654000282287598,15.583999633789062,15.061142921447754,1,take_profit,LONG,LONG,0.5080367624759674,0.5016764402389526,0.5143970847129822,0.5016764402389526,0.4607871472835541,50.80367624759674,0.5078837871551514,1,True,True,False,52.0,True,0.3715737760066986,UNRANKED,,False,,,
2016-09-15,2016-09-16,2016-09-23,NOW,XLK,15.40999984741211,15.489999771118164,15.489999771118164,5,time_exit,LONG,LONG,0.5024862885475159,0.494983971118927,0.5099886059761047,0.494983971118927,0.3490527272224426,50.24862885475159,0.5078837871551514,2,False,True,True,52.0,True,0.37574687600135814,UNRANKED,,False,,,
2016-09-16,2016-09-19,2016-09-26,NOW,XLK,15.576000213623047,15.350000381469727,15.350000381469727,5,time_exit,SHORT,SHORT,0.4893771559000015,0.499873548746109,0.47888076305389404,0.499873548746109,0.49979886412620544,51.06228440999985,0.5078837871551514,1,True,False,True,52.0,True,0.1466691493988037,UNRANKED,,False,,,
2016-09-19,2016-09-20,2016-09-27,NOW,XLK,15.104000091552734,15.807999610900879,15.67771407536098,5,take_profit,LONG,LONG,0.5049310773611069,0.499873548746109,0.5099886059761047,0.499873548746109,0.45940351486206055,50.49310773611069,0.5078837871551514,2,False,True,True,52.0,True,0.45996028184890764,UNRANKED,,False,,,
2016-09-20,2016-09-21,2016-09-27,NOW,XLK,15.184000015258789,15.954000473022461,15.776571273803711,4,stop_loss,SHORT,SHORT,0.4893771559000015,0.499873548746109,0.47888076305389404,0.499873548746109,0.47464489936828613,51.06228440999985,0.5078837871551514,1,True,False,True,52.0,True,0.1565960943698882,UNRANKED,,False,,,
2016-09-21,2016-09-22,2016-09-29,NOW,XLK,15.489999771118164,15.696000099182129,15.696000099182129,5,time_exit,LONG,LONG,0.5025179386138916,0.5021653771400452,0.502870500087738,0.5021653771400452,0.37990602850914,50.25179386138916,0.5078837871551514,2,False,True,True,52.0,True,0.47538262605667114,UNRANKED,,False,,,
2016-09-22,2016-09-23,2016-09-30,NOW,XLK,15.52400016784668,15.829999923706055,15.829999923706055,5,time_exit,LONG,LONG,0.5047232508659363,0.5021653771400452,0.5072811245918274,0.5021653771400452,0.4041846692562103,50.47232508659363,0.5078837871551514,2,False,True,True,52.0,True,0.42630073428153986,UNRANKED,,False,,,
2016-09-23,2016-09-26,2016-10-03,NOW,XLK,15.425999641418457,15.913999557495117,15.913999557495117,5,time_exit,SHORT,SHORT,0.4900095611810684,0.5000005960464478,0.4800185263156891,0.5000005960464478,0.4472728669643402,50.99904388189316,0.5078837871551514,1,True,False,True,52.0,True,-0.030899673700332617,UNRANKED,,False,,,
2016-09-26,2016-09-27,2016-09-28,NOW,XLK,15.29800033569336,15.855999946594238,15.83314309801374,1,stop_loss,SHORT,SHORT,0.4939649701118469,0.5000005960464478,0.4879293441772461,0.5000005960464478,0.4254140257835388,50.60350298881531,0.5078837871551514,2,False,True,True,52.0,True,0.05613243579864506,UNRANKED,,False,,,
2016-09-27,2016-09-28,2016-10-05,NOW,XLK,15.817999839782715,15.88599967956543,15.88599967956543,5,time_exit,SHORT,SHORT,0.489420548081398,0.5021653771400452,0.47667571902275085,0.5021653771400452,0.3877090513706207,51.0579451918602,0.5078837871551514,1,True,False,True,52.0,True,0.01927170157432559,UNRANKED,,False,,,
2016-09-28,2016-09-29,2016-10-06,NOW,XLK,15.881999969482422,15.675999641418457,15.675999641418457,5,time_exit,LONG,LONG,0.5058748573064804,0.49874112010002136,0.5130085945129395,0.49874112010002136,0.418605238199234,50.58748573064804,0.5078837871551514,2,False,True,True,52.0,True,0.578485608100891,UNRANKED,,False,,,
2016-09-29,2016-09-30,2016-10-07,NOW,XLK,15.751999855041504,15.704000473022461,15.704000473022461,5,time_exit,LONG,LONG,0.5058748573064804,0.49874112010002136,0.5130085945129395,0.49874112010002136,0.3952125012874603,50.58748573064804,0.5078837871551514,2,False,True,True,52.0,True,0.41591876745224,UNRANKED,,False,,,
2016-09-30,2016-10-03,2016-10-10,NOW,XLK,15.814000129699707,16.006000518798828,16.006000518798828,5,time_exit,LONG,LONG,0.5058748573064804,0.49874112010002136,0.5130085945129395,0.49874112010002136,0.4347378611564636,50.58748573064804,0.5078837871551514,2,False,True,True,52.0,True,0.6071329116821288,UNRANKED,,False,,,
2016-10-03,2016-10-04,2016-10-11,NOW,XLK,15.918000221252441,15.760000228881836,15.760000228881836,5,time_exit,SHORT,SHORT,0.4893771559000015,0.499873548746109,0.47888076305389404,0.499873548746109,0.4835778772830963,51.06228440999985,0.5078837871551514,1,True,False,True,52.0,True,-0.2328962385654449,UNRANKED,,False,,,
2016-10-04,2016-10-05,2016-10-12,NOW,XLK,15.789999961853027,15.053999900817871,15.302000182015556,5,take_profit,SHORT,SHORT,0.48252998292446136,0.49874112010002136,0.46631884574890137,0.49874112010002136,0.45929601788520813,51.74700170755386,0.5078837871551514,1,True,False,True,52.0,True,0.005265355110168398,UNRANKED,,False,,,
2016-10-05,2016-10-06,2016-10-12,NOW,XLK,15.89799976348877,15.07800006866455,15.55285712650844,4,stop_loss,LONG,LONG,0.5014286488294601,0.499873548746109,0.5029837489128113,0.499873548746109,0.4124796986579895,50.142864882946014,0.5078837871551514,2,False,True,True,52.0,True,0.22685843706130973,UNRANKED,,False,,,
2016-10-06,2016-10-07,2016-10-10,NOW,XLK,15.630000114440918,15.12399959564209,15.993142809186663,1,take_profit,LONG,LONG,0.5014286488294601,0.499873548746109,0.5029837489128113,0.499873548746109,0.40414172410964966,50.142864882946014,0.5078837871551514,2,False,True,True,52.0,True,0.3544917404651643,UNRANKED,,False,,,
2016-10-07,2016-10-10,2016-10-12,NOW,XLK,15.807999610900879,14.928000450134277,15.477999687194824,2,stop_loss,LONG,LONG,0.5049310773611069,0.499873548746109,0.5099886059761047,0.499873548746109,0.46274110674858093,50.49310773611069,0.5078837871551514,2,False,True,True,52.0,True,0.22322723269462577,UNRANKED,,False,,,
2016-10-10,2016-10-11,2016-10-12,NOW,XLK,16.049999237060547,15.232000350952148,15.697142192295619,1,take_profit,SHORT,SHORT,0.48894527554512024,0.49900978803634644,0.47888076305389404,0.49900978803634644,0.4695405066013336,51.105472445487976,0.5078837871551514,1,True,False,True,52.0,True,0.07393682003021236,UNRANKED,,False,,,
2016-10-11,2016-10-12,2016-10-17,NOW,XLK,15.326000213623047,15.784000396728516,14.983714648655482,3,take_profit,SHORT,SHORT,0.4967370331287384,0.5016764402389526,0.49179762601852417,0.5016764402389526,0.3972851634025574,50.32629668712616,0.5078837871551514,2,False,True,True,52.0,True,0.018428385257720798,UNRANKED,,False,,,
2016-10-12,2016-10-13,2016-10-19,NOW,XLK,14.949999809265137,15.770000457763672,15.363428388323102,4,stop_loss,SHORT,SHORT,0.4925071746110916,0.5016764402389526,0.4833379089832306,0.5016764402389526,0.35852864384651184,50.74928253889084,0.5078837871551514,2,False,True,True,52.0,True,0.10141488909721358,UNRANKED,,False,,,
2016-10-13,2016-10-14,2016-10-19,NOW,XLK,15.229999542236328,16.011999130249023,15.633428164890834,3,stop_loss,SHORT,SHORT,0.49866923689842224,0.5016764402389526,0.49566203355789185,0.5016764402389526,0.4073044955730438,50.133076310157776,0.5078837871551514,2,False,True,True,52.0,True,-0.05217179656028734,UNRANKED,,False,,,
2016-10-14,2016-10-17,2016-10-19,NOW,XLK,15.145999908447266,16.200000762939453,15.535999979291644,2,stop_loss,SHORT,SHORT,0.4967370331287384,0.5016764402389526,0.49179762601852417,0.5016764402389526,0.42487508058547974,50.32629668712616,0.5078837871551514,2,False,True,True,52.0,True,0.07584944367408764,UNRANKED,,False,,,
2016-10-17,2016-10-18,2016-10-19,NOW,XLK,15.277999877929688,15.958000183105469,15.630571365356445,1,stop_loss,SHORT,SHORT,0.493037611246109,0.5016764402389526,0.4843987822532654,0.5016764402389526,0.3793230652809143,50.6962388753891,0.5078837871551514,2,False,True,True,52.0,True,0.03518843650817862,UNRANKED,,False,,,
2016-10-18,2016-10-19,2016-10-26,NOW,XLK,15.833999633789062,15.779999732971191,15.779999732971191,5,time_exit,LONG,LONG,0.5024862885475159,0.494983971118927,0.5099886059761047,0.494983971118927,0.4073011875152588,50.24862885475159,0.5078837871551514,2,False,True,True,52.0,True,0.2861799895763395,UNRANKED,,False,,,
2016-10-19,2016-10-20,2016-10-24,NOW,XLK,15.741999626159668,16.992000579833984,16.159142357962473,2,take_profit,LONG,LONG,0.5089662075042725,0.5021653771400452,0.5157670378684998,0.5021653771400452,0.5088432431221008,50.896620750427246,0.5078837871551514,1,True,True,False,52.0,True,0.6515587866306307,UNRANKED,,False,,,
2016-10-20,2016-10-21,2016-10-24,NOW,XLK,15.6899995803833,17.224000930786133,16.089999471391952,1,stop_loss,SHORT,SHORT,0.4855829179286957,0.5000005960464478,0.4711652398109436,0.5000005960464478,0.4493268132209778,51.44170820713043,0.5078837871551514,1,True,False,True,52.0,True,0.18072125315666188,UNRANKED,,False,,,
2016-10-21,2016-10-24,2016-10-27,NOW,XLK,16.077999114990234,17.582000732421875,16.50057029724121,3,take_profit,LONG,LONG,0.5075869858264923,0.5021653771400452,0.5130085945129395,0.5021653771400452,0.4930330216884613,50.75869858264923,0.5078837871551514,2,False,True,True,52.0,True,0.312949389219284,UNRANKED,,False,,,
2016-10-24,2016-10-25,2016-10-26,NOW,XLK,16.22599983215332,17.378000259399414,15.784856932503837,1,stop_loss,LONG,LONG,0.5058748573064804,0.49874112010002136,0.5130085945129395,0.49874112010002136,0.47295382618904114,50.58748573064804,0.5078837871551514,2,False,True,True,52.0,True,0.556290864944458,UNRANKED,,False,,,
2016-10-25,2016-10-26,2016-10-27,NOW,XLK,15.902000427246094,16.917999267578125,16.373429162161692,1,take_profit,LONG,LONG,0.5015997737646103,0.499873548746109,0.5033259987831116,0.499873548746109,0.3875584006309509,50.15997737646103,0.5078837871551514,2,False,True,True,52.0,True,0.30629330873489385,UNRANKED,,False,,,
2016-10-26,2016-10-27,2016-11-03,NOW,XLK,17.36400032043457,16.775999069213867,16.897142955235072,5,stop_loss,LONG,LONG,0.5015997737646103,0.499873548746109,0.5033259987831116,0.499873548746109,0.409927636384964,50.15997737646103,0.5078837871551514,2,False,True,True,52.0,True,0.30442485213279713,UNRANKED,,False,,,
2016-10-27,2016-10-28,2016-11-04,NOW,XLK,17.04199981689453,16.642000198364258,16.642000198364258,5,time_exit,LONG,LONG,0.5044426321983337,0.49889665842056274,0.5099886059761047,0.49889665842056274,0.4002976417541504,50.444263219833374,0.5078837871551514,2,False,True,True,52.0,True,0.2981752753257752,UNRANKED,,False,,,
2016-10-28,2016-10-31,2016-11-07,NOW,XLK,17.22599983215332,17.01799964904785,17.01799964904785,5,time_exit,LONG,LONG,0.5044426321983337,0.49889665842056274,0.5099886059761047,0.49889665842056274,0.42183852195739746,50.444263219833374,0.5078837871551514,2,False,True,True,52.0,True,0.38398307561874395,UNRANKED,,False,,,
2016-10-31,2016-11-01,2016-11-03,NOW,XLK,17.489999771118164,17.100000381469727,16.847999572753906,2,stop_loss,LONG,LONG,0.5016872584819794,0.5000485181808472,0.5033259987831116,0.5000485181808472,0.4173242747783661,50.16872584819794,0.5078837871551514,2,False,True,True,52.0,True,0.4848742187023163,UNRANKED,,False,,,
2016-11-01,2016-11-02,2016-11-09,NOW,XLK,17.20400047302246,16.996000289916992,16.996000289916992,5,time_exit,LONG,LONG,0.5073791444301605,0.4989912509918213,0.5157670378684998,0.4989912509918213,0.4585873782634735,50.73791444301605,0.5078837871551514,2,False,True,True,52.0,True,0.5382274985313414,UNRANKED,,False,,,
2016-11-02,2016-11-03,2016-11-10,NOW,XLK,16.913999557495117,16.42799949645996,16.42799949645996,5,time_exit,SHORT,SHORT,0.4888887107372284,0.49889665842056274,0.47888076305389404,0.49889665842056274,0.445717990398407,51.11112892627716,0.5078837871551514,1,True,False,True,52.0,True,0.14620491862297053,UNRANKED,,False,,,
2016-11-03,2016-11-04,2016-11-11,NOW,XLK,16.799999237060547,16.525999069213867,16.525999069213867,5,time_exit,LONG,LONG,0.5073791444301605,0.4989912509918213,0.5157670378684998,0.4989912509918213,0.4338430166244507,50.73791444301605,0.5078837871551514,2,False,True,True,52.0,True,0.35519900918006897,UNRANKED,,False,,,
2016-11-04,2016-11-07,2016-11-14,NOW,XLK,16.95400047302246,16.65399932861328,16.65399932861328,5,time_exit,LONG,LONG,0.5073318481445312,0.49889665842056274,0.5157670378684998,0.49889665842056274,0.477975070476532,50.733184814453125,0.5078837871551514,2,False,True,True,52.0,True,0.6250849962234496,UNRANKED,,False,,,
2016-11-07,2016-11-08,2016-11-15,NOW,XLK,16.893999099731445,17.124000549316406,17.124000549316406,5,time_exit,LONG,LONG,0.5172045826911926,0.5076414942741394,0.5267676711082458,0.5076414942741394,0.4281453490257263,51.72045826911926,0.5078837871551514,1,True,True,False,52.0,True,0.5079572200775146,UNRANKED,,False,,,
2016-11-08,2016-11-09,2016-11-16,NOW,XLK,16.79800033569336,17.134000778198242,17.134000778198242,5,time_exit,SHORT,SHORT,0.49458083510398865,0.5033520460128784,0.4858096241950989,0.5033520460128784,0.4477665424346924,50.541916489601135,0.5078837871551514,2,False,True,True,52.0,True,0.5075887143611908,UNRANKED,,False,,,
2016-11-09,2016-11-10,2016-11-11,NOW,XLK,17.149999618530273,17.365999221801758,16.556570598057338,1,take_profit,SHORT,SHORT,0.49290604889392853,0.4967510998249054,0.48906099796295166,0.4967510998249054,0.42952024936676025,50.70939511060715,0.5078837871551514,2,False,True,True,52.0,True,0.21961575746536266,UNRANKED,,False,,,
2016-11-10,2016-11-11,2016-11-15,NOW,XLK,16.36199951171875,17.149999618530273,17.00200026375907,2,take_profit,LONG,LONG,0.5037986636161804,0.5000485181808472,0.5075488090515137,0.5000485181808472,0.3778333067893982,50.37986636161804,0.5078837871551514,2,False,True,True,52.0,True,0.528854489326477,UNRANKED,,False,,,
2016-11-11,2016-11-14,2016-11-17,NOW,XLK,16.577999114990234,17.309999465942383,17.205142429896764,3,stop_loss,SHORT,SHORT,0.4964393228292465,0.490008145570755,0.502870500087738,0.490008145570755,0.44207763671875,50.35606771707535,0.5078837871551514,2,False,True,True,52.0,True,0.284615159034729,UNRANKED,,False,,,
2016-11-14,2016-11-15,2016-11-17,NOW,XLK,16.68600082397461,17.246000289916992,17.296858378819056,2,take_profit,LONG,LONG,0.5074621737003326,0.5000485181808472,0.5148758292198181,0.5000485181808472,0.3994295597076416,50.746217370033264,0.5078837871551514,2,False,True,True,52.0,True,1.0263558328151703,UNRANKED,,False,,,
2016-11-15,2016-11-16,2016-11-23,NOW,XLK,17.04800033569336,17.40999984741211,17.40999984741211,5,time_exit,LONG,LONG,0.5074621737003326,0.5000485181808472,0.5148758292198181,0.5000485181808472,0.2703225314617157,50.746217370033264,0.5078837871551514,2,False,True,True,52.0,True,0.6872691810131073,UNRANKED,,False,,,
2016-11-16,2016-11-17,2016-11-25,NOW,XLK,17.15399932861328,17.54800033569336,17.54800033569336,5,time_exit,LONG,LONG,0.5078838169574738,0.5000005960464478,0.5157670378684998,0.5000005960464478,0.38586074113845825,50.788381695747375,0.5078837871551514,1,True,True,False,52.0,True,0.18205851316452012,UNRANKED,,False,,,
2016-11-17,2016-11-18,2016-11-28,NOW,XLK,17.402000427246094,16.964000701904297,16.964000701904297,5,time_exit,LONG,LONG,0.504384309053421,0.4987800121307373,0.5099886059761047,0.4987800121307373,0.4108563959598541,50.4384309053421,0.5078837871551514,2,False,True,True,52.0,True,0.2899062931537628,UNRANKED,,False,,,
2016-11-18,2016-11-21,2016-11-29,NOW,XLK,17.15999984741211,16.68400001525879,16.69942828587123,5,stop_loss,LONG,LONG,0.504364863038063,0.49874112010002136,0.5099886059761047,0.49874112010002136,0.38337332010269165,50.436486303806305,0.5078837871551514,2,False,True,True,52.0,True,0.3519934415817261,UNRANKED,,False,,,
2016-11-21,2016-11-22,2016-11-29,NOW,XLK,17.25200080871582,16.6299991607666,16.797715050833567,4,stop_loss,LONG,LONG,0.5049310773611069,0.499873548746109,0.5099886059761047,0.499873548746109,0.5356472730636597,50.49310773611069,0.5078837871551514,2,False,True,True,52.0,True,-0.1977263391017914,UNRANKED,,False,,,
2016-11-22,2016-11-23,2016-11-29,NOW,XLK,17.18600082397461,15.418000221252441,16.788286754063197,3,stop_loss,LONG,LONG,0.5049310773611069,0.499873548746109,0.5099886059761047,0.499873548746109,0.5368879437446594,50.49310773611069,0.5078837871551514,2,False,True,True,52.0,True,0.06838351488113406,UNRANKED,,False,,,
2016-11-23,2016-11-25,2016-11-28,NOW,XLK,17.381999969482422,15.312000274658203,16.981143133980886,1,stop_loss,LONG,LONG,0.504364863038063,0.49874112010002136,0.5099886059761047,0.49874112010002136,0.49927079677581787,50.436486303806305,0.5078837871551514,2,False,True,True,52.0,True,0.5349778831005096,UNRANKED,,False,,,
2016-11-25,2016-11-28,2016-11-29,NOW,XLK,17.540000915527344,15.973999977111816,17.138572420392716,1,stop_loss,LONG,LONG,0.504364863038063,0.49874112010002136,0.5099886059761047,0.49874112010002136,0.5245742797851562,50.436486303806305,0.5078837871551514,2,False,True,True,52.0,True,0.5831122398376466,UNRANKED,,False,,,
2016-11-28,2016-11-29,2016-12-01,NOW,XLK,16.969999313354492,15.92199993133545,16.538856506347656,2,take_profit,SHORT,SHORT,0.4888109415769577,0.49874112010002136,0.47888076305389404,0.49874112010002136,0.3935643434524536,51.11890584230423,0.5078837871551514,1,True,False,True,52.0,True,0.01772654056549066,UNRANKED,,False,,,
2016-11-29,2016-11-30,2016-12-01,NOW,XLK,16.850000381469727,15.996000289916992,16.39057186671666,1,stop_loss,LONG,LONG,0.5058325231075287,0.5016764402389526,0.5099886059761047,0.5016764402389526,0.41702741384506226,50.58325231075287,0.5078837871551514,2,False,True,True,52.0,True,-0.31272086501121527,UNRANKED,,False,,,
2016-11-30,2016-12-01,2016-12-02,NOW,XLK,16.639999389648438,16.02199935913086,16.187713623046875,1,take_profit,SHORT,SHORT,0.48252998292446136,0.49874112010002136,0.46631884574890137,0.49874112010002136,0.38698843121528625,51.74700170755386,0.5078837871551514,1,True,False,True,52.0,True,0.005378127098083427,UNRANKED,,False,,,
2016-12-01,2016-12-02,2016-12-05,NOW,XLK,14.569999694824219,15.880000114440918,15.1142851965768,1,stop_loss,SHORT,SHORT,0.4961055964231491,0.5033520460128784,0.4888591468334198,0.5033520460128784,0.3564263880252838,50.38944035768509,0.5078837871551514,2,False,True,True,52.0,True,0.1807694435119628,UNRANKED,,False,,,
2016-12-02,2016-12-05,2016-12-08,NOW,XLK,15.465999603271484,15.576000213623047,16.011428015572683,3,stop_loss,SHORT,SHORT,0.4938754141330719,0.5033520460128784,0.4843987822532654,0.5033520460128784,0.37166792154312134,50.61245858669281,0.5078837871551514,2,False,True,True,52.0,True,0.1821094751358032,UNRANKED,,False,,,
2016-12-05,2016-12-06,2016-12-13,NOW,XLK,16.0,15.878000259399414,15.878000259399414,5,time_exit,LONG,LONG,0.5073791444301605,0.4989912509918213,0.5157670378684998,0.4989912509918213,0.4738411009311676,50.73791444301605,0.5078837871551514,2,False,True,True,52.0,True,0.6788109242916108,UNRANKED,,False,,,
2016-12-06,2016-12-07,2016-12-14,NOW,XLK,16.034000396728516,15.789999961853027,15.789999961853027,5,time_exit,LONG,LONG,0.5079077780246735,0.5000485181808472,0.5157670378684998,0.5000485181808472,0.4057183265686035,50.790777802467346,0.5078837871551514,1,True,True,False,52.0,True,0.7558433711528778,UNRANKED,,False,,,
2016-12-07,2016-12-08,2016-12-15,NOW,XLK,16.079999923706055,15.88599967956543,15.88599967956543,5,time_exit,LONG,LONG,0.5073791444301605,0.4989912509918213,0.5157670378684998,0.4989912509918213,0.4185791015625,50.73791444301605,0.5078837871551514,2,False,True,True,52.0,True,0.5288141369819641,UNRANKED,,False,,,
2016-12-08,2016-12-09,2016-12-12,NOW,XLK,16.145999908447266,15.571999549865723,15.60428592136928,1,stop_loss,LONG,LONG,0.5133970081806183,0.4989912509918213,0.5278027653694153,0.4989912509918213,0.42042243480682373,51.33970081806183,0.5078837871551514,1,True,True,False,52.0,True,0.5125718712806702,UNRANKED,,False,,,
2016-12-09,2016-12-12,2016-12-19,NOW,XLK,15.770000457763672,15.5,15.5,5,time_exit,SHORT,SHORT,0.4934062063694,0.5033520460128784,0.48346036672592163,0.5033520460128784,0.418833464384079,50.65937936306,0.5078837871551514,2,False,True,True,52.0,True,0.4568361341953278,UNRANKED,,False,,,
2016-12-12,2016-12-13,2016-12-20,NOW,XLK,15.73799991607666,15.65999984741211,15.65999984741211,5,time_exit,LONG,LONG,0.5066703259944916,0.5033520460128784,0.5099886059761047,0.5033520460128784,0.471751868724823,50.66703259944916,0.5078837871551514,2,False,True,True,52.0,True,0.5006501972675322,UNRANKED,,False,,,
2016-12-13,2016-12-14,2016-12-21,NOW,XLK,15.923999786376953,15.449999809265137,15.449999809265137,5,time_exit,LONG,LONG,0.5045982003211975,0.4992077946662903,0.5099886059761047,0.4992077946662903,0.4265652298927307,50.45982003211975,0.5078837871551514,2,False,True,True,52.0,True,0.050862967967987144,UNRANKED,,False,,,
2016-12-14,2016-12-15,2016-12-22,NOW,XLK,15.78600025177002,14.90999984741211,15.211143221173968,5,stop_loss,LONG,LONG,0.5045982003211975,0.4992077946662903,0.5099886059761047,0.4992077946662903,0.45204558968544006,50.45982003211975,0.5078837871551514,2,False,True,True,52.0,True,0.28993281722068787,UNRANKED,,False,,,
2016-12-15,2016-12-16,2016-12-22,NOW,XLK,15.892000198364258,15.204000473022461,15.32314327784947,4,stop_loss,LONG,LONG,0.5045982003211975,0.4992077946662903,0.5099886059761047,0.4992077946662903,0.4342969059944153,50.45982003211975,0.5078837871551514,2,False,True,True,52.0,True,-0.013395935297012308,UNRANKED,,False,,,
2016-12-16,2016-12-19,2016-12-22,NOW,XLK,15.543999671936035,15.37600040435791,15.013714109148298,3,take_profit,SHORT,SHORT,0.48904427886009216,0.4992077946662903,0.47888076305389404,0.4992077946662903,0.3920813202857971,51.095572113990784,0.5078837871551514,1,True,False,True,52.0,True,0.2296970188617707,UNRANKED,,False,,,
2016-12-19,2016-12-20,2016-12-22,NOW,XLK,15.619999885559082,15.043999671936035,15.119428770882744,2,stop_loss,LONG,LONG,0.5066703259944916,0.5033520460128784,0.5099886059761047,0.5033520460128784,0.6358598470687866,50.66703259944916,0.5078837871551514,2,False,True,True,52.0,True,0.86721733212471,HIGH,,True,2.4270901152673288,1.0,-0.035231613306479614
2016-12-20,2016-12-21,2016-12-22,NOW,XLK,15.607999801635742,14.98799991607666,15.092285973685128,1,stop_loss,LONG,LONG,0.5011586248874664,0.4989912509918213,0.5033259987831116,0.4989912509918213,0.49899956583976746,50.11586248874664,0.5078837871551514,2,False,True,True,52.0,True,0.6885136365890504,UNRANKED,,False,,,
2016-12-21,2016-12-22,2016-12-29,NOW,XLK,15.383999824523926,14.868000030517578,15.011428696768624,4,stop_loss,LONG,LONG,0.5015997737646103,0.499873548746109,0.5033259987831116,0.499873548746109,0.5124748349189758,50.15997737646103,0.5078837871551514,2,False,True,True,52.0,True,0.2748337388038637,UNRANKED,,False,,,
2016-12-22,2016-12-23,2016-12-27,NOW,XLK,14.920000076293945,15.131999969482422,15.354571206229073,1,stop_loss,SHORT,SHORT,0.49027860164642334,0.5016764402389526,0.47888076305389404,0.5016764402389526,0.43914180994033813,50.972139835357666,0.5078837871551514,1,True,False,True,52.0,True,-0.2028929591178893,UNRANKED,,False,,,
2016-12-23,2016-12-27,2017-01-04,NOW,XLK,15.20199966430664,15.765999794006348,15.583999497549874,5,stop_loss,SHORT,SHORT,0.48784275352954865,0.49900978803634644,0.47667571902275085,0.49900978803634644,0.3253083825111389,51.215724647045135,0.5078837871551514,1,True,False,True,52.0,True,-0.48060864210128795,UNRANKED,,False,,,
2016-12-27,2016-12-28,2016-12-30,NOW,XLK,15.35200023651123,15.826000213623047,14.952857562473842,2,take_profit,SHORT,SHORT,0.49123507738113403,0.49900978803634644,0.48346036672592163,0.49900978803634644,0.3992222547531128,50.8764922618866,0.5078837871551514,1,True,False,True,52.0,True,-0.06738984584808358,UNRANKED,,False,,,
2016-12-28,2016-12-29,2017-01-04,NOW,XLK,15.034000396728516,16.420000076293945,15.470000267028809,3,stop_loss,SHORT,SHORT,0.48917607963085175,0.5016764402389526,0.47667571902275085,0.5016764402389526,0.3691878616809845,51.082392036914825,0.5078837871551514,1,True,False,True,52.0,True,-0.11467963457107537,UNRANKED,,False,,,
2016-12-29,2016-12-30,2017-01-04,NOW,XLK,15.022000312805176,16.399999618530273,15.462285995483398,2,stop_loss,SHORT,SHORT,0.48917607963085175,0.5016764402389526,0.47667571902275085,0.5016764402389526,0.3562350273132324,51.082392036914825,0.5078837871551514,1,True,False,True,52.0,True,-0.16361984610557545,UNRANKED,,False,,,
2016-12-30,2017-01-03,2017-01-04,NOW,XLK,15.062000274658203,16.333999633789062,15.499143191746303,1,take_profit,LONG,LONG,0.5078838169574738,0.5000005960464478,0.5157670378684998,0.5000005960464478,0.5877618193626404,50.788381695747375,0.5078837871551514,1,True,True,False,52.0,True,0.3779658377170562,UNRANKED,,False,,,
2017-01-03,2017-01-04,2017-01-05,NOW,XLK,15.218000411987305,16.780000686645508,15.649429048810687,1,take_profit,LONG,LONG,0.5072735249996185,0.4987800121307373,0.5157670378684998,0.4987800121307373,0.5292038321495056,50.72735249996185,0.5078837871551514,2,False,True,True,52.0,True,0.38049644231796276,UNRANKED,,False,,,
2017-01-04,2017-01-05,2017-01-06,NOW,XLK,15.741999626159668,16.691999435424805,16.22085680280413,1,take_profit,LONG,LONG,0.5072735249996185,0.4987800121307373,0.5157670378684998,0.4987800121307373,0.42031508684158325,50.72735249996185,0.5078837871551514,2,False,True,True,52.0,True,0.23478043079376218,UNRANKED,,False,,,
2017-01-05,2017-01-06,2017-01-09,NOW,XLK,15.847999572753906,16.70599937438965,16.322856766836985,1,take_profit,LONG,LONG,0.5078838169574738,0.5000005960464478,0.5157670378684998,0.5000005960464478,0.5304770469665527,50.788381695747375,0.5078837871551514,1,True,True,False,52.0,True,0.26217225193977334,UNRANKED,,False,,,
2017-01-06,2017-01-09,2017-01-17,NOW,XLK,16.360000610351562,16.281999588012695,16.281999588012695,5,time_exit,SHORT,SHORT,0.49158939719200134,0.4987800121307373,0.4843987822532654,0.4987800121307373,0.3382194936275482,50.841060280799866,0.5078837871551514,1,True,False,True,52.0,True,0.19817817211151123,UNRANKED,,False,,,
2017-01-09,2017-01-10,2017-01-18,NOW,XLK,16.450000762939453,16.56999969482422,16.56999969482422,5,time_exit,LONG,LONG,0.5049310773611069,0.499873548746109,0.5099886059761047,0.499873548746109,0.48262524604797363,50.49310773611069,0.5078837871551514,2,False,True,True,52.0,True,0.42959973216056824,UNRANKED,,False,,,
2017-01-10,2017-01-11,2017-01-19,NOW,XLK,16.25200080871582,16.540000915527344,16.540000915527344,5,time_exit,LONG,LONG,0.5049310773611069,0.499873548746109,0.5099886059761047,0.499873548746109,0.4551772475242615,50.49310773611069,0.5078837871551514,2,False,True,True,52.0,True,0.22516763210296623,UNRANKED,,False,,,
2017-01-11,2017-01-12,2017-01-20,NOW,XLK,16.604000091552734,16.68000030517578,16.68000030517578,5,time_exit,LONG,LONG,0.501167893409729,0.49900978803634644,0.5033259987831116,0.49900978803634644,0.4234537184238434,50.1167893409729,0.5078837871551514,2,False,True,True,52.0,True,0.29949471354484575,UNRANKED,,False,,,
2017-01-12,2017-01-13,2017-01-23,NOW,XLK,16.763999938964844,16.649999618530273,16.649999618530273,5,time_exit,LONG,LONG,0.5015997737646103,0.499873548746109,0.5033259987831116,0.499873548746109,0.4170045554637909,50.15997737646103,0.5078837871551514,2,False,True,True,52.0,True,0.43908658623695357,UNRANKED,,False,,,
2017-01-13,2017-01-17,2017-01-24,NOW,XLK,16.615999221801758,16.79400062561035,16.79400062561035,5,time_exit,LONG,LONG,0.5015997737646103,0.499873548746109,0.5033259987831116,0.499873548746109,0.4424923062324524,50.15997737646103,0.5078837871551514,2,False,True,True,52.0,True,0.28519871830940263,UNRANKED,,False,,,
2017-01-17,2017-01-18,2017-01-25,NOW,XLK,16.601999282836914,17.27199935913086,17.07199968610491,5,take_profit,LONG,LONG,0.5016632974147797,0.5000005960464478,0.5033259987831116,0.5000005960464478,0.40858080983161926,50.166329741477966,0.5078837871551514,2,False,True,True,52.0,True,0.338295578956604,UNRANKED,,False,,,
2017-01-18,2017-01-19,2017-01-25,NOW,XLK,16.591999053955078,17.895999908447266,17.078570910862513,4,take_profit,LONG,LONG,0.5016632974147797,0.5000005960464478,0.5033259987831116,0.5000005960464478,0.443394273519516,50.166329741477966,0.5078837871551514,2,False,True,True,52.0,True,0.2801896333694458,UNRANKED,,False,,,
2017-01-19,2017-01-20,2017-01-25,NOW,XLK,16.624000549316406,18.01799964904785,17.067429270063126,3,take_profit,LONG,LONG,0.500912606716156,0.5000005960464478,0.5018246173858643,0.5000005960464478,0.4382515549659729,50.0912606716156,0.5078837871551514,2,False,True,True,52.0,True,0.1631475090980529,UNRANKED,,False,,,
2017-01-20,2017-01-23,2017-01-25,NOW,XLK,16.76799964904785,18.02400016784668,17.223428317478724,2,stop_loss,SHORT,SHORT,0.48252998292446136,0.49874112010002136,0.46631884574890137,0.49874112010002136,0.41958215832710266,51.74700170755386,0.5078837871551514,1,True,False,True,52.0,True,0.08662766218185419,UNRANKED,,False,,,
2017-01-23,2017-01-24,2017-01-25,NOW,XLK,16.77199935913086,18.124000549316406,17.214570999145508,1,take_profit,LONG,LONG,0.5008624345064163,0.49874112010002136,0.5029837489128113,0.49874112010002136,0.4012922942638397,50.08624345064163,0.5078837871551514,2,False,True,True,52.0,True,0.33101740479469294,UNRANKED,,False,,,
2017-01-24,2017-01-25,2017-01-26,NOW,XLK,16.98200035095215,17.940000534057617,17.40742928641183,1,stop_loss,SHORT,SHORT,0.4917304813861847,0.5000005960464478,0.48346036672592163,0.5000005960464478,0.4864702820777893,50.82695186138153,0.5078837871551514,1,True,False,True,52.0,True,0.2899087965488434,UNRANKED,,False,,,
2017-01-25,2017-01-26,2017-02-01,NOW,XLK,18.402000427246094,17.77199935913086,17.99885736192976,4,take_profit,SHORT,SHORT,0.4905230700969696,0.5021653771400452,0.47888076305389404,0.5021653771400452,0.31472107768058777,50.94769299030304,0.5078837871551514,1,True,False,True,52.0,True,0.05921968817710881,UNRANKED,,False,,,
2017-01-26,2017-01-27,2017-02-03,NOW,XLK,17.802000045776367,17.893999099731445,17.893999099731445,5,time_exit,SHORT,SHORT,0.4905230700969696,0.5021653771400452,0.47888076305389404,0.5021653771400452,0.37084686756134033,50.94769299030304,0.5078837871551514,1,True,False,True,52.0,True,0.1495421528816223,UNRANKED,,False,,,
2017-01-27,2017-01-30,2017-02-06,NOW,XLK,17.920000076293945,18.100000381469727,18.100000381469727,5,time_exit,SHORT,SHORT,0.4830961972475052,0.499873548746109,0.46631884574890137,0.499873548746109,0.44312992691993713,51.69038027524948,0.5078837871551514,1,True,False,True,52.0,True,0.03178676962852468,UNRANKED,,False,,,
2017-01-30,2017-01-31,2017-02-07,NOW,XLK,18.020000457763672,18.131999969482422,18.131999969482422,5,time_exit,SHORT,SHORT,0.493037611246109,0.5016764402389526,0.4843987822532654,0.5016764402389526,0.40168747305870056,50.6962388753891,0.5078837871551514,2,False,True,True,52.0,True,-0.1702353954315187,UNRANKED,,False,,,
2017-01-31,2017-02-01,2017-02-02,NOW,XLK,18.233999252319336,18.01799964904785,17.814856120518275,1,take_profit,SHORT,SHORT,0.493037611246109,0.5016764402389526,0.4843987822532654,0.5016764402389526,0.4127066731452942,50.6962388753891,0.5078837871551514,2,False,True,True,52.0,True,0.006752133369445669,UNRANKED,,False,,,
2017-02-01,2017-02-02,2017-02-09,NOW,XLK,17.850000381469727,18.459999084472656,18.23171479361398,5,take_profit,LONG,LONG,0.5058325231075287,0.5016764402389526,0.5099886059761047,0.5016764402389526,0.31184396147727966,50.58325231075287,0.5078837871551514,2,False,True,True,52.0,True,0.1580736041069031,UNRANKED,,False,,,
2017-02-02,2017-02-03,2017-02-09,NOW,XLK,17.836000442504883,18.492000579833984,18.229143415178573,4,stop_loss,SHORT,SHORT,0.4916669577360153,0.499873548746109,0.48346036672592163,0.499873548746109,0.4180692434310913,50.83330422639847,0.5078837871551514,1,True,False,True,52.0,True,0.23466655611991874,UNRANKED,,False,,,
2017-02-03,2017-02-06,2017-02-09,NOW,XLK,17.83799934387207,18.347999572753906,18.24657085963658,3,take_profit,LONG,LONG,0.5049946010112762,0.5000005960464478,0.5099886059761047,0.5000005960464478,0.4152431786060333,50.499460101127625,0.5078837871551514,2,False,True,True,52.0,True,0.45027205348014826,UNRANKED,,False,,,
2017-02-06,2017-02-07,2017-02-14,NOW,XLK,18.16200065612793,18.577999114990234,18.53942952837263,5,stop_loss,SHORT,SHORT,0.4921361654996872,0.499873548746109,0.4843987822532654,0.499873548746109,0.4884807765483856,50.78638345003128,0.5078837871551514,2,False,True,True,52.0,True,0.1121227443218231,UNRANKED,,False,,,
2017-02-07,2017-02-08,2017-02-09,NOW,XLK,17.95199966430664,18.79400062561035,18.292857033865793,1,take_profit,LONG,LONG,0.5078763365745544,0.5108339190483093,0.5049187541007996,0.4902472062085784,0.5135040879249573,50.787633657455444,0.5150555968284607,2,False,True,True,58.06828460971042,False,-0.11915919184684753,UNRANKED,,False,,,
2017-02-08,2017-02-09,2017-02-10,NOW,XLK,18.027999877929688,18.3700008392334,18.380857467651367,1,stop_loss,SHORT,SHORT,0.49648068845272064,0.5118270516395569,0.4811343252658844,0.4907534023665332,0.4734720289707184,50.351931154727936,0.5150555968284607,2,False,True,True,58.06828460971042,False,-0.018613159656524596,UNRANKED,,False,,,
2017-02-09,2017-02-10,2017-02-17,NOW,XLK,18.516000747680664,18.54800033569336,18.54800033569336,5,time_exit,LONG,LONG,0.5144146978855133,0.523910641670227,0.5049187541007996,0.49691357478328124,0.50831139087677,51.44146978855133,0.5150555968284607,2,False,True,True,58.06828460971042,False,0.21307212114334112,UNRANKED,,False,,,
2017-02-10,2017-02-13,2017-02-21,NOW,XLK,18.43600082397461,18.63599967956543,18.63599967956543,5,time_exit,SHORT,SHORT,0.47963206470012665,0.5003260374069214,0.4589380919933319,0.4848928042617804,0.451266348361969,52.036793529987335,0.5150555968284607,1,True,False,True,58.06828460971042,False,-0.004671275615692264,UNRANKED,,False,,,
2017-02-13,2017-02-14,2017-02-15,NOW,XLK,18.336000442504883,18.59600067138672,18.732286725725448,1,stop_loss,SHORT,SHORT,0.47203706204891205,0.48503708839416504,0.45903703570365906,0.47710868076270413,0.44151395559310913,52.796293795108795,0.5150555968284607,1,True,False,True,58.06828460971042,False,-0.05358284711837781,UNRANKED,,False,,,
2017-02-14,2017-02-15,2017-02-23,NOW,XLK,18.488000869750977,18.530000686645508,18.530000686645508,5,time_exit,SHORT,SHORT,0.49948830902576447,0.5089802742004395,0.4899963438510895,0.4893024643063051,0.46535560488700867,50.05116909742355,0.5150555968284607,2,False,True,True,58.06828460971042,False,0.31392741203308105,UNRANKED,,False,,,
2017-02-15,2017-02-16,2017-02-24,NOW,XLK,18.788000106811523,18.36400032043457,18.485427856445312,5,take_profit,SHORT,SHORT,0.48754481971263885,0.5139665007591248,0.46112313866615295,0.49184393505756663,0.48501724004745483,51.245518028736115,0.5150555968284607,2,False,True,True,58.06828460971042,False,0.10621237754821766,UNRANKED,,False,,,
2017-02-16,2017-02-17,2017-02-27,NOW,XLK,18.374000549316406,17.549999237060547,18.028285435267858,5,stop_loss,LONG,LONG,0.5195629596710205,0.5170430541038513,0.5220828652381897,0.4934122674856256,0.4804956912994385,51.95629596710205,0.5150555968284607,1,True,True,False,58.06828460971042,False,0.13776466250419606,UNRANKED,,False,,,
2017-02-17,2017-02-21,2017-02-27,NOW,XLK,18.604000091552734,17.384000778198242,18.233713694981166,4,stop_loss,LONG,LONG,0.505015105009079,0.5166365504264832,0.4933936595916748,0.4932050362908286,0.4390723407268524,50.5015105009079,0.5150555968284607,2,False,True,True,58.06828460971042,False,-0.01927769184112537,UNRANKED,,False,,,
2017-02-21,2017-02-22,2017-02-27,NOW,XLK,18.54199981689453,17.777999877929688,18.173427854265487,3,take_profit,SHORT,SHORT,0.4761635959148407,0.5071691870689392,0.4451580047607422,0.4883794864255848,0.44607916474342346,52.38364040851593,0.5150555968284607,1,True,False,True,58.06828460971042,False,-0.1555738151073455,UNRANKED,,False,,,
2017-02-22,2017-02-23,2017-02-27,NOW,XLK,18.672000885009766,17.26799964904785,18.32400049482073,2,take_profit,SHORT,SHORT,0.4807644933462143,0.5128626823425293,0.4486663043498993,0.4912812798415261,0.4453240931034088,51.92355066537857,0.5150555968284607,1,True,False,True,58.06828460971042,False,-0.0037736892700195035,UNRANKED,,False,,,
2017-02-23,2017-02-24,2017-02-27,NOW,XLK,18.31999969482422,17.29400062561035,17.98657090323312,1,take_profit,SHORT,SHORT,0.47391441464424133,0.4991625249385834,0.4486663043498993,0.48430011499533326,0.4486290216445923,52.60855853557587,0.5150555968284607,1,True,False,True,58.06828460971042,False,-0.045267373323440614,UNRANKED,,False,,,
2017-02-24,2017-02-27,2017-02-28,NOW,XLK,18.121999740600586,17.25200080871582,17.782285145350865,1,stop_loss,LONG,LONG,0.5223056077957153,0.522528350353241,0.5220828652381897,0.49620880478067436,0.48444584012031555,52.23056077957153,0.5150555968284607,1,True,True,False,58.06828460971042,False,0.2874186336994171,UNRANKED,,False,,,
2017-02-27,2017-02-28,2017-03-07,NOW,XLK,17.444000244140625,17.41200065612793,17.41200065612793,5,time_exit,SHORT,SHORT,0.48156632483005524,0.4661674201488495,0.496965229511261,0.4675172042580418,0.5182327628135681,51.843367516994476,0.5150555968284607,1,True,False,True,58.06828460971042,False,0.021801799535751346,UNRANKED,,False,,,
2017-02-28,2017-03-01,2017-03-08,NOW,XLK,17.604000091552734,17.45800018310547,17.45800018310547,5,time_exit,SHORT,SHORT,0.4716077148914337,0.45250147581100464,0.4907139539718628,0.46058533825360254,0.6048675775527954,52.83922851085663,0.5150555968284607,1,True,False,True,58.06828460971042,False,-0.04602566361427306,UNRANKED,,False,,,
2017-03-01,2017-03-02,2017-03-03,NOW,XLK,17.81800079345703,17.56599998474121,17.33228656223842,1,take_profit,SHORT,SHORT,0.47671960294246674,0.46777263283729553,0.48566657304763794,0.46833230257860115,0.6245126128196716,52.328039705753326,0.5150555968284607,1,True,False,True,58.06828460971042,False,-0.0493205189704895,UNRANKED,,False,,,
2017-03-02,2017-03-03,2017-03-10,NOW,XLK,17.20599937438965,17.606000900268555,17.606000900268555,5,time_exit,SHORT,SHORT,0.45538994669914246,0.46710532903671265,0.44367456436157227,0.46799343685678124,0.6324344277381897,54.461005330085754,0.5150555968284607,1,True,False,True,58.06828460971042,False,-0.1945913136005401,UNRANKED,,False,,,
2017-03-03,2017-03-06,2017-03-13,NOW,XLK,17.18600082397461,17.72800064086914,17.680572237287247,5,stop_loss,SHORT,SHORT,0.46632052958011627,0.4938091039657593,0.43883195519447327,0.48157369544699136,0.5559535622596741,53.36794704198837,0.5150555968284607,1,True,False,True,58.06828460971042,False,-0.2566353678703309,UNRANKED,,False,,,
2017-03-06,2017-03-07,2017-03-14,NOW,XLK,17.266000747680664,17.493999481201172,17.493999481201172,5,time_exit,LONG,LONG,0.5063383132219315,0.5135093927383423,0.49916723370552063,0.49161092837357684,0.5565814971923828,50.633831322193146,0.5150555968284607,2,False,True,True,58.06828460971042,False,0.12424635887145988,UNRANKED,,False,,,
2017-03-07,2017-03-08,2017-03-15,NOW,XLK,17.464000701904297,17.68199920654297,17.68199920654297,5,time_exit,SHORT,SHORT,0.47411756217479706,0.5033275485038757,0.4449075758457184,0.4864219559066438,0.592059850692749,52.588243782520294,0.5150555968284607,1,True,False,True,58.06828460971042,False,-0.23243743181228638,UNRANKED,,False,,,
2017-03-08,2017-03-09,2017-03-16,NOW,XLK,17.461999893188477,17.760000228881836,17.760000228881836,5,time_exit,SHORT,SHORT,0.46572476625442505,0.4865419566631317,0.4449075758457184,0.4778744287176345,0.5358408689498901,53.427523374557495,0.5150555968284607,1,True,False,True,58.06828460971042,False,0.0961105525493623,UNRANKED,,False,,,
2017-03-09,2017-03-10,2017-03-17,NOW,XLK,17.65399932861328,17.742000579833984,17.742000579833984,5,time_exit,SHORT,SHORT,0.4739251881837845,0.5029428005218506,0.4449075758457184,0.48622592716268886,0.5121314525604248,52.60748118162155,0.5150555968284607,1,True,False,True,58.06828460971042,False,-0.22145062685012817,UNRANKED,,False,,,
2017-03-10,2017-03-13,2017-03-20,NOW,XLK,17.618000030517578,17.621999740600586,17.621999740600586,5,time_exit,SHORT,SHORT,0.4620768129825592,0.5016242265701294,0.422529399394989,0.48555414745948855,0.49390318989753723,53.79231870174408,0.5150555968284607,1,True,False,True,58.06828460971042,False,-0.1444892585277557,UNRANKED,,False,,,
2017-03-13,2017-03-14,2017-03-21,NOW,XLK,17.697999954223633,16.785999298095703,17.312285831996373,5,take_profit,SHORT,SHORT,0.48505474627017975,0.5054628252983093,0.46464666724205017,0.48750995173770534,0.4986262023448944,51.494525372982025,0.5150555968284607,2,False,True,True,58.06828460971042,False,0.06704831123352031,UNRANKED,,False,,,
2017-03-14,2017-03-15,2017-03-21,NOW,XLK,17.576000213623047,17.007999420166016,17.162571498325892,4,take_profit,SHORT,SHORT,0.485214427113533,0.5057821869850159,0.46464666724205017,0.4876726877577901,0.5656055808067322,51.4785572886467,0.5150555968284607,2,False,True,True,58.06828460971042,False,0.12392163276672376,UNRANKED,,False,,,
2017-03-15,2017-03-16,2017-03-21,NOW,XLK,17.757999420166016,16.8799991607666,17.32714217049735,3,take_profit,SHORT,SHORT,0.48319824039936066,0.48305946588516235,0.48333701491355896,0.47610253732491536,0.5907899141311646,51.680175960063934,0.5150555968284607,1,True,False,True,58.06828460971042,False,0.28199410438537603,UNRANKED,,False,,,
2017-03-16,2017-03-17,2017-03-21,NOW,XLK,17.809999465942383,16.961999893188477,17.391713551112584,2,take_profit,SHORT,SHORT,0.4888972342014313,0.4944574534893036,0.48333701491355896,0.4819038352882261,0.49870505928993225,51.11027657985687,0.5150555968284607,2,False,True,True,58.06828460971042,False,0.32668858766555786,UNRANKED,,False,,,
2017-03-17,2017-03-20,2017-03-21,NOW,XLK,17.770000457763672,16.974000930786133,17.465429033551896,1,take_profit,SHORT,SHORT,0.47108985483646393,0.5087369680404663,0.43344274163246155,0.4891784646753112,0.5503408312797546,52.89101451635361,0.5150555968284607,1,True,False,True,58.06828460971042,False,0.16104054450988767,UNRANKED,,False,,,
2017-03-20,2017-03-21,2017-03-22,NOW,XLK,17.760000228881836,17.200000762939453,17.461999893188477,1,stop_loss,LONG,LONG,0.5009677708148956,0.49843931198120117,0.5034962296485901,0.4839317349416258,0.45844584703445435,50.09677708148956,0.5150555968284607,2,False,True,True,58.06828460971042,False,-0.01111108064651492,UNRANKED,,False,,,
2017-03-21,2017-03-22,2017-03-28,NOW,XLK,16.770000457763672,17.52199935913086,17.131143842424667,4,take_profit,LONG,LONG,0.5040820837020874,0.5142406225204468,0.493923544883728,0.49198366785505543,0.5075944066047668,50.40820837020874,0.5150555968284607,2,False,True,True,58.06828460971042,False,0.16050705313682567,UNRANKED,,False,,,
2017-03-22,2017-03-23,2017-03-29,NOW,XLK,17.02400016784668,17.38800048828125,17.344000680106028,4,stop_loss,SHORT,SHORT,0.48395779728889465,0.5149402022361755,0.45297539234161377,0.4923402822750637,0.5069844722747803,51.604220271110535,0.5150555968284607,1,True,False,True,58.06828460971042,False,0.03119066357612603,UNRANKED,,False,,,
2017-03-23,2017-03-24,2017-03-29,NOW,XLK,17.007999420166016,17.493999481201172,17.342571258544922,3,stop_loss,SHORT,SHORT,0.49083033204078674,0.5286852717399597,0.45297539234161377,0.49934802695862485,0.5204906463623047,50.916966795921326,0.5150555968284607,2,False,True,True,58.06828460971042,False,0.17366012930870078,UNRANKED,,False,,,
2017-03-24,2017-03-27,2017-03-28,NOW,XLK,16.847999572753906,17.243999481201172,17.18828582763672,1,take_profit,LONG,LONG,0.5173085331916809,0.5215941667556763,0.5130228996276855,0.4957325137031524,0.4998849332332611,51.73085331916809,0.5150555968284607,1,True,True,False,58.06828460971042,False,0.3860395550727844,UNRANKED,,False,,,
2017-03-27,2017-03-28,2017-03-29,NOW,XLK,17.079999923706055,17.058000564575195,17.39914349147252,1,take_profit,LONG,LONG,0.5489324927330017,0.5219106674194336,0.5759543180465698,0.4958938799190766,0.5443113446235657,54.89324927330017,0.5150555968284607,1,True,True,False,58.06828460971042,False,0.5738622844219209,UNRANKED,,False,,,
2017-03-28,2017-03-29,2017-04-05,NOW,XLK,17.256000518798828,17.131999969482422,17.131999969482422,5,time_exit,LONG,LONG,0.5125977247953415,0.5269839763641357,0.49821147322654724,0.49848057384341066,0.5153647661209106,51.25977247953415,0.5150555968284607,2,False,True,True,58.06828460971042,False,0.3347838819026946,UNRANKED,,False,,,
2017-03-29,2017-03-30,2017-04-04,NOW,XLK,17.488000869750977,17.238000869750977,17.112571716308594,3,stop_loss,LONG,LONG,0.5215117633342743,0.522770881652832,0.5202526450157166,0.4963324598929454,0.5020361542701721,52.15117633342743,0.5150555968284607,1,True,True,False,58.06828460971042,False,0.6962136626243591,UNRANKED,,False,,,
2017-03-30,2017-03-31,2017-04-07,NOW,XLK,17.36400032043457,17.20400047302246,17.20400047302246,5,time_exit,LONG,LONG,0.508632093667984,0.5164504051208496,0.5008137822151184,0.4931101421947569,0.5338354706764221,50.8632093667984,0.5150555968284607,2,False,True,True,58.06828460971042,False,0.4014238417148589,UNRANKED,,False,,,
2017-03-31,2017-04-03,2017-04-04,NOW,XLK,17.520000457763672,17.106000900268555,17.133428846086776,1,take_profit,SHORT,SHORT,0.49324238300323486,0.5159208178520203,0.47056394815444946,0.49284016925463175,0.5338900685310364,50.675761699676514,0.5150555968284607,2,False,True,True,58.06828460971042,False,0.549280107021332,UNRANKED,,False,,,
2017-04-03,2017-04-04,2017-04-11,NOW,XLK,17.211999893188477,17.077999114990234,17.077999114990234,5,time_exit,SHORT,SHORT,0.4972744882106781,0.520955502986908,0.47359347343444824,0.4954068970468278,0.54140704870224,50.27255117893219,0.5150555968284607,2,False,True,True,58.06828460971042,False,0.0804920494556425,UNRANKED,,False,,,
2017-04-04,2017-04-05,2017-04-12,NOW,XLK,17.197999954223633,16.898000717163086,16.898000717163086,5,time_exit,LONG,LONG,0.5045751631259918,0.5063793063163757,0.5027710199356079,0.4879769667557467,0.4595978856086731,50.45751631259918,0.5150555968284607,2,False,True,True,58.06828460971042,False,0.23475301265716564,UNRANKED,,False,,,
2017-04-05,2017-04-06,2017-04-13,NOW,XLK,17.149999618530273,16.92799949645996,16.92799949645996,5,time_exit,LONG,LONG,0.5084864348173141,0.4944070279598236,0.5225658416748047,0.48187815801774586,0.49332019686698914,50.848643481731415,0.5150555968284607,2,False,True,True,58.06828460971042,False,0.2967894673347475,UNRANKED,,False,,,
2017-04-06,2017-04-07,2017-04-17,NOW,XLK,17.18000030517578,17.281999588012695,17.281999588012695,5,time_exit,LONG,LONG,0.5025940984487534,0.4918881952762604,0.5133000016212463,0.4805956635051456,0.4649399220943451,50.259409844875336,0.5150555968284607,2,False,True,True,58.06828460971042,False,0.07529154419898994,UNRANKED,,False,,,
2017-04-07,2017-04-10,2017-04-18,NOW,XLK,17.190000534057617,17.520000457763672,17.520000457763672,5,time_exit,SHORT,SHORT,0.49774642288684845,0.5019993782043457,0.4934934675693512,0.485745272415068,0.44238346815109253,50.225357711315155,0.5150555968284607,2,False,True,True,58.06828460971042,False,0.045431733131408567,UNRANKED,,False,,,
2017-04-10,2017-04-11,2017-04-18,NOW,XLK,17.06999969482422,17.6299991607666,17.352856499808176,4,take_profit,LONG,LONG,0.5088794529438019,0.5044589042663574,0.5133000016212463,0.4869984046057432,0.5096620321273804,50.88794529438019,0.5150555968284607,2,False,True,True,58.06828460971042,False,0.07037523388862613,UNRANKED,,False,,,
2017-04-11,2017-04-12,2017-04-17,NOW,XLK,17.00200080871582,17.652000427246094,17.257143565586635,2,take_profit,LONG,LONG,0.5076506584882736,0.49775609374046326,0.517545223236084,0.48358374286756706,0.5063053965568542,50.76506584882736,0.5150555968284607,2,False,True,True,58.06828460971042,False,0.4476578533649444,UNRANKED,,False,,,
2017-04-12,2017-04-13,2017-04-17,NOW,XLK,16.874000549316406,17.663999557495117,17.136571611676896,1,stop_loss,SHORT,SHORT,0.4913169741630554,0.5004822611808777,0.48215168714523315,0.4849723873898239,0.5131556391716003,50.86830258369446,0.5150555968284607,2,False,True,True,58.06828460971042,False,0.02085551619529719,UNRANKED,,False,,,
2017-04-13,2017-04-17,2017-04-18,NOW,XLK,17.007999420166016,17.884000778198242,17.263141632080078,1,take_profit,LONG,LONG,0.5188341438770294,0.5020569562911987,0.5356113314628601,0.4857746065489444,0.5153215527534485,51.88341438770294,0.5150555968284607,1,True,True,False,58.06828460971042,False,0.2430812418460846,UNRANKED,,False,,,
2017-04-17,2017-04-18,2017-04-19,NOW,XLK,17.200000762939453,18.04800033569336,17.503999982561385,1,take_profit,LONG,LONG,0.5239663422107697,0.5123213529586792,0.5356113314628601,0.4910053531271557,0.5474328994750977,52.396634221076965,0.5150555968284607,1,True,True,False,58.06828460971042,False,0.22089165449142473,UNRANKED,,False,,,
2017-04-18,2017-04-19,2017-04-25,NOW,XLK,17.591999053955078,18.18400001525879,17.89771270751953,4,stop_loss,SHORT,SHORT,0.4800126552581787,0.5261601209640503,0.43386518955230713,0.4980605110488982,0.5602990984916687,51.99873447418213,0.5150555968284607,1,True,False,True,58.06828460971042,False,-0.16399028897285473,UNRANKED,,False,,,
2017-04-19,2017-04-20,2017-04-25,NOW,XLK,17.697999954223633,18.865999221801758,17.97342790876116,3,stop_loss,SHORT,SHORT,0.48753006756305695,0.5187675952911377,0.4562925398349762,0.4942914443183842,0.513027012348175,51.246993243694305,0.5150555968284607,2,False,True,True,58.06828460971042,False,-0.17878687381744388,UNRANKED,,False,,,
2017-04-20,2017-04-21,2017-04-25,NOW,XLK,17.760000228881836,18.895999908447266,18.019428525652206,2,stop_loss,SHORT,SHORT,0.4766787439584732,0.4958244562149048,0.4575330317020416,0.48259996506097225,0.4666944146156311,52.33212560415268,0.5150555968284607,1,True,False,True,58.06828460971042,False,-0.04079338908195493,UNRANKED,,False,,,
2017-04-21,2017-04-24,2017-04-26,NOW,XLK,17.93400001525879,18.986000061035156,18.17999976021903,2,stop_loss,SHORT,SHORT,0.47484511137008667,0.506579577922821,0.4431106448173523,0.488079022808446,0.49465563893318176,52.51548886299133,0.5150555968284607,1,True,False,True,58.06828460971042,False,-0.15487483143806458,UNRANKED,,False,,,
2017-04-24,2017-04-25,2017-04-27,NOW,XLK,17.983999252319336,18.992000579833984,18.22571345738002,2,stop_loss,SHORT,SHORT,0.49286435544490814,0.4940018057823181,0.49172690510749817,0.4816718176231894,0.4820510447025299,50.713564455509186,0.5150555968284607,2,False,True,True,58.06828460971042,False,-0.2340072393417359,UNRANKED,,False,,,
2017-04-25,2017-04-26,2017-04-27,NOW,XLK,18.086000442504883,18.82200050354004,18.324571881975448,1,stop_loss,SHORT,SHORT,0.49121035635471344,0.4906938076019287,0.49172690510749817,0.4799876147179089,0.4746844172477722,50.878964364528656,0.5150555968284607,2,False,True,True,58.06828460971042,False,0.2572078704833985,UNRANKED,,False,,,
2017-04-26,2017-04-27,2017-04-28,NOW,XLK,19.256000518798828,19.20400047302246,19.008571897234237,1,take_profit,SHORT,SHORT,0.48861774802207947,0.5066299438476562,0.4706055521965027,0.4881046888474835,0.5147235989570618,51.13822519779205,0.5150555968284607,2,False,True,True,58.06828460971042,False,0.044284403324127294,UNRANKED,,False,,,
2017-04-27,2017-04-28,2017-05-04,NOW,XLK,18.860000610351562,19.61400032043457,19.189714704241073,4,stop_loss,SHORT,SHORT,0.4450879544019699,0.43313068151474,0.45704522728919983,0.4507864549216795,0.5857182741165161,55.49120455980301,0.5150555968284607,1,True,False,True,58.06828460971042,False,0.07861018180847162,UNRANKED,,False,,,
2017-04-28,2017-05-01,2017-05-05,NOW,XLK,18.92799949645996,19.579999923706055,19.257142203194753,4,stop_loss,SHORT,SHORT,0.49184270203113556,0.48041191697120667,0.5032734870910645,0.47475586440147055,0.5021438598632812,50.815729796886444,0.5150555968284607,2,False,True,True,58.06828460971042,False,0.013261675834655689,UNRANKED,,False,,,
2017-05-01,2017-05-02,2017-05-05,NOW,XLK,18.964000701904297,19.465999603271484,19.29200063432966,3,take_profit,LONG,LONG,0.5011881291866302,0.49419301748275757,0.5081832408905029,0.48176918244183387,0.49038970470428467,50.118812918663025,0.5150555968284607,2,False,True,True,58.06828460971042,False,0.027914196252822997,UNRANKED,,False,,,
2017-05-02,2017-05-03,2017-05-05,NOW,XLK,18.937999725341797,19.29400062561035,19.26285661969866,2,stop_loss,SHORT,SHORT,0.4589638113975525,0.46043771505355835,0.45748990774154663,0.46460920613366585,0.5561553835868835,54.10361886024475,0.5150555968284607,1,True,False,True,58.06828460971042,False,-0.3122864663600921,UNRANKED,,False,,,
2017-05-03,2017-05-04,2017-05-05,NOW,XLK,18.917999267578125,19.351999282836914,19.24142783028739,1,stop_loss,SHORT,SHORT,0.4816072881221771,0.47725483775138855,0.4859597384929657,0.473150500917247,0.5132730603218079,51.83927118778229,0.5150555968284607,1,True,False,True,58.06828460971042,False,0.1214001178741455,UNRANKED,,False,,,
2017-05-04,2017-05-05,2017-05-12,NOW,XLK,19.224000930786133,19.3799991607666,19.3799991607666,5,time_exit,SHORT,SHORT,0.4631217122077942,0.4855431616306305,0.4407002627849579,0.4773661828660784,0.5027918815612793,53.68782877922058,0.5150555968284607,1,True,False,True,58.06828460971042,False,0.057717472314834734,UNRANKED,,False,,,
2017-05-05,2017-05-08,2017-05-15,NOW,XLK,19.535999298095703,19.59000015258789,19.59000015258789,5,time_exit,SHORT,SHORT,0.4933878183364868,0.49932512640953064,0.487450510263443,0.48438294101122353,0.4906247556209564,50.66121816635132,0.5150555968284607,2,False,True,True,58.06828460971042,False,0.19680362939834595,UNRANKED,,False,,,
2017-05-08,2017-05-09,2017-05-16,NOW,XLK,19.631999969482422,20.035999298095703,19.98457145690918,5,stop_loss,SHORT,SHORT,0.4875289350748062,0.48760735988616943,0.487450510263443,0.4784166192230144,0.49130555987358093,51.24710649251938,0.5150555968284607,2,False,True,True,58.06828460971042,False,0.18858212232589722,UNRANKED,,False,,,
2017-05-09,2017-05-10,2017-05-16,NOW,XLK,19.444000244140625,19.709999084472656,19.797143391200475,4,stop_loss,SHORT,SHORT,0.47440873086452484,0.4854715168476105,0.4633459448814392,0.47732972756164666,0.4944283664226532,52.559126913547516,0.5150555968284607,1,True,False,True,58.06828460971042,False,0.10656446218490602,UNRANKED,,False,,,
2017-05-10,2017-05-11,2017-05-16,NOW,XLK,19.299999237060547,19.79400062561035,19.674570628574916,3,stop_loss,SHORT,SHORT,0.481242835521698,0.4987674355506897,0.4637182354927063,0.4840988677747163,0.47040146589279175,51.8757164478302,0.5150555968284607,1,True,False,True,58.06828460971042,False,0.059560507535934545,UNRANKED,,False,,,
2017-05-11,2017-05-12,2017-05-16,NOW,XLK,19.36199951171875,19.860000610351562,19.74314226422991,2,stop_loss,SHORT,SHORT,0.4790509194135666,0.4943836033344269,0.4637182354927063,0.4818662299565614,0.4501858353614807,52.09490805864334,0.5150555968284607,1,True,False,True,58.06828460971042,False,-0.020892113447189276,UNRANKED,,False,,,
2017-05-12,2017-05-15,2017-05-16,NOW,XLK,19.447999954223633,20.34000015258789,19.801713943481445,1,stop_loss,SHORT,SHORT,0.48842935264110565,0.49445387721061707,0.48240482807159424,0.4819020142020631,0.5157396197319031,51.157064735889435,0.5150555968284607,2,False,True,True,58.06828460971042,False,0.029729694128036426,UNRANKED,,False,,,
2017-05-15,2017-05-16,2017-05-22,NOW,XLK,19.75200080871582,20.34000015258789,20.1122864314488,4,stop_loss,SHORT,SHORT,0.49778051674366,0.5029516816139221,0.4926093518733978,0.4862304520234071,0.538368821144104,50.221948325634,0.5150555968284607,2,False,True,True,58.06828460971042,False,-0.14729127287864677,UNRANKED,,False,,,
2017-05-16,2017-05-17,2017-05-22,NOW,XLK,19.739999771118164,20.600000381469727,20.14457103184291,3,stop_loss,SHORT,SHORT,0.4684840589761734,0.5018731355667114,0.4350949823856354,0.48568095630404656,0.5197389125823975,53.15159410238266,0.5150555968284607,1,True,False,True,58.06828460971042,False,-0.22455480694770813,UNRANKED,,False,,,
2017-05-17,2017-05-18,2017-05-22,NOW,XLK,19.576000213623047,20.90399932861328,19.929714475359237,2,stop_loss,SHORT,SHORT,0.4759579002857208,0.5054906606674194,0.4464251399040222,0.48752413560475777,0.5072757005691528,52.40420997142792,0.5150555968284607,1,True,False,True,58.06828460971042,False,-0.02402791380882261,UNRANKED,,False,,,
2017-05-18,2017-05-19,2017-05-22,NOW,XLK,19.899999618530273,21.20599937438965,20.26142828805106,1,stop_loss,SHORT,SHORT,0.4925811439752579,0.5054906606674194,0.4796716272830963,0.48752413560475777,0.4733302593231201,50.74188560247421,0.5150555968284607,2,False,True,True,58.06828460971042,False,0.1064232587814331,UNRANKED,,False,,,
2017-05-19,2017-05-22,2017-05-23,NOW,XLK,19.961999893188477,21.07200050354004,20.319999967302596,1,take_profit,LONG,LONG,0.5112364590167999,0.5073595643043518,0.515113353729248,0.4884765040799905,0.446935772895813,51.12364590167999,0.5150555968284607,2,False,True,True,58.06828460971042,False,0.35317978262901295,UNRANKED,,False,,,
2017-05-22,2017-05-23,2017-05-25,NOW,XLK,20.27400016784668,20.93000030517578,20.699714388166154,2,take_profit,LONG,LONG,0.507282167673111,0.5050439834594727,0.5095203518867493,0.48729652798255313,0.44268620014190674,50.728216767311096,0.5150555968284607,2,False,True,True,58.06828460971042,False,0.32991176843643194,UNRANKED,,False,,,
2017-05-23,2017-05-24,2017-05-26,NOW,XLK,20.506000518798828,21.302000045776367,20.907429013933456,2,stop_loss,SHORT,SHORT,0.4716850519180298,0.4846409857273102,0.4587291181087494,0.47690714278369334,0.4686144292354584,52.83149480819702,0.5150555968284607,1,True,False,True,58.06828460971042,False,0.09487092494964598,UNRANKED,,False,,,
2017-05-24,2017-05-25,2017-05-26,NOW,XLK,20.739999771118164,21.459999084472656,21.123999731881277,1,take_profit,LONG,LONG,0.5142011642456055,0.5021475553512573,0.5262547731399536,0.4858207639765874,0.46991074085235596,51.42011642456055,0.5150555968284607,2,False,True,True,58.06828460971042,False,0.1636980473995209,UNRANKED,,False,,,
2017-05-25,2017-05-26,2017-06-01,NOW,XLK,20.799999237060547,21.486000061035156,21.16885621207101,3,stop_loss,SHORT,SHORT,0.47495438158512115,0.5148137807846069,0.4350949823856354,0.4922758376911367,0.5233875513076782,52.504561841487885,0.5150555968284607,1,True,False,True,58.06828460971042,False,-0.21332517266273504,UNRANKED,,False,,,
2017-05-26,2017-05-30,2017-06-06,NOW,XLK,21.083999633789062,21.573999404907227,21.49114227294922,5,stop_loss,SHORT,SHORT,0.47955992817878723,0.5016299486160278,0.45748990774154663,0.4855570625845163,0.4797305166721344,52.04400718212128,0.5150555968284607,1,True,False,True,58.06828460971042,False,-0.6057209670543671,UNRANKED,,False,,,
2017-05-30,2017-05-31,2017-06-06,NOW,XLK,21.101999282836914,21.63800048828125,21.511998857770646,4,stop_loss,SHORT,SHORT,0.4720636308193207,0.5040607452392578,0.44006651639938354,0.4867955304857428,0.4792328178882599,52.79363691806793,0.5150555968284607,1,True,False,True,58.06828460971042,False,-0.15236392617225666,UNRANKED,,False,,,
2017-05-31,2017-06-01,2017-06-02,NOW,XLK,21.035999298095703,21.93600082397461,21.441713333129883,1,stop_loss,SHORT,SHORT,0.4993196427822113,0.5148137807846069,0.4838255047798157,0.4922758376911367,0.46308454871177673,50.06803572177887,0.5150555968284607,2,False,True,True,58.06828460971042,False,-0.045204848051071195,UNRANKED,,False,,,
2017-06-01,2017-06-02,2017-06-08,NOW,XLK,21.312000274658203,20.74799919128418,21.762571607317245,4,take_profit,LONG,LONG,0.5022216290235519,0.504574716091156,0.4998685419559479,0.4870574150559439,0.45594918727874756,50.222162902355194,0.5150555968284607,2,False,True,True,58.06828460971042,False,0.2008352875709533,UNRANKED,,False,,,
2017-06-02,2017-06-05,2017-06-09,NOW,XLK,21.47800064086914,20.464000701904297,21.00885799952916,4,take_profit,SHORT,SHORT,0.47172464430332184,0.4970962107181549,0.44635307788848877,0.48324765152188465,0.4353152811527252,52.827535569667816,0.5150555968284607,1,True,False,True,58.06828460971042,False,-0.06118667125701903,UNRANKED,,False,,,
2017-06-05,2017-06-06,2017-06-08,NOW,XLK,21.416000366210938,20.444000244140625,21.85885729108538,2,stop_loss,SHORT,SHORT,0.4730294942855835,0.4997059106826782,0.44635307788848877,0.4845769084375067,0.41128358244895935,52.69705057144165,0.5150555968284607,1,True,False,True,58.06828460971042,False,0.09718769788742065,UNRANKED,,False,,,
2017-06-06,2017-06-07,2017-06-09,NOW,XLK,21.600000381469727,20.43199920654297,21.20828628540039,2,take_profit,SHORT,SHORT,0.49089883267879486,0.5206745266914368,0.46112313866615295,0.495263645169142,0.45439982414245605,50.910116732120514,0.5150555968284607,2,False,True,True,58.06828460971042,False,0.03765499591827388,UNRANKED,,False,,,
2017-06-07,2017-06-08,2017-06-09,NOW,XLK,21.634000778198242,20.25200080871582,21.279715129307338,1,take_profit,SHORT,SHORT,0.48057784140110016,0.512489378452301,0.4486663043498993,0.4910909985964822,0.484613299369812,51.942215859889984,0.5150555968284607,1,True,False,True,58.06828460971042,False,0.04579699039459233,UNRANKED,,False,,,
2017-06-08,2017-06-09,2017-06-12,NOW,XLK,21.950000762939453,20.239999771118164,21.565143857683456,1,take_profit,SHORT,SHORT,0.49784259498119354,0.4907664358615875,0.5049187541007996,0.4800245872402747,0.5129329562187195,50.215740501880646,0.5150555968284607,2,False,True,True,58.06828460971042,False,0.13900262117385867,UNRANKED,,False,,,
2017-06-09,2017-06-12,2017-06-19,NOW,XLK,20.440000534057617,20.719999313354492,20.719999313354492,5,time_exit,SHORT,SHORT,0.4853508025407791,0.49121010303497314,0.4794915020465851,0.4802504475116978,0.4530026912689209,51.46491974592209,0.5150555968284607,2,False,True,True,58.06828460971042,False,0.08115875720977787,UNRANKED,,False,,,
2017-06-12,2017-06-13,2017-06-20,NOW,XLK,20.709999084472656,20.601999282836914,20.601999282836914,5,time_exit,SHORT,SHORT,0.494344562292099,0.4929513931274414,0.4957377314567566,0.4811369735054496,0.42343583703041077,50.5655437707901,0.5150555968284607,2,False,True,True,58.06828460971042,False,0.010622084140777567,UNRANKED,,False,,,
2017-06-13,2017-06-14,2017-06-21,NOW,XLK,20.552000045776367,21.124000549316406,21.071999958583287,5,take_profit,LONG,LONG,0.5045666098594666,0.48729419708251953,0.5218390226364136,0.47825724333740977,0.5069771409034729,50.456660985946655,0.5150555968284607,2,False,True,True,58.06828460971042,False,0.314862459897995,UNRANKED,,False,,,
2017-06-14,2017-06-15,2017-06-19,NOW,XLK,19.989999771118164,21.38599967956543,20.474571228027344,2,stop_loss,SHORT,SHORT,0.478473424911499,0.495750367641449,0.4611964821815491,0.4825622345864463,0.5021534562110901,52.1526575088501,0.5150555968284607,1,True,False,True,58.06828460971042,False,0.061992883682250935,UNRANKED,,False,,,
2017-06-15,2017-06-16,2017-06-21,NOW,XLK,20.31800079345703,21.558000564575195,20.784857886178152,3,stop_loss,SHORT,SHORT,0.4939343184232712,0.4901460111141205,0.4977226257324219,0.4797087576579208,0.5052101016044617,50.60656815767288,0.5150555968284607,2,False,True,True,58.06828460971042,False,0.24149367213249212,UNRANKED,,False,,,
2017-06-16,2017-06-19,2017-06-21,NOW,XLK,20.447999954223633,21.670000076293945,20.87342861720494,2,take_profit,LONG,LONG,0.5133447647094727,0.5107877850532532,0.5159017443656921,0.4902236923530577,0.49963775277137756,51.334476470947266,0.5150555968284607,2,False,True,True,58.06828460971042,False,0.22781148552894595,UNRANKED,,False,,,
2017-06-19,2017-06-20,2017-06-22,NOW,XLK,20.766000747680664,21.354000091552734,21.24085807800293,2,take_profit,LONG,LONG,0.5164541304111481,0.5121027827262878,0.5208054780960083,0.49089394493042987,0.4951445460319519,51.64541304111481,0.5150555968284607,1,True,True,False,58.06828460971042,False,0.17543208599090573,UNRANKED,,False,,,
2017-06-20,2017-06-21,2017-06-22,NOW,XLK,20.763999938964844,21.761999130249023,21.235428673880442,1,take_profit,LONG,LONG,0.5071814656257629,0.4968177080154419,0.517545223236084,0.4831058091717047,0.4817533791065216,50.718146562576294,0.5150555968284607,2,False,True,True,58.06828460971042,False,0.14311760663986195,UNRANKED,,False,,,
2017-06-21,2017-06-22,2017-06-28,NOW,XLK,21.187999725341797,21.163999557495117,21.680857249668666,4,take_profit,LONG,LONG,0.5225234627723694,0.5094355940818787,0.5356113314628601,0.4895345190762457,0.5225327610969543,52.25234627723694,0.5150555968284607,1,True,True,False,58.06828460971042,False,0.48972457647323603,UNRANKED,,False,,,
2017-06-22,2017-06-23,2017-06-30,NOW,XLK,21.398000717163086,21.200000762939453,21.200000762939453,5,time_exit,LONG,LONG,0.500823438167572,0.5099579691886902,0.49168890714645386,0.4898007542377644,0.5275750756263733,50.0823438167572,0.5150555968284607,2,False,True,True,58.06828460971042,False,0.1948697865009309,UNRANKED,,False,,,
2017-06-23,2017-06-26,2017-07-03,NOW,XLK,21.579999923706055,20.715999603271484,21.0514281136649,5,take_profit,SHORT,SHORT,0.4731548875570297,0.5014021992683411,0.4449075758457184,0.48544103529616334,0.519908607006073,52.68451124429703,0.5150555968284607,1,True,False,True,58.06828460971042,False,-0.1341202855110169,UNRANKED,,False,,,
2017-06-26,2017-06-27,2017-07-03,NOW,XLK,21.579999923706055,21.02199935913086,21.04799951825823,4,stop_loss,LONG,LONG,0.5011287033557892,0.5097843408584595,0.4924730658531189,0.48971226168677146,0.480609267950058,50.11287033557892,0.5150555968284607,2,False,True,True,58.06828460971042,False,0.21400460600852975,UNRANKED,,False,,,
2017-06-27,2017-06-28,2017-07-03,NOW,XLK,21.493999481201172,20.908000946044922,20.925999232700892,3,stop_loss,LONG,LONG,0.5061650276184082,0.5166890621185303,0.49564099311828613,0.4932318060558206,0.5003467798233032,50.61650276184082,0.5150555968284607,2,False,True,True,58.06828460971042,False,0.4881247580051421,UNRANKED,,False,,,
2017-06-28,2017-06-29,2017-07-03,NOW,XLK,21.694000244140625,21.257999420166016,21.110285895211355,2,stop_loss,LONG,LONG,0.5103176832199097,0.5157166123390198,0.5049187541007996,0.49273607049733625,0.5052782297134399,51.03176832199097,0.5150555968284607,2,False,True,True,58.06828460971042,False,0.41745972633361816,UNRANKED,,False,,,
2017-06-29,2017-06-30,2017-07-03,NOW,XLK,21.22800064086914,21.63800048828125,20.728572300502233,1,take_profit,SHORT,SHORT,0.46667616069316864,0.5024091005325317,0.43094322085380554,0.48595401453636583,0.526055097579956,53.332383930683136,0.5150555968284607,1,True,False,True,58.06828460971042,False,0.017206281423568642,UNRANKED,,False,,,
2017-06-30,2017-07-03,2017-07-11,NOW,XLK,21.309999465942383,21.84000015258789,21.773999622889928,5,stop_loss,SHORT,SHORT,0.48586413264274597,0.508108913898468,0.4636193513870239,0.48885838656835057,0.5122852325439453,51.4135867357254,0.5150555968284607,2,False,True,True,58.06828460971042,False,0.2838265001773834,UNRANKED,,False,,,
2017-07-03,2017-07-05,2017-07-10,NOW,XLK,20.868000030517578,22.45199966430664,21.39828600202288,3,stop_loss,SHORT,SHORT,0.47783640027046204,0.49205344915390015,0.4636193513870239,0.48067979688799584,0.4904002845287323,52.216359972953796,0.5150555968284607,1,True,False,True,58.06828460971042,False,0.26189056038856495,UNRANKED,,False,,,
2017-07-05,2017-07-06,2017-07-10,NOW,XLK,20.809999465942383,22.246000289916992,21.382285254342214,2,take_profit,LONG,LONG,0.5226961970329285,0.5228265523910522,0.5225658416748047,0.4963608438041541,0.5186071991920471,52.26961970329285,0.5150555968284607,1,True,True,False,58.06828460971042,False,0.4352523684501648,UNRANKED,,False,,,
2017-07-06,2017-07-07,2017-07-10,NOW,XLK,20.9060001373291,22.076000213623047,21.46885735648019,1,take_profit,LONG,LONG,0.5233863592147827,0.5265200734138489,0.5202526450157166,0.4982440412937207,0.5451324582099915,52.33863592147827,0.5150555968284607,1,True,True,False,58.06828460971042,False,0.569403499364853,UNRANKED,,False,,,
2017-07-07,2017-07-10,2017-07-12,NOW,XLK,21.332000732421875,22.0,21.94314329964774,2,stop_loss,SHORT,SHORT,0.4930223673582077,0.5308027267456055,0.45524200797080994,0.5004276756088132,0.528529703617096,50.69776326417923,0.5150555968284607,2,False,True,True,58.06828460971042,False,0.06042236089706422,UNRANKED,,False,,,
2017-07-10,2017-07-11,2017-07-12,NOW,XLK,21.54599952697754,22.1560001373291,22.14285659790039,1,take_profit,LONG,LONG,0.5176644027233124,0.5150761604309082,0.5202526450157166,0.492409588592059,0.5164319276809692,51.76644027233124,0.5150555968284607,1,True,True,False,58.06828460971042,False,0.42839857935905457,UNRANKED,,False,,,
2017-07-11,2017-07-12,2017-07-19,NOW,XLK,22.0,22.02400016784668,22.02400016784668,5,time_exit,LONG,LONG,0.5167481005191803,0.5201961994171143,0.5133000016212463,0.4950197784261004,0.508050799369812,51.67481005191803,0.5150555968284607,1,True,True,False,58.06828460971042,False,0.48892593383789057,UNRANKED,,False,,,
2017-07-12,2017-07-13,2017-07-20,NOW,XLK,22.535999298095703,21.968000411987305,21.968000411987305,5,time_exit,SHORT,SHORT,0.49264658987522125,0.5102800726890564,0.4750131070613861,0.4899649213042743,0.5280133485794067,50.735341012477875,0.5150555968284607,2,False,True,True,58.06828460971042,False,0.1362103819847107,UNRANKED,,False,,,
2017-07-13,2017-07-14,2017-07-21,NOW,XLK,21.760000228881836,21.63800048828125,21.63800048828125,5,time_exit,LONG,LONG,0.5009493231773376,0.5113069415092468,0.49059170484542847,0.4904883016479755,0.510276734828949,50.094932317733765,0.5150555968284607,2,False,True,True,58.06828460971042,False,0.3663017451763153,UNRANKED,,False,,,
2017-07-14,2017-07-17,2017-07-24,NOW,XLK,22.148000717163086,21.59000015258789,21.59000015258789,5,time_exit,LONG,LONG,0.5049792528152466,0.5121836066246033,0.4977748990058899,0.4909351418571955,0.4925433397293091,50.49792528152466,0.5150555968284607,2,False,True,True,58.06828460971042,False,0.07606920599937464,UNRANKED,,False,,,
2017-07-17,2017-07-18,2017-07-25,NOW,XLK,21.965999603271484,21.555999755859375,21.555999755859375,5,time_exit,SHORT,SHORT,0.4820314794778824,0.5070177316665649,0.45704522728919983,0.48830230425157606,0.5082446932792664,51.79685205221176,0.5150555968284607,1,True,False,True,58.06828460971042,False,0.04953899979591378,UNRANKED,,False,,,
2017-07-18,2017-07-19,2017-07-24,NOW,XLK,22.200000762939453,21.944000244140625,21.614572525024414,3,take_profit,SHORT,SHORT,0.4747292250394821,0.5007921457290649,0.4486663043498993,0.48513025026020884,0.4754807949066162,52.52707749605179,0.5150555968284607,1,True,False,True,58.06828460971042,False,0.15295040607452415,UNRANKED,,False,,,
2017-07-19,2017-07-20,2017-07-27,NOW,XLK,22.030000686645508,22.107999801635742,22.107999801635742,5,time_exit,SHORT,SHORT,0.4798697680234909,0.5035454630851746,0.45619407296180725,0.48653298504280224,0.5047637224197388,52.01302319765091,0.5150555968284607,1,True,False,True,58.06828460971042,False,0.3634200990200044,UNRANKED,,False,,,
2017-07-20,2017-07-21,2017-07-28,NOW,XLK,21.97599983215332,22.329999923706055,22.329999923706055,5,time_exit,SHORT,SHORT,0.4789004474878311,0.5091345906257629,0.4486663043498993,0.48938111149730407,0.49169859290122986,52.10995525121689,0.5150555968284607,1,True,False,True,58.06828460971042,False,0.09101215004920973,UNRANKED,,False,,,
2017-07-21,2017-07-24,2017-07-28,NOW,XLK,21.676000595092773,22.09000015258789,22.186571666172572,4,stop_loss,SHORT,SHORT,0.47046583890914917,0.500619649887085,0.4403120279312134,0.4850423762342581,0.44489386677742004,52.95341610908508,0.5150555968284607,1,True,False,True,58.06828460971042,False,0.05885818600654593,UNRANKED,,False,,,
2017-07-24,2017-07-25,2017-07-27,NOW,XLK,21.621999740600586,22.149999618530273,22.07028497968401,2,stop_loss,SHORT,SHORT,0.47575363516807556,0.5008553862571716,0.4506518840789795,0.4851624669184397,0.4972793757915497,52.424636483192444,0.5150555968284607,1,True,False,True,58.06828460971042,False,0.04812496900558462,UNRANKED,,False,,,
2017-07-25,2017-07-26,2017-07-27,NOW,XLK,21.591999053955078,21.43400001525879,22.001427241734095,1,stop_loss,SHORT,SHORT,0.4947151839733124,0.49369263648986816,0.4957377314567566,0.4815143918570821,0.4465845227241516,50.52848160266876,0.5150555968284607,2,False,True,True,58.06828460971042,False,0.18423572182655326,UNRANKED,,False,,,
2017-07-26,2017-07-27,2017-07-28,NOW,XLK,23.025999069213867,21.423999786376953,22.57742772783552,1,stop_loss,LONG,LONG,0.5002486109733582,0.5047594904899597,0.4957377314567566,0.48715156525964337,0.47753286361694336,50.024861097335815,0.5150555968284607,2,False,True,True,58.06828460971042,False,0.2626900970935821,UNRANKED,,False,,,
2017-07-27,2017-07-28,2017-08-02,NOW,XLK,21.950000762939453,21.941999435424805,21.528000695364817,3,take_profit,SHORT,SHORT,0.48956312239170074,0.4833885133266449,0.4957377314567566,0.47626993163645365,0.4780362546443939,51.043687760829926,0.5150555968284607,2,False,True,True,58.06828460971042,False,-0.011677205562591556,UNRANKED,,False,,,
2017-07-28,2017-07-31,2017-08-02,NOW,XLK,22.374000549316406,21.75200080871582,21.974572045462473,2,take_profit,SHORT,SHORT,0.4861324429512024,0.5051400065422058,0.467124879360199,0.4873454568019105,0.5528011918067932,51.38675570487976,0.5150555968284607,2,False,True,True,58.06828460971042,False,-0.16270303726196286,UNRANKED,,False,,,
2017-07-31,2017-08-01,2017-08-02,NOW,XLK,22.176000595092773,21.535999298095703,21.77114350455148,1,take_profit,SHORT,SHORT,0.4752247482538223,0.48710355162620544,0.4633459448814392,0.47816022156498367,0.5406304001808167,52.47752517461777,0.5150555968284607,1,True,False,True,58.06828460971042,False,-0.14609566330909723,UNRANKED,,False,,,
2017-08-01,2017-08-02,2017-08-03,NOW,XLK,22.163999557495117,21.465999603271484,21.837999616350448,1,take_profit,SHORT,SHORT,0.4638841152191162,0.4877017140388489,0.44006651639938354,0.47846463912414655,0.4920249283313751,53.61158847808838,0.5150555968284607,1,True,False,True,58.06828460971042,False,-0.1361961662769318,UNRANKED,,False,,,
2017-08-02,2017-08-03,2017-08-04,NOW,XLK,21.45400047302246,20.884000778198242,21.85285758972168,1,stop_loss,SHORT,SHORT,0.4898814260959625,0.49862852692604065,0.4811343252658844,0.48402811292102416,0.5562511682510376,51.01185739040375,0.5150555968284607,2,False,True,True,58.06828460971042,False,-0.16770705580711362,UNRANKED,,False,,,
2017-08-03,2017-08-04,2017-08-10,NOW,XLK,21.47800064086914,21.209999084472656,21.102000645228795,4,take_profit,SHORT,SHORT,0.4672839045524597,0.4979955852031708,0.43657222390174866,0.48370572424849867,0.5169007778167725,53.27160954475403,0.5150555968284607,1,True,False,True,58.06828460971042,False,-0.4045220911502838,UNRANKED,,False,,,
2017-08-04,2017-08-07,2017-08-09,NOW,XLK,21.93000030517578,21.579999923706055,21.490857533046178,2,take_profit,SHORT,SHORT,0.4800782948732376,0.496810644865036,0.4633459448814392,0.483102211921076,0.5427557229995728,51.99217051267624,0.5150555968284607,1,True,False,True,58.06828460971042,False,-0.34327778220176697,UNRANKED,,False,,,
2017-08-07,2017-08-08,2017-08-10,NOW,XLK,21.642000198364258,21.461999893188477,21.198000499180385,2,take_profit,SHORT,SHORT,0.4810226261615753,0.4986993074417114,0.4633459448814392,0.48406416578637856,0.5431869029998779,51.89773738384247,0.5150555968284607,1,True,False,True,58.06828460971042,False,-0.11349946260452264,UNRANKED,,False,,,
2017-08-08,2017-08-09,2017-08-10,NOW,XLK,21.374000549316406,21.899999618530273,20.918000629970006,1,stop_loss,LONG,LONG,0.5029163211584091,0.5062772035598755,0.49955543875694275,0.5062772035598755,0.518182635307312,50.29163211584091,0.5095471143722534,2,False,True,True,53.5,True,-0.3228335082530975,UNRANKED,,False,,,
2017-08-09,2017-08-10,2017-08-16,NOW,XLK,21.354000091552734,21.371999740600586,21.812000002179825,4,take_profit,LONG,LONG,0.50086809694767,0.5021807551383972,0.49955543875694275,0.5021807551383972,0.5376686453819275,50.086809694767,0.5095471143722534,2,False,True,True,53.5,True,-0.2539930045604705,UNRANKED,,False,,,
2017-08-10,2017-08-11,2017-08-14,NOW,XLK,20.986000061035156,21.445999145507812,21.479999814714706,1,take_profit,LONG,LONG,0.5076374858617783,0.5157195329666138,0.49955543875694275,0.5157195329666138,0.6037247180938721,50.763748586177826,0.5095471143722534,2,False,True,True,53.5,True,0.24815860390663153,LOW,,True,0.8904986202932481,1.0,0.10228665684326735
2017-08-11,2017-08-14,2017-08-21,NOW,XLK,21.3700008392334,21.761999130249023,21.761999130249023,5,time_exit,SHORT,SHORT,0.49978069961071014,0.5000059604644775,0.49955543875694275,0.5000059604644775,0.5841469168663025,50.021930038928986,0.5095471143722534,2,False,True,True,53.5,True,0.2848263084888458,UNRANKED,,False,,,
2017-08-14,2017-08-15,2017-08-22,NOW,XLK,21.549999237060547,22.082000732421875,22.082000732421875,5,time_exit,SHORT,SHORT,0.48959629237651825,0.47963714599609375,0.49955543875694275,0.47963714599609375,0.47886523604393005,51.040370762348175,0.5095471143722534,1,True,False,True,53.5,True,-0.03312572836875914,UNRANKED,,False,,,
2017-08-15,2017-08-16,2017-08-23,NOW,XLK,21.577999114990234,21.968000411987305,21.968000411987305,5,time_exit,SHORT,SHORT,0.4942149817943573,0.48887452483177185,0.49955543875694275,0.48887452483177185,0.4849852919578552,50.57850182056427,0.5095471143722534,2,False,True,True,53.5,True,-0.13497346639633168,UNRANKED,,False,,,
2017-08-16,2017-08-17,2017-08-24,NOW,XLK,21.808000564575195,22.134000778198242,22.134000778198242,5,time_exit,SHORT,SHORT,0.4876624196767807,0.47576940059661865,0.49955543875694275,0.47576940059661865,0.48009786009788513,51.23375803232193,0.5095471143722534,1,True,False,True,53.5,True,0.04383042454719549,UNRANKED,,False,,,
2017-08-17,2017-08-18,2017-08-22,NOW,XLK,21.365999221801758,22.118000030517578,21.99199867248535,2,take_profit,LONG,LONG,0.525460496544838,0.5513655543327332,0.49955543875694275,0.5513655543327332,0.5951248407363892,52.546049654483795,0.5095471143722534,1,True,True,False,53.5,True,0.020582258701324404,UNRANKED,,False,,,
2017-08-18,2017-08-21,2017-08-22,NOW,XLK,21.40399932861328,22.381999969482422,22.00628444126674,1,take_profit,LONG,LONG,0.5125211030244827,0.5254867672920227,0.49955543875694275,0.5254867672920227,0.4775516986846924,51.25211030244827,0.5095471143722534,1,True,True,False,53.5,True,-0.042877674102783245,UNRANKED,,False,,,
2017-08-21,2017-08-22,2017-08-29,NOW,XLK,21.799999237060547,22.350000381469727,22.350000381469727,5,time_exit,SHORT,SHORT,0.49956361949443817,0.4995718002319336,0.49955543875694275,0.4995718002319336,0.41765037178993225,50.04363805055618,0.5095471143722534,2,False,True,True,53.5,True,0.2338016927242278,UNRANKED,,False,,,
2017-08-22,2017-08-23,2017-08-30,NOW,XLK,21.860000610351562,22.854000091552734,22.44228608267648,5,stop_loss,SHORT,SHORT,0.4983014464378357,0.49704745411872864,0.49955543875694275,0.49704745411872864,0.42916998267173767,50.16985535621643,0.5095471143722534,2,False,True,True,53.5,True,-0.1604814827442168,UNRANKED,,False,,,
2017-08-23,2017-08-24,2017-08-30,NOW,XLK,22.013999938964844,23.238000869750977,22.611142567225865,4,take_profit,LONG,LONG,0.5027701705694199,0.505984902381897,0.49955543875694275,0.505984902381897,0.46407580375671387,50.277017056941986,0.5095471143722534,2,False,True,True,53.5,True,0.3354623019695282,UNRANKED,,False,,,
2017-08-24,2017-08-25,2017-08-30,NOW,XLK,22.190000534057617,23.097999572753906,22.736857550484793,3,take_profit,LONG,LONG,0.5072862058877945,0.5150169730186462,0.49955543875694275,0.5150169730186462,0.4828775227069855,50.72862058877945,0.5095471143722534,2,False,True,True,53.5,True,0.5418273806571959,UNRANKED,,False,,,
2017-08-25,2017-08-28,2017-08-30,NOW,XLK,22.200000762939453,23.229999542236328,22.722000939505442,2,take_profit,LONG,LONG,0.5101519078016281,0.5207483768463135,0.49955543875694275,0.5207483768463135,0.5141855478286743,51.01519078016281,0.5095471143722534,1,True,True,False,53.5,True,0.8280424475669859,UNRANKED,,False,,,
2017-08-28,2017-08-29,2017-08-30,NOW,XLK,22.124000549316406,22.93600082397461,22.652857644217356,1,take_profit,LONG,LONG,0.501016154885292,0.5024768710136414,0.49955543875694275,0.5024768710136414,0.5445183515548706,50.101615488529205,0.5095471143722534,2,False,True,True,53.5,True,0.6369180977344513,UNRANKED,,False,,,
2017-08-29,2017-08-30,2017-08-31,NOW,XLK,22.32200050354004,23.555999755859375,22.845429011753627,1,stop_loss,SHORT,SHORT,0.4996824413537979,0.4998094439506531,0.49955543875694275,0.4998094439506531,0.5245153903961182,50.03175586462021,0.5095471143722534,2,False,True,True,53.5,True,0.36229723691940297,UNRANKED,,False,,,
2017-08-30,2017-08-31,2017-09-07,NOW,XLK,22.90999984741211,23.280000686645508,23.422285624912806,4,take_profit,LONG,LONG,0.5039303749799728,0.5083053112030029,0.49955543875694275,0.5083053112030029,0.5273939371109009,50.393037497997284,0.5095471143722534,2,False,True,True,53.5,True,0.3652500808238983,UNRANKED,,False,,,
2017-08-31,2017-09-01,2017-09-11,NOW,XLK,23.260000228881836,23.534000396728516,23.534000396728516,5,time_exit,LONG,LONG,0.5137543827295303,0.5279533267021179,0.49955543875694275,0.5279533267021179,0.5453056693077087,51.37543827295303,0.5095471143722534,1,True,True,False,53.5,True,0.08186414837837216,UNRANKED,,False,,,
2017-09-01,2017-09-05,2017-09-12,NOW,XLK,23.115999221801758,23.25200080871582,23.25200080871582,5,time_exit,LONG,LONG,0.5034927874803543,0.5074301362037659,0.49955543875694275,0.5074301362037659,0.453747421503067,50.34927874803543,0.5095471143722534,2,False,True,True,53.5,True,0.057929366827011095,UNRANKED,,False,,,
2017-09-05,2017-09-06,2017-09-13,NOW,XLK,23.277999877929688,23.209999084472656,23.209999084472656,5,time_exit,LONG,LONG,0.5013464242219925,0.5031374096870422,0.49955543875694275,0.5031374096870422,0.534324049949646,50.13464242219925,0.5095471143722534,2,False,True,True,53.5,True,-0.1793939769268036,UNRANKED,,False,,,
2017-09-06,2017-09-07,2017-09-14,NOW,XLK,23.06599998474121,23.191999435424805,23.191999435424805,5,time_exit,LONG,LONG,0.5082638412714005,0.5169722437858582,0.49955543875694275,0.5169722437858582,0.5336363315582275,50.826384127140045,0.5095471143722534,2,False,True,True,53.5,True,-0.27710109949111933,UNRANKED,,False,,,
2017-09-07,2017-09-08,2017-09-15,NOW,XLK,23.52400016784668,23.222000122070312,23.222000122070312,5,time_exit,LONG,LONG,0.5077896863222122,0.5160239338874817,0.49955543875694275,0.5160239338874817,0.5480128526687622,50.77896863222122,0.5095471143722534,2,False,True,True,53.5,True,0.23878964781761164,UNRANKED,,False,,,
2017-09-08,2017-09-11,2017-09-18,NOW,XLK,23.54199981689453,23.302000045776367,23.302000045776367,5,time_exit,LONG,LONG,0.5038753002882004,0.508195161819458,0.49955543875694275,0.508195161819458,0.5159873962402344,50.38753002882004,0.5095471143722534,2,False,True,True,53.5,True,-0.03718262910842908,UNRANKED,,False,,,
2017-09-11,2017-09-12,2017-09-19,NOW,XLK,23.58799934387207,23.336000442504883,23.336000442504883,5,time_exit,LONG,LONG,0.5126073211431503,0.5256592035293579,0.49955543875694275,0.5256592035293579,0.5286059379577637,51.26073211431503,0.5095471143722534,1,True,True,False,53.5,True,0.13197243213653567,UNRANKED,,False,,,
2017-09-12,2017-09-13,2017-09-20,NOW,XLK,23.233999252319336,23.079999923706055,23.079999923706055,5,time_exit,LONG,LONG,0.5058721154928207,0.5121887922286987,0.49955543875694275,0.5121887922286987,0.5161517858505249,50.587211549282074,0.5095471143722534,2,False,True,True,53.5,True,0.17944777011871335,UNRANKED,,False,,,
2017-09-13,2017-09-14,2017-09-21,NOW,XLK,23.100000381469727,23.003999710083008,23.003999710083008,5,time_exit,LONG,LONG,0.5051487535238266,0.5107420682907104,0.49955543875694275,0.5107420682907104,0.45011597871780396,50.51487535238266,0.5095471143722534,2,False,True,True,53.5,True,-0.010357320308685379,UNRANKED,,False,,,
2017-09-14,2017-09-15,2017-09-22,NOW,XLK,23.29800033569336,23.16200065612793,23.16200065612793,5,time_exit,LONG,LONG,0.5110467225313187,0.5225380063056946,0.49955543875694275,0.5225380063056946,0.5302527546882629,51.10467225313187,0.5095471143722534,1,True,True,False,53.5,True,0.1523507833480834,UNRANKED,,False,,,
2017-09-15,2017-09-18,2017-09-25,NOW,XLK,23.326000213623047,22.368000030517578,22.85857173374721,5,stop_loss,LONG,LONG,0.5152558237314224,0.5309562087059021,0.49955543875694275,0.5309562087059021,0.6357449889183044,51.52558237314224,0.5095471143722534,1,True,True,False,53.5,True,0.04174980521202097,LOW,,True,0.5653237117160334,1.0,0.08679224356196026
2017-09-18,2017-09-19,2017-09-25,NOW,XLK,23.3700008392334,22.357999801635742,22.928858075823104,4,stop_loss,LONG,LONG,0.5149667412042618,0.5303780436515808,0.49955543875694275,0.5303780436515808,0.5383773446083069,51.49667412042618,0.5095471143722534,1,True,True,False,53.5,True,-0.2860807776451111,UNRANKED,,False,,,
2017-09-19,2017-09-20,2017-09-25,NOW,XLK,23.284000396728516,23.100000381469727,22.842571803501674,3,stop_loss,LONG,LONG,0.5086293965578079,0.5177033543586731,0.49955543875694275,0.5177033543586731,0.470124214887619,50.86293965578079,0.5095471143722534,2,False,True,True,53.5,True,-0.19387668371200562,UNRANKED,,False,,,
2017-09-20,2017-09-21,2017-09-25,NOW,XLK,23.058000564575195,23.329999923706055,22.652000427246094,2,stop_loss,LONG,LONG,0.5150146931409836,0.5304739475250244,0.49955543875694275,0.5304739475250244,0.542353093624115,51.50146931409836,0.5095471143722534,1,True,True,False,53.5,True,-0.015394061803817704,UNRANKED,,False,,,
2017-09-21,2017-09-22,2017-09-25,NOW,XLK,22.95199966430664,23.506000518798828,22.58999960763114,1,stop_loss,LONG,LONG,0.510155126452446,0.5207548141479492,0.49955543875694275,0.5207548141479492,0.595923125743866,51.0155126452446,0.5095471143722534,1,True,True,False,53.5,True,0.03461480140686032,UNRANKED,,False,,,
2017-09-22,2017-09-25,2017-09-26,NOW,XLK,23.15999984741211,23.360000610351562,22.7954284123012,1,take_profit,SHORT,SHORT,0.49992601573467255,0.5002965927124023,0.49955543875694275,0.5002965927124023,0.5304735898971558,50.007398426532745,0.5095471143722534,2,False,True,True,53.5,True,-0.30939325690269487,UNRANKED,,False,,,
2017-09-25,2017-09-26,2017-09-27,NOW,XLK,22.576000213623047,23.56599998474121,23.035143171037948,1,stop_loss,SHORT,SHORT,0.49671635031700134,0.49387726187705994,0.49955543875694275,0.49387726187705994,0.5459103584289551,50.328364968299866,0.5095471143722534,2,False,True,True,53.5,True,-0.014178305864333968,UNRANKED,,False,,,
2017-09-26,2017-09-27,2017-09-28,NOW,XLK,22.49799919128418,23.61199951171875,22.916570935930526,1,take_profit,LONG,LONG,0.517057254910469,0.5345590710639954,0.49955543875694275,0.5345590710639954,0.523079514503479,51.705725491046906,0.5095471143722534,1,True,True,False,53.5,True,0.2585904896259308,UNRANKED,,False,,,
2017-09-27,2017-09-28,2017-09-29,NOW,XLK,23.038000106811523,23.875999450683594,23.474000658307755,1,take_profit,LONG,LONG,0.5131123214960098,0.5266692042350769,0.49955543875694275,0.5266692042350769,0.4865115284919739,51.31123214960098,0.5095471143722534,1,True,True,False,53.5,True,-0.34184616804122925,UNRANKED,,False,,,
2017-09-28,2017-09-29,2017-10-05,NOW,XLK,23.36199951171875,24.350000381469727,23.79142870221819,4,take_profit,LONG,LONG,0.5026846677064896,0.5058138966560364,0.49955543875694275,0.5058138966560364,0.42369702458381653,50.268466770648956,0.5095471143722534,2,False,True,True,53.5,True,0.285002052783966,UNRANKED,,False,,,
2017-09-29,2017-10-02,2017-10-06,NOW,XLK,23.530000686645508,24.266000747680664,23.948287146432058,4,stop_loss,SHORT,SHORT,0.4990725964307785,0.49858975410461426,0.49955543875694275,0.49858975410461426,0.4048573076725006,50.09274035692215,0.5095471143722534,2,False,True,True,53.5,True,0.29893419146537775,UNRANKED,,False,,,
2017-10-02,2017-10-03,2017-10-05,NOW,XLK,23.360000610351562,24.191999435424805,23.75885854448591,2,take_profit,LONG,LONG,0.502704069018364,0.5058526992797852,0.49955543875694275,0.5058526992797852,0.36861857771873474,50.270406901836395,0.5095471143722534,2,False,True,True,53.5,True,0.4162482023239137,UNRANKED,,False,,,
2017-10-03,2017-10-04,2017-10-06,NOW,XLK,23.6299991607666,24.13599967956543,24.05228533063616,2,take_profit,LONG,LONG,0.5010132044553757,0.5024709701538086,0.49955543875694275,0.5024709701538086,0.40449202060699463,50.10132044553757,0.5095471143722534,2,False,True,True,53.5,True,-0.32309690117835993,UNRANKED,,False,,,
2017-10-04,2017-10-05,2017-10-06,NOW,XLK,23.66200065612793,24.393999099731445,24.088286808558873,1,take_profit,LONG,LONG,0.5002238005399704,0.500892162322998,0.49955543875694275,0.500892162322998,0.41021713614463806,50.02238005399704,0.5095471143722534,2,False,True,True,53.5,True,-0.2642582058906556,UNRANKED,,False,,,
2017-10-05,2017-10-06,2017-10-09,NOW,XLK,23.746000289916992,24.45800018310547,24.20571490696498,1,take_profit,LONG,LONG,0.5018451064825058,0.5041347742080688,0.49955543875694275,0.5041347742080688,0.38660016655921936,50.18451064825058,0.5095471143722534,2,False,True,True,53.5,True,-0.03550884127616876,UNRANKED,,False,,,
2017-10-06,2017-10-09,2017-10-16,NOW,XLK,24.399999618530273,24.280000686645508,24.280000686645508,5,time_exit,SHORT,SHORT,0.49502044916152954,0.49048545956611633,0.49955543875694275,0.49048545956611633,0.45536577701568604,50.497955083847046,0.5095471143722534,2,False,True,True,53.5,True,0.07084774971008301,UNRANKED,,False,,,
2017-10-09,2017-10-10,2017-10-17,NOW,XLK,24.375999450683594,24.549999237060547,24.549999237060547,5,time_exit,SHORT,SHORT,0.49192342162132263,0.4842914044857025,0.49955543875694275,0.4842914044857025,0.4560263454914093,50.80765783786774,0.5095471143722534,2,False,True,True,53.5,True,0.22069644927978507,UNRANKED,,False,,,
2017-10-10,2017-10-11,2017-10-18,NOW,XLK,24.172000885009766,24.15399932861328,24.15399932861328,5,time_exit,LONG,LONG,0.509919598698616,0.5202837586402893,0.49955543875694275,0.5202837586402893,0.41560113430023193,50.9919598698616,0.5095471143722534,1,True,True,False,53.5,True,-0.01820224523544304,UNRANKED,,False,,,
2017-10-11,2017-10-12,2017-10-19,NOW,XLK,24.083999633789062,24.16200065612793,24.16200065612793,5,time_exit,LONG,LONG,0.527785137295723,0.5560148358345032,0.49955543875694275,0.5560148358345032,0.43056631088256836,52.778513729572296,0.5095471143722534,1,True,True,False,53.5,True,-0.12107041478157049,UNRANKED,,False,,,
2017-10-12,2017-10-13,2017-10-20,NOW,XLK,24.576000213623047,24.964000701904297,24.964000701904297,5,time_exit,LONG,LONG,0.5224956721067429,0.545435905456543,0.49955543875694275,0.545435905456543,0.5059853792190552,52.249567210674286,0.5095471143722534,1,True,True,False,53.5,True,-0.3724585473537447,UNRANKED,,False,,,
2017-10-13,2017-10-16,2017-10-20,NOW,XLK,24.450000762939453,24.79800033569336,24.854286738804408,4,take_profit,LONG,LONG,0.5091714709997177,0.5187875032424927,0.49955543875694275,0.5187875032424927,0.46474263072013855,50.91714709997177,0.5095471143722534,2,False,True,True,53.5,True,-0.17532166838645927,UNRANKED,,False,,,
2017-10-16,2017-10-17,2017-10-20,NOW,XLK,24.308000564575195,25.17799949645996,24.736286435808456,3,take_profit,LONG,LONG,0.515667274594307,0.5317791104316711,0.49955543875694275,0.5317791104316711,0.48664119839668274,51.566727459430695,0.5095471143722534,1,True,True,False,53.5,True,-0.18213725090026855,UNRANKED,,False,,,
2017-10-17,2017-10-18,2017-10-19,NOW,XLK,24.642000198364258,24.923999786376953,24.281143188476562,1,stop_loss,LONG,LONG,0.5057472735643387,0.5119391083717346,0.49955543875694275,0.5119391083717346,0.4719533920288086,50.57472735643387,0.5095471143722534,2,False,True,True,53.5,True,0.05693838000297557,UNRANKED,,False,,,
2017-10-18,2017-10-19,2017-10-20,NOW,XLK,24.09600067138672,25.22800064086914,24.48057201930455,1,take_profit,LONG,LONG,0.513244554400444,0.5269336700439453,0.49955543875694275,0.5269336700439453,0.5072376728057861,51.3244554400444,0.5095471143722534,1,True,True,False,53.5,True,0.005139231681823824,UNRANKED,,False,,,
2017-10-19,2017-10-20,2017-10-23,NOW,XLK,24.280000686645508,25.145999908447266,24.640572139195033,1,take_profit,LONG,LONG,0.5188567489385605,0.5381580591201782,0.49955543875694275,0.5381580591201782,0.505381166934967,51.88567489385605,0.5095471143722534,1,True,True,False,53.5,True,-0.1732232570648194,UNRANKED,,False,,,
2017-10-20,2017-10-23,2017-10-24,NOW,XLK,25.79800033569336,25.010000228881836,25.343714577811106,1,stop_loss,LONG,LONG,0.500099703669548,0.5006439685821533,0.49955543875694275,0.5006439685821533,0.45327669382095337,50.0099703669548,0.5095471143722534,2,False,True,True,53.5,True,-0.02148875594139123,UNRANKED,,False,,,
2017-10-23,2017-10-24,2017-10-31,NOW,XLK,24.898000717163086,25.27400016784668,25.27400016784668,5,time_exit,LONG,LONG,0.5185513347387314,0.53754723072052,0.49955543875694275,0.53754723072052,0.4762711822986603,51.85513347387314,0.5095471143722534,1,True,True,False,53.5,True,-0.06561505794525141,UNRANKED,,False,,,
2017-10-24,2017-10-25,2017-11-01,NOW,XLK,25.3439998626709,24.902000427246094,24.902000427246094,5,time_exit,LONG,LONG,0.5115090757608414,0.52346271276474,0.49955543875694275,0.52346271276474,0.4815957546234131,51.15090757608414,0.5095471143722534,1,True,True,False,53.5,True,0.032568931579589865,UNRANKED,,False,,,
2017-10-25,2017-10-26,2017-10-27,NOW,XLK,23.996000289916992,24.868000030517578,24.490857533046178,1,stop_loss,SHORT,SHORT,0.48298993706703186,0.46642443537712097,0.49955543875694275,0.46642443537712097,0.5809480547904968,51.701006293296814,0.5095471143722534,1,True,False,True,53.5,True,0.23178249597549436,UNRANKED,,False,,,
2017-10-26,2017-10-27,2017-11-03,NOW,XLK,25.200000762939453,24.98200035095215,24.98200035095215,5,time_exit,SHORT,SHORT,0.49297915399074554,0.48640286922454834,0.49955543875694275,0.48640286922454834,0.5035306215286255,50.702084600925446,0.5095471143722534,2,False,True,True,53.5,True,-0.01067024469375618,UNRANKED,,False,,,
2017-10-27,2017-10-30,2017-11-06,NOW,XLK,25.055999755859375,24.945999145507812,24.945999145507812,5,time_exit,SHORT,SHORT,0.4616214334964752,0.4236874282360077,0.49955543875694275,0.4236874282360077,0.41608622670173645,53.83785665035248,0.5095471143722534,1,True,False,True,53.5,True,-0.09904551506042482,UNRANKED,,False,,,
2017-10-30,2017-10-31,2017-11-07,NOW,XLK,25.02199935913086,25.106000900268555,25.106000900268555,5,time_exit,SHORT,SHORT,0.45240259170532227,0.4052497446537018,0.49955543875694275,0.4052497446537018,0.3413362503051758,54.75974082946777,0.5095471143722534,1,True,False,True,53.5,True,-0.1736417710781097,UNRANKED,,False,,,
2017-10-31,2017-11-01,2017-11-02,NOW,XLK,25.440000534057617,25.52400016784668,24.931143351963588,1,take_profit,SHORT,SHORT,0.4643975645303726,0.4292396903038025,0.49955543875694275,0.4292396903038025,0.35564127564430237,53.56024354696274,0.5095471143722534,1,True,False,True,53.5,True,-0.42558497190475464,UNRANKED,,False,,,
2017-11-01,2017-11-02,2017-11-08,NOW,XLK,24.784000396728516,25.110000610351562,25.309143338884628,4,stop_loss,SHORT,SHORT,0.49944067001342773,0.4993259012699127,0.49955543875694275,0.4993259012699127,0.45907923579216003,50.05593299865723,0.5095471143722534,2,False,True,True,53.5,True,-0.39514267444610596,UNRANKED,,False,,,
2017-11-02,2017-11-03,2017-11-08,NOW,XLK,24.850000381469727,25.195999145507812,25.37085751124791,3,take_profit,LONG,LONG,0.5097591727972031,0.5199629068374634,0.49955543875694275,0.5199629068374634,0.4669863283634186,50.975917279720306,0.5095471143722534,1,True,True,False,53.5,True,-0.5217210948467255,UNRANKED,,False,,,
2017-11-03,2017-11-06,2017-11-13,NOW,XLK,25.100000381469727,25.006000518798828,25.006000518798828,5,time_exit,LONG,LONG,0.5083040148019791,0.5170525908470154,0.49955543875694275,0.5170525908470154,0.48947733640670776,50.83040148019791,0.5095471143722534,2,False,True,True,53.5,True,-0.41170847415924056,UNRANKED,,False,,,
2017-11-06,2017-11-07,2017-11-08,NOW,XLK,25.0,24.895999908447266,25.47828619820731,1,stop_loss,SHORT,SHORT,0.4927741140127182,0.48599278926849365,0.49955543875694275,0.48599278926849365,0.5003462433815002,50.72258859872818,0.5095471143722534,2,False,True,True,53.5,True,-0.21020668745040885,UNRANKED,,False,,,
2017-11-07,2017-11-08,2017-11-15,NOW,XLK,24.884000778198242,24.663999557495117,24.663999557495117,5,time_exit,LONG,LONG,0.5076416879892349,0.5157279372215271,0.49955543875694275,0.5157279372215271,0.4542510211467743,50.76416879892349,0.5095471143722534,2,False,True,True,53.5,True,-0.3173992335796356,UNRANKED,,False,,,
2017-11-08,2017-11-09,2017-11-14,NOW,XLK,25.479999542236328,25.143999099731445,24.976856231689453,3,stop_loss,LONG,LONG,0.5060947686433792,0.5126340985298157,0.49955543875694275,0.5126340985298157,0.4363612234592438,50.60947686433792,0.5095471143722534,2,False,True,True,53.5,True,-0.34248748421669,UNRANKED,,False,,,
2017-11-09,2017-11-10,2017-11-17,NOW,XLK,25.030000686645508,25.507999420166016,25.477715356009348,5,take_profit,LONG,LONG,0.5033155232667923,0.5070756077766418,0.49955543875694275,0.5070756077766418,0.5077287554740906,50.33155232667923,0.5095471143722534,2,False,True,True,53.5,True,-0.2574822008609773,UNRANKED,,False,,,
2017-11-10,2017-11-13,2017-11-17,NOW,XLK,24.920000076293945,25.534000396728516,25.356285912649973,4,stop_loss,SHORT,SHORT,0.49374349415302277,0.4879315495491028,0.49955543875694275,0.4879315495491028,0.47321268916130066,50.62565058469772,0.5095471143722534,2,False,True,True,53.5,True,-0.39780277013778687,UNRANKED,,False,,,
2017-11-13,2017-11-14,2017-11-17,NOW,XLK,24.972000122070312,25.61400032043457,25.381143024989537,3,take_profit,LONG,LONG,0.507294699549675,0.5150339603424072,0.49955543875694275,0.5150339603424072,0.4783303141593933,50.7294699549675,0.5095471143722534,2,False,True,True,53.5,True,-0.06239506602287309,UNRANKED,,False,,,
2017-11-14,2017-11-15,2017-11-16,NOW,XLK,24.691999435424805,25.489999771118164,25.080571038382395,1,take_profit,LONG,LONG,0.5067311972379684,0.5139069557189941,0.49955543875694275,0.5139069557189941,0.44686004519462585,50.673119723796844,0.5095471143722534,2,False,True,True,53.5,True,-0.0166231989860534,UNRANKED,,False,,,
2017-11-15,2017-11-16,2017-11-17,NOW,XLK,24.714000701904297,25.65999984741211,25.09228651864188,1,take_profit,LONG,LONG,0.516620859503746,0.5336862802505493,0.49955543875694275,0.5336862802505493,0.5754060745239258,51.6620859503746,0.5095471143722534,1,True,True,False,53.5,True,0.2121378779411316,UNRANKED,,False,,,
2017-11-16,2017-11-17,2017-11-21,NOW,XLK,25.167999267578125,25.398000717163086,25.603142057146346,2,take_profit,LONG,LONG,0.5150335878133774,0.530511736869812,0.49955543875694275,0.530511736869812,0.5611428618431091,51.50335878133774,0.5095471143722534,1,True,True,False,53.5,True,0.5680466592311859,UNRANKED,,False,,,
2017-11-17,2017-11-20,2017-11-28,NOW,XLK,25.506000518798828,25.326000213623047,25.326000213623047,5,time_exit,LONG,LONG,0.50785331428051,0.5161511898040771,0.49955543875694275,0.5161511898040771,0.5080294013023376,50.785331428050995,0.5095471143722534,2,False,True,True,53.5,True,0.5405077934265138,UNRANKED,,False,,,
2017-11-20,2017-11-21,2017-11-29,NOW,XLK,25.63599967956543,24.118000030517578,25.20228522164481,5,stop_loss,LONG,LONG,0.5082164853811264,0.5168775320053101,0.49955543875694275,0.5168775320053101,0.49880552291870117,50.82164853811264,0.5095471143722534,2,False,True,True,53.5,True,0.788469985127449,UNRANKED,,False,,,
2017-11-21,2017-11-22,2017-11-29,NOW,XLK,25.583999633789062,24.600000381469727,25.191999435424805,4,stop_loss,LONG,LONG,0.5106303542852402,0.5217052698135376,0.49955543875694275,0.5217052698135376,0.524730384349823,51.06303542852402,0.5095471143722534,1,True,True,False,53.5,True,0.5807355791330336,UNRANKED,,False,,,
2017-11-22,2017-11-24,2017-11-29,NOW,XLK,25.615999221801758,24.531999588012695,25.21114185878209,3,stop_loss,LONG,LONG,0.5000066310167313,0.5004578232765198,0.49955543875694275,0.5004578232765198,0.4683936536312103,50.000663101673126,0.5095471143722534,2,False,True,True,53.5,True,-0.1810266971588136,UNRANKED,,False,,,
2017-11-24,2017-11-27,2017-11-29,NOW,XLK,25.700000762939453,22.724000930786133,25.287143434797013,2,stop_loss,LONG,LONG,0.5066374689340591,0.5137194991111755,0.49955543875694275,0.5137194991111755,0.45226433873176575,50.663746893405914,0.5095471143722534,2,False,True,True,53.5,True,-0.0758142769336701,UNRANKED,,False,,,
2017-11-27,2017-11-28,2017-11-29,NOW,XLK,25.4060001373291,23.239999771118164,24.960857391357422,1,take_profit,SHORT,SHORT,0.49673327803611755,0.49391111731529236,0.49955543875694275,0.49391111731529236,0.4547593891620636,50.326672196388245,0.5095471143722534,2,False,True,True,53.5,True,0.0505885481834412,UNRANKED,,False,,,
2017-11-28,2017-11-29,2017-11-30,NOW,XLK,25.172000885009766,23.552000045776367,24.73942974635533,1,stop_loss,LONG,LONG,0.502952978014946,0.5063505172729492,0.49955543875694275,0.5063505172729492,0.5086840391159058,50.2952978014946,0.5095471143722534,2,False,True,True,53.5,True,0.08364117145538333,UNRANKED,,False,,,
2017-11-29,2017-11-30,2017-12-04,NOW,XLK,24.195999145507812,24.200000762939453,23.650570733206614,2,take_profit,SHORT,SHORT,0.4980195313692093,0.49648362398147583,0.49955543875694275,0.49648362398147583,0.5541512966156006,50.19804686307907,0.5095471143722534,2,False,True,True,53.5,True,0.2653993666172026,UNRANKED,,False,,,
2017-11-30,2017-12-01,2017-12-04,NOW,XLK,24.510000228881836,24.36199951171875,23.954857417515345,1,stop_loss,LONG,LONG,0.507853165268898,0.5161508917808533,0.49955543875694275,0.5161508917808533,0.47108760476112366,50.7853165268898,0.5095471143722534,2,False,True,True,53.5,True,0.3282229900360107,UNRANKED,,False,,,
2017-12-01,2017-12-04,2017-12-05,NOW,XLK,24.719999313354492,24.618000030517578,24.167427607945033,1,stop_loss,LONG,LONG,0.5009565502405167,0.5023576617240906,0.49955543875694275,0.5023576617240906,0.5762487649917603,50.095655024051666,0.5095471143722534,2,False,True,True,53.5,True,0.49572789669036865,UNRANKED,,False,,,
2017-12-04,2017-12-05,2017-12-07,NOW,XLK,23.277999877929688,24.20199966430664,24.06171444484166,2,take_profit,LONG,LONG,0.5141038447618484,0.5286522507667542,0.49955543875694275,0.5286522507667542,0.5865744352340698,51.410384476184845,0.5095471143722534,1,True,True,False,53.5,True,0.30313706398010243,UNRANKED,,False,,,
2017-12-05,2017-12-06,2017-12-07,NOW,XLK,23.0939998626709,24.673999786376953,23.935714176722936,1,take_profit,LONG,LONG,0.514924094080925,0.5302927494049072,0.49955543875694275,0.5302927494049072,0.6710026264190674,51.4924094080925,0.5095471143722534,1,True,True,False,53.5,True,1.0585006475448608,LOW,,True,3.14320760970599,1.0,0.20324469230778575
2017-12-06,2017-12-07,2017-12-11,NOW,XLK,23.56800079345703,25.233999252319336,24.421143668038503,2,take_profit,LONG,LONG,0.5149368792772293,0.5303183197975159,0.49955543875694275,0.5303183197975159,0.6941490769386292,51.49368792772293,0.5095471143722534,1,True,True,False,53.5,True,0.6204286813735963,LOW,,True,1.8317905823022818,1.0,0.20324469230778575
2017-12-07,2017-12-08,2017-12-15,NOW,XLK,24.420000076293945,25.899999618530273,25.297143118722097,5,stop_loss,SHORT,SHORT,0.49237780272960663,0.4852001667022705,0.49955543875694275,0.4852001667022705,0.5741589665412903,50.76221972703934,0.5095471143722534,2,False,True,True,53.5,True,-0.00679215788841267,UNRANKED,,False,,,
2017-12-08,2017-12-11,2017-12-15,NOW,XLK,24.48200035095215,26.13800048828125,25.330286026000977,4,take_profit,LONG,LONG,0.5193844586610794,0.5392134785652161,0.49955543875694275,0.5392134785652161,0.5567224025726318,51.93844586610794,0.5095471143722534,1,True,True,False,53.5,True,0.6825542449951172,UNRANKED,,False,,,
2017-12-11,2017-12-12,2017-12-15,NOW,XLK,24.527999877929688,25.992000579833984,25.409142630440847,3,take_profit,LONG,LONG,0.502679780125618,0.5058041214942932,0.49955543875694275,0.5058041214942932,0.49168428778648376,50.2679780125618,0.5095471143722534,2,False,True,True,53.5,True,-0.10342961549758903,UNRANKED,,False,,,
2017-12-12,2017-12-13,2017-12-15,NOW,XLK,24.332000732421875,25.799999237060547,25.26114354814802,2,take_profit,LONG,LONG,0.5132108181715012,0.5268661975860596,0.49955543875694275,0.5268661975860596,0.4278714060783386,51.321081817150116,0.5095471143722534,1,True,True,False,53.5,True,-0.2638807892799378,UNRANKED,,False,,,
2017-12-13,2017-12-14,2017-12-15,NOW,XLK,24.77400016784668,25.79400062561035,25.752857208251953,1,take_profit,LONG,LONG,0.5244947820901871,0.5494341254234314,0.49955543875694275,0.5494341254234314,0.5349752902984619,52.44947820901871,0.5095471143722534,1,True,True,False,53.5,True,0.05152687430381754,UNRANKED,,False,,,
2017-12-14,2017-12-15,2017-12-22,NOW,XLK,25.191999435424805,25.83799934387207,25.83799934387207,5,time_exit,SHORT,SHORT,0.4974643141031265,0.4953731894493103,0.49955543875694275,0.4953731894493103,0.49136921763420105,50.25356858968735,0.5095471143722534,2,False,True,True,53.5,True,-0.18954965472221375,UNRANKED,,False,,,
2017-12-15,2017-12-18,2017-12-26,NOW,XLK,26.118000030517578,25.86400032043457,25.86400032043457,5,time_exit,LONG,LONG,0.5046205967664719,0.509685754776001,0.49955543875694275,0.509685754776001,0.4886106252670288,50.462059676647186,0.5095471143722534,2,False,True,True,53.5,True,0.12478151917457575,UNRANKED,,False,,,
2017-12-18,2017-12-19,2017-12-27,NOW,XLK,26.007999420166016,26.052000045776367,26.052000045776367,5,time_exit,LONG,LONG,0.5018634349107742,0.5041714310646057,0.49955543875694275,0.5041714310646057,0.4862469434738159,50.18634349107742,0.5095471143722534,2,False,True,True,53.5,True,0.5591673552989961,UNRANKED,,False,,,
2017-12-19,2017-12-20,2017-12-28,NOW,XLK,26.038000106811523,26.13800048828125,26.13800048828125,5,time_exit,SHORT,SHORT,0.49399085342884064,0.4884262681007385,0.49955543875694275,0.4884262681007385,0.39314186573028564,50.600914657115936,0.5095471143722534,2,False,True,True,53.5,True,-0.23089143633842468,UNRANKED,,False,,,
2017-12-20,2017-12-21,2017-12-29,NOW,XLK,25.836000442504883,26.077999114990234,26.077999114990234,5,time_exit,LONG,LONG,0.5108224898576736,0.5220895409584045,0.49955543875694275,0.5220895409584045,0.4319069981575012,51.082248985767365,0.5095471143722534,1,True,True,False,53.5,True,-0.0033472180366515662,UNRANKED,,False,,,
2017-12-21,2017-12-22,2018-01-02,NOW,XLK,25.75,26.34600067138672,26.34600067138672,5,time_exit,LONG,LONG,0.5183675140142441,0.5371795892715454,0.49955543875694275,0.5371795892715454,0.42648932337760925,51.83675140142441,0.5095471143722534,1,True,True,False,53.5,True,0.8088424056768418,UNRANKED,,False,,,
2017-12-22,2017-12-26,2018-01-03,NOW,XLK,25.79199981689453,26.582000732421875,26.45399965558733,5,take_profit,LONG,LONG,0.5093498378992081,0.5191442370414734,0.49955543875694275,0.5191442370414734,0.43590790033340454,50.93498378992081,0.5095471143722534,2,False,True,True,53.5,True,0.34671860933303833,UNRANKED,,False,,,
2017-12-26,2017-12-27,2018-01-03,NOW,XLK,25.908000946044922,26.770000457763672,26.500001089913503,4,take_profit,LONG,LONG,0.5055891126394272,0.5116227865219116,0.49955543875694275,0.5116227865219116,0.45768460631370544,50.55891126394272,0.5095471143722534,2,False,True,True,53.5,True,0.31504353880882274,UNRANKED,,False,,,
2017-12-27,2017-12-28,2018-01-04,NOW,XLK,26.15999984741211,27.00200080871582,26.734285627092635,4,take_profit,LONG,LONG,0.5177880972623825,0.5360207557678223,0.49955543875694275,0.5360207557678223,0.5098180174827576,51.77880972623825,0.5095471143722534,1,True,True,False,53.5,True,0.24550002813339247,UNRANKED,,False,,,
2017-12-28,2017-12-29,2018-01-04,NOW,XLK,26.107999801635742,27.059999465942383,26.601999827793666,3,take_profit,LONG,LONG,0.5076952427625656,0.5158350467681885,0.49955543875694275,0.5158350467681885,0.479032039642334,50.76952427625656,0.5095471143722534,2,False,True,True,53.5,True,0.2656770646572113,UNRANKED,,False,,,
2017-12-29,2018-01-02,2018-01-04,NOW,XLK,26.200000762939453,27.09000015258789,26.679429735456193,2,take_profit,LONG,LONG,0.5137154012918472,0.5278753638267517,0.49955543875694275,0.5278753638267517,0.5580374598503113,51.37154012918472,0.5095471143722534,1,True,True,False,53.5,True,0.5244393348693847,UNRANKED,,False,,,
2018-01-02,2018-01-03,2018-01-05,NOW,XLK,26.399999618530273,27.246000289916992,26.881143024989537,2,take_profit,LONG,LONG,0.5058836489915848,0.5122118592262268,0.49955543875694275,0.5122118592262268,0.5602005124092102,50.58836489915848,0.5095471143722534,2,False,True,True,53.5,True,-0.026363253593444762,UNRANKED,,False,,,
2018-01-03,2018-01-04,2018-01-10,NOW,XLK,26.775999069213867,27.516000747680664,27.231428146362305,4,take_profit,LONG,LONG,0.514374628663063,0.5291938185691833,0.49955543875694275,0.5291938185691833,0.5385151505470276,51.437462866306305,0.5095471143722534,1,True,True,False,53.5,True,0.24420195817947377,UNRANKED,,False,,,
2018-01-04,2018-01-05,2018-01-11,NOW,XLK,26.989999771118164,27.63800048828125,27.40485736301967,4,take_profit,LONG,LONG,0.5186636298894882,0.5377718210220337,0.49955543875694275,0.5377718210220337,0.4259186387062073,51.86636298894882,0.5095471143722534,1,True,True,False,53.5,True,0.1346613764762878,UNRANKED,,False,,,
2018-01-05,2018-01-08,2018-01-11,NOW,XLK,27.010000228881836,27.95800018310547,27.378000804356166,3,take_profit,LONG,LONG,0.5079703480005264,0.5163852572441101,0.49955543875694275,0.5163852572441101,0.3594120442867279,50.79703480005264,0.5095471143722534,2,False,True,True,53.5,True,0.19945344328880318,UNRANKED,,False,,,
2018-01-08,2018-01-09,2018-01-11,NOW,XLK,27.1299991607666,28.158000946044922,27.411142349243164,2,take_profit,LONG,LONG,0.5092048197984695,0.5188542008399963,0.49955543875694275,0.5188542008399963,0.3682509660720825,50.920481979846954,0.5095471143722534,2,False,True,True,53.5,True,0.34073695540428156,UNRANKED,,False,,,
2018-01-09,2018-01-10,2018-01-11,NOW,XLK,26.992000579833984,28.22599983215332,27.24342945643834,1,take_profit,LONG,LONG,0.5111609548330307,0.5227664709091187,0.49955543875694275,0.5227664709091187,0.36476820707321167,51.11609548330307,0.5095471143722534,1,True,True,False,53.5,True,-0.008586585521697977,UNRANKED,,False,,,
2018-01-10,2018-01-11,2018-01-12,NOW,XLK,27.31800079345703,28.45400047302246,27.570858274187362,1,take_profit,LONG,LONG,0.5252508968114853,0.5509463548660278,0.49955543875694275,0.5509463548660278,0.413929283618927,52.52508968114853,0.5095471143722534,1,True,True,False,53.5,True,0.20687851309776306,UNRANKED,,False,,,
2018-01-11,2018-01-12,2018-01-16,NOW,XLK,27.527999877929688,28.780000686645508,27.79200008937291,1,take_profit,LONG,LONG,0.512169137597084,0.5247828364372253,0.49955543875694275,0.5247828364372253,0.4296785891056061,51.216913759708405,0.5095471143722534,1,True,True,False,53.5,True,0.42625698447227484,UNRANKED,,False,,,
2018-01-12,2018-01-16,2018-01-22,NOW,XLK,28.263999938964844,28.88599967956543,28.544571740286692,4,take_profit,LONG,LONG,0.505294069647789,0.5110327005386353,0.49955543875694275,0.5110327005386353,0.40759217739105225,50.5294069647789,0.5095471143722534,2,False,True,True,53.5,True,0.20647951960563668,UNRANKED,,False,,,
2018-01-16,2018-01-17,2018-01-22,NOW,XLK,28.166000366210938,29.08799934387207,28.486000878470286,3,take_profit,LONG,LONG,0.5173036605119705,0.5350518822669983,0.49955543875694275,0.5350518822669983,0.5908592343330383,51.73036605119705,0.5095471143722534,1,True,True,False,53.5,True,-0.12595951557159432,UNRANKED,,False,,,
2018-01-17,2018-01-18,2018-01-22,NOW,XLK,28.149999618530273,29.107999801635742,28.494857243129186,2,take_profit,LONG,LONG,0.5173495262861252,0.5351436138153076,0.49955543875694275,0.5351436138153076,0.5354880094528198,51.73495262861252,0.5095471143722534,1,True,True,False,53.5,True,-0.02778866887092582,UNRANKED,,False,,,
2018-01-18,2018-01-19,2018-01-22,NOW,XLK,28.246000289916992,29.947999954223633,28.57371493748256,1,stop_loss,SHORT,SHORT,0.49745050072669983,0.4953455626964569,0.49955543875694275,0.4953455626964569,0.5197471380233765,50.25494992733002,0.5095471143722534,2,False,True,True,53.5,True,-0.35178494453430176,UNRANKED,,False,,,
2018-01-19,2018-01-22,2018-01-23,NOW,XLK,28.465999603271484,29.417999267578125,28.81399999346052,1,stop_loss,SHORT,SHORT,0.49693822860717773,0.4943210184574127,0.49955543875694275,0.4943210184574127,0.4850401282310486,50.30617713928223,0.5095471143722534,2,False,True,True,53.5,True,-0.09255620837211602,UNRANKED,,False,,,
2018-01-22,2018-01-23,2018-01-26,NOW,XLK,28.917999267578125,29.31800079345703,29.303999492100306,3,take_profit,LONG,LONG,0.506980761885643,0.5144060850143433,0.49955543875694275,0.5144060850143433,0.49974632263183594,50.6980761885643,0.5095471143722534,2,False,True,True,53.5,True,0.049793869256973274,UNRANKED,,False,,,
2018-01-23,2018-01-24,2018-01-26,NOW,XLK,28.884000778198242,29.77400016784668,29.24685777936663,2,take_profit,LONG,LONG,0.5145604759454727,0.5295655131340027,0.49955543875694275,0.5295655131340027,0.5192991495132446,51.45604759454727,0.5095471143722534,1,True,True,False,53.5,True,0.008267194032669095,UNRANKED,,False,,,
2018-01-24,2018-01-25,2018-01-26,NOW,XLK,29.378000259399414,30.562000274658203,29.736000061035156,1,take_profit,LONG,LONG,0.5133266001939774,0.527097761631012,0.49955543875694275,0.527097761631012,0.5191611647605896,51.332660019397736,0.5095471143722534,1,True,True,False,53.5,True,0.029716134071350105,UNRANKED,,False,,,
2018-01-25,2018-01-26,2018-01-31,NOW,XLK,29.43199920654297,29.95199966430664,29.76599911281041,3,take_profit,LONG,LONG,0.5069910138845444,0.514426589012146,0.49955543875694275,0.514426589012146,0.552564799785614,50.69910138845444,0.5095471143722534,2,False,True,True,53.5,True,0.2014606595039368,UNRANKED,,False,,,
2018-01-26,2018-01-29,2018-01-30,NOW,XLK,29.917999267578125,29.47800064086914,29.497142246791295,1,take_profit,SHORT,SHORT,0.49717433750629425,0.49479323625564575,0.49955543875694275,0.49479323625564575,0.541454553604126,50.282566249370575,0.5095471143722534,2,False,True,True,53.5,True,-0.25579330325126637,UNRANKED,,False,,,
2018-01-29,2018-01-30,2018-01-31,NOW,XLK,29.214000701904297,29.804000854492188,29.702286584036692,1,stop_loss,SHORT,SHORT,0.49244044721126556,0.4853254556655884,0.49955543875694275,0.4853254556655884,0.5425223708152771,50.755955278873444,0.5095471143722534,2,False,True,True,53.5,True,0.04197776317596434,UNRANKED,,False,,,
2018-01-30,2018-01-31,2018-02-01,NOW,XLK,29.736000061035156,30.634000778198242,30.234285627092635,1,take_profit,LONG,LONG,0.507820263504982,0.5160850882530212,0.49955543875694275,0.5160850882530212,0.4895627200603485,50.7820263504982,0.5095471143722534,2,False,True,True,53.5,True,0.24960464239120486,UNRANKED,,False,,,
2018-01-31,2018-02-01,2018-02-05,NOW,XLK,30.351999282836914,28.020000457763672,29.810856682913645,2,take_profit,SHORT,SHORT,0.4998940974473953,0.5002327561378479,0.49955543875694275,0.5002327561378479,0.5331824421882629,50.01059025526047,0.5095471143722534,2,False,True,True,53.5,True,0.2851204276084898,UNRANKED,,False,,,
2018-02-01,2018-02-02,2018-02-05,NOW,XLK,30.101999282836914,29.031999588012695,29.486856733049667,1,take_profit,SHORT,SHORT,0.4987104535102844,0.4978654682636261,0.49955543875694275,0.4978654682636261,0.5350704789161682,50.12895464897156,0.5095471143722534,2,False,True,True,53.5,True,-0.27634650468826294,UNRANKED,,False,,,
2018-02-02,2018-02-05,2018-02-07,NOW,XLK,29.45800018310547,29.447999954223633,30.142857142857142,2,stop_loss,SHORT,SHORT,0.49373337626457214,0.47386878728866577,0.5135979652404785,0.47386878728866577,0.5104189515113831,50.626662373542786,0.5095471143722534,2,False,True,True,53.5,True,0.79861718416214,UNRANKED,,False,,,
2018-02-05,2018-02-06,2018-02-07,NOW,XLK,28.98200035095215,29.510000228881836,29.688857214791433,1,take_profit,LONG,LONG,0.52906933426857,0.5445407032966614,0.5135979652404785,0.5445407032966614,0.652956485748291,52.906933426856995,0.5095471143722534,1,True,True,False,53.5,True,1.2109134197235107,UNRANKED,,False,,,
2018-02-06,2018-02-07,2018-02-08,NOW,XLK,29.724000930786133,29.54800033569336,28.99914414542062,1,take_profit,SHORT,SHORT,0.45471635460853577,0.4171479046344757,0.4922848045825958,0.4171479046344757,0.7047085762023926,54.52836453914642,0.5095471143722534,1,True,False,True,53.5,True,0.5061849951744078,UNRANKED,,False,,,
2018-02-07,2018-02-08,2018-02-09,NOW,XLK,30.600000381469727,30.507999420166016,29.766286305018834,1,take_profit,SHORT,SHORT,0.4592161029577255,0.42922091484069824,0.4892112910747528,0.3333333333333333,0.49039560556411743,54.07838970422745,0.5049060583114624,1,True,False,True,58.5,False,0.1717722713947295,UNRANKED,,False,,,
2018-02-08,2018-02-09,2018-02-15,NOW,XLK,28.42799949645996,30.805999755859375,29.60257066999163,4,take_profit,LONG,LONG,0.5024858862161636,0.5157604813575745,0.4892112910747528,0.4863171088364319,0.38357672095298767,50.24858862161636,0.5049060583114624,2,False,True,True,58.5,False,0.23213130235672005,UNRANKED,,False,,,
2018-02-09,2018-02-12,2018-02-16,NOW,XLK,29.393999099731445,31.351999282836914,30.666570118495397,4,stop_loss,SHORT,SHORT,0.49316756427288055,0.4716542661190033,0.5146808624267578,0.38311688311688313,0.45592135190963745,50.683243572711945,0.5049060583114624,1,True,False,True,58.5,False,0.9401126205921173,UNRANKED,,False,,,
2018-02-12,2018-02-13,2018-02-16,NOW,XLK,29.20800018310547,31.516000747680664,30.524857112339564,3,take_profit,LONG,LONG,0.5068292021751404,0.49897754192352295,0.5146808624267578,0.4538904899135447,0.467062771320343,50.68292021751404,0.5049060583114624,1,True,True,False,58.5,False,0.9254850298166275,UNRANKED,,False,,,
2018-02-13,2018-02-14,2018-02-16,NOW,XLK,29.45400047302246,31.209999084472656,30.750857489449636,2,take_profit,LONG,LONG,0.500286802649498,0.48589274287223816,0.5146808624267578,0.4535809018567639,0.4890454411506653,50.0286802649498,0.5049060583114624,2,False,True,True,58.5,False,0.9093131124973296,UNRANKED,,False,,,
2018-02-14,2018-02-15,2018-02-20,NOW,XLK,29.790000915527344,32.08000183105469,31.089429310389928,2,stop_loss,SHORT,SHORT,0.48635077476501465,0.4834902584552765,0.4892112910747528,0.4431818181818183,0.5004668235778809,51.364922523498535,0.5049060583114624,1,True,False,True,58.5,False,-0.16739720106124875,UNRANKED,,False,,,
2018-02-15,2018-02-16,2018-02-23,NOW,XLK,30.38599967956543,32.11399841308594,31.70257077898298,4,stop_loss,SHORT,SHORT,0.4950660318136215,0.47545120120048523,0.5146808624267578,0.38311688311688313,0.5087127685546875,50.49339681863785,0.5049060583114624,1,True,False,True,58.5,False,-0.28842404484748835,UNRANKED,,False,,,
2018-02-16,2018-02-20,2018-02-23,NOW,XLK,30.579999923706055,32.667999267578125,31.863428115844727,3,take_profit,LONG,LONG,0.5052424073219299,0.5098838806152344,0.5006009340286255,0.4863171088364319,0.4778238832950592,50.52424073219299,0.5049060583114624,1,True,True,False,58.5,False,0.5608219504356384,UNRANKED,,False,,,
2018-02-20,2018-02-21,2018-02-27,NOW,XLK,31.27199935913086,32.20199966430664,32.61914198739188,4,stop_loss,SHORT,SHORT,0.4912690073251724,0.4953297972679138,0.48720821738243103,0.4538904899135447,0.49970394372940063,50.87309926748276,0.5049060583114624,1,True,False,True,58.5,False,0.4919739365577698,UNRANKED,,False,,,
2018-02-21,2018-02-22,2018-03-01,NOW,XLK,31.555999755859375,31.913999557495117,31.913999557495117,5,time_exit,LONG,LONG,0.5049072504043579,0.5092135667800903,0.5006009340286255,0.4863171088364319,0.4715350866317749,50.49072504043579,0.5049060583114624,1,True,True,False,58.5,False,0.5486986637115479,UNRANKED,,False,,,
2018-02-22,2018-02-23,2018-02-27,NOW,XLK,31.371999740600586,33.33399963378906,32.60857146126883,2,take_profit,LONG,LONG,0.5041487067937851,0.5106942057609558,0.4976032078266144,0.4863171088364319,0.4830436706542969,50.41487067937851,0.5049060583114624,2,False,True,True,58.5,False,0.18237355351448079,UNRANKED,,False,,,
2018-02-23,2018-02-26,2018-03-05,NOW,XLK,32.15999984741211,33.65999984741211,33.433714730399,5,take_profit,LONG,LONG,0.5026017725467682,0.5046026110649109,0.5006009340286255,0.4863171088364319,0.47192180156707764,50.26017725467682,0.5049060583114624,2,False,True,True,58.5,False,0.3604856431484222,UNRANKED,,False,,,
2018-02-26,2018-02-27,2018-03-05,NOW,XLK,32.25400161743164,34.2140007019043,33.46485900878906,4,take_profit,LONG,LONG,0.5066488683223724,0.5126968026161194,0.5006009340286255,0.4863171088364319,0.4487261176109314,50.664886832237244,0.5049060583114624,1,True,True,False,58.5,False,0.42986679077148443,UNRANKED,,False,,,
2018-02-27,2018-02-28,2018-03-06,NOW,XLK,32.65399932861328,34.61199951171875,33.89742824009487,4,take_profit,LONG,LONG,0.5038186013698578,0.5070362687110901,0.5006009340286255,0.4863171088364319,0.4465470612049103,50.38186013698578,0.5049060583114624,2,False,True,True,58.5,False,0.31009304523468006,UNRANKED,,False,,,
2018-02-28,2018-03-01,2018-03-06,NOW,XLK,32.52399826049805,34.597999572753906,33.71542712620327,3,stop_loss,SHORT,SHORT,0.4973002076148987,0.4939994812011719,0.5006009340286255,0.4538904899135447,0.48051708936691284,50.26997923851013,0.5049060583114624,2,False,True,True,58.5,False,0.30201891064643865,UNRANKED,,False,,,
2018-03-01,2018-03-02,2018-03-05,NOW,XLK,31.729999542236328,34.551998138427734,32.589142663138254,1,take_profit,LONG,LONG,0.5003662705421448,0.5001316070556641,0.5006009340286255,0.4601990049751244,0.4907984435558319,50.03662705421448,0.5049060583114624,2,False,True,True,58.5,False,0.3451728224754335,UNRANKED,,False,,,
2018-03-02,2018-03-05,2018-03-06,NOW,XLK,32.95199966430664,34.88600158691406,33.869428634643555,1,stop_loss,SHORT,SHORT,0.49931196868419647,0.49802300333976746,0.5006009340286255,0.4538904899135447,0.5054508447647095,50.06880313158035,0.5049060583114624,2,False,True,True,58.5,False,0.19017857313156128,UNRANKED,,False,,,
2018-03-05,2018-03-06,2018-03-12,NOW,XLK,33.880001068115234,34.79199981689453,34.78457287379673,4,stop_loss,SHORT,SHORT,0.4927252382040024,0.4848495423793793,0.5006009340286255,0.4535809018567639,0.4532739222049713,50.72747617959976,0.5049060583114624,1,True,False,True,58.5,False,0.49480688571929937,UNRANKED,,False,,,
2018-03-06,2018-03-07,2018-03-12,NOW,XLK,33.88999938964844,35.06800079345703,34.86485699244908,3,stop_loss,SHORT,SHORT,0.4953216016292572,0.4900422692298889,0.5006009340286255,0.4538904899135447,0.48606449365615845,50.46783983707428,0.5049060583114624,2,False,True,True,58.5,False,-0.08463582396507274,UNRANKED,,False,,,
2018-03-07,2018-03-08,2018-03-15,NOW,XLK,34.93600082397461,34.76599884033203,34.76599884033203,5,time_exit,LONG,LONG,0.5084048062562943,0.5296013951301575,0.48720821738243103,0.5,0.542688250541687,50.840480625629425,0.5049060583114624,1,True,True,False,58.5,False,-0.19212290644645683,UNRANKED,,False,,,
2018-03-08,2018-03-09,2018-03-16,NOW,XLK,34.86800003051758,33.99599838256836,33.99599838256836,5,time_exit,LONG,LONG,0.5005456656217575,0.5034881234169006,0.4976032078266144,0.4863171088364319,0.515460729598999,50.05456656217575,0.5049060583114624,2,False,True,True,58.5,False,0.19447007775306716,UNRANKED,,False,,,
2018-03-09,2018-03-12,2018-03-19,NOW,XLK,34.551998138427734,33.96200180053711,33.96200180053711,5,time_exit,LONG,LONG,0.5175940096378326,0.5345870852470398,0.5006009340286255,0.6091954022988506,0.5010873079299927,51.759400963783264,0.5049060583114624,1,True,True,False,58.5,False,0.38696444034576427,UNRANKED,,False,,,
2018-03-12,2018-03-13,2018-03-16,NOW,XLK,35.198001861572266,34.422000885009766,34.37314360482352,3,stop_loss,LONG,LONG,0.5004010498523712,0.5002011656761169,0.5006009340286255,0.4601990049751244,0.5295410752296448,50.04010498523712,0.5049060583114624,2,False,True,True,58.5,False,0.32060611248016363,UNRANKED,,False,,,
2018-03-13,2018-03-14,2018-03-16,NOW,XLK,35.07400131225586,34.63800048828125,34.259143011910574,2,stop_loss,LONG,LONG,0.5059733986854553,0.5113458633422852,0.5006009340286255,0.4863171088364319,0.5496585965156555,50.59733986854553,0.5049060583114624,1,True,True,False,58.5,False,0.30720496177673334,UNRANKED,,False,,,
2018-03-14,2018-03-15,2018-03-16,NOW,XLK,35.19200134277344,33.75199890136719,34.38142885480608,1,stop_loss,LONG,LONG,0.5034242570400238,0.5062475800514221,0.5006009340286255,0.4863171088364319,0.5041483044624329,50.34242570400238,0.5049060583114624,2,False,True,True,58.5,False,0.27803736925125117,UNRANKED,,False,,,
2018-03-15,2018-03-16,2018-03-19,NOW,XLK,34.9640007019043,32.95399856567383,34.234571184430806,1,take_profit,SHORT,SHORT,0.4993666261434555,0.4981323182582855,0.5006009340286255,0.4538904899135447,0.4755348563194275,50.06333738565445,0.5049060583114624,2,False,True,True,58.5,False,0.2482802271842957,UNRANKED,,False,,,
2018-03-16,2018-03-19,2018-03-23,NOW,XLK,33.959999084472656,34.290000915527344,33.12542615618025,4,stop_loss,LONG,LONG,0.5096173733472824,0.5216315388679504,0.4976032078266144,0.4863171088364319,0.4564697742462158,50.96173733472824,0.5049060583114624,1,True,True,False,58.5,False,0.31078967452049255,UNRANKED,,False,,,
2018-03-19,2018-03-20,2018-03-23,NOW,XLK,33.9739990234375,32.56399917602539,33.21371241978237,3,stop_loss,LONG,LONG,0.5150532126426697,0.5295054912567139,0.5006009340286255,0.5,0.48186758160591125,51.50532126426697,0.5049060583114624,1,True,True,False,58.5,False,0.37343320250511164,UNRANKED,,False,,,
2018-03-20,2018-03-21,2018-03-23,NOW,XLK,34.39799880981445,31.93600082397461,33.63856942313058,2,stop_loss,LONG,LONG,0.5037792921066284,0.5069576501846313,0.5006009340286255,0.4863171088364319,0.5176661610603333,50.37792921066284,0.5049060583114624,2,False,True,True,58.5,False,0.40141433477401745,UNRANKED,,False,,,
2018-03-21,2018-03-22,2018-03-23,NOW,XLK,34.268001556396484,33.09000015258789,33.51885795593262,1,stop_loss,LONG,LONG,0.5061979740858078,0.5147927403450012,0.4976032078266144,0.4863171088364319,0.5297898650169373,50.61979740858078,0.5049060583114624,1,True,True,False,58.5,False,0.5445816218852997,UNRANKED,,False,,,
2018-03-22,2018-03-23,2018-03-27,NOW,XLK,33.79600143432617,32.32400131225586,33.123143332345144,2,stop_loss,LONG,LONG,0.5111424922943115,0.5216840505599976,0.5006009340286255,0.4863171088364319,0.4740019738674164,51.11424922943115,0.5049060583114624,1,True,True,False,58.5,False,0.8590806126594543,UNRANKED,,False,,,
2018-03-23,2018-03-26,2018-03-27,NOW,XLK,33.709999084472656,32.354000091552734,32.96971239362444,1,stop_loss,LONG,LONG,0.5207017064094543,0.5408024787902832,0.5006009340286255,0.6415929203539823,0.49829909205436707,52.070170640945435,0.5049060583114624,1,True,True,False,58.5,False,0.6203496158123016,UNRANKED,,False,,,
2018-03-26,2018-03-27,2018-03-28,NOW,XLK,34.641998291015625,32.9379997253418,33.78999710083008,1,stop_loss,LONG,LONG,0.5132681727409363,0.5259354114532471,0.5006009340286255,0.4863171088364319,0.4620044231414795,51.32681727409363,0.5049060583114624,1,True,True,False,58.5,False,0.8764433562755586,UNRANKED,,False,,,
2018-03-27,2018-03-28,2018-04-05,NOW,XLK,32.599998474121094,33.15399932861328,33.15399932861328,5,time_exit,LONG,LONG,0.5029909312725067,0.5053809285163879,0.5006009340286255,0.4863171088364319,0.4019264876842499,50.29909312725067,0.5049060583114624,2,False,True,True,58.5,False,0.958782732486725,UNRANKED,,False,,,
2018-03-28,2018-03-29,2018-04-06,NOW,XLK,32.31999969482422,32.5880012512207,32.5880012512207,5,time_exit,LONG,LONG,0.5229766070842743,0.5312723517417908,0.5146808624267578,0.546875,0.449057012796402,52.29766070842743,0.5049060583114624,1,True,True,False,58.5,False,0.7821484804153442,UNRANKED,,False,,,
2018-03-29,2018-04-02,2018-04-09,NOW,XLK,32.88800048828125,32.577999114990234,32.577999114990234,5,time_exit,LONG,LONG,0.5253454446792603,0.5360100269317627,0.5146808624267578,0.6091954022988506,0.4654347002506256,52.534544467926025,0.5049060583114624,1,True,True,False,58.5,False,1.0561521351337433,UNRANKED,,False,,,
2018-04-02,2018-04-03,2018-04-10,NOW,XLK,33.31999969482422,33.316001892089844,33.316001892089844,5,time_exit,LONG,LONG,0.5273427069187164,0.540004551410675,0.5146808624267578,0.6415929203539823,0.5031632781028748,52.73427069187164,0.5049060583114624,1,True,True,False,58.5,False,0.8001600503921508,UNRANKED,,False,,,
2018-04-03,2018-04-04,2018-04-05,NOW,XLK,31.299999237060547,33.29999923706055,32.640284946986604,1,take_profit,LONG,LONG,0.5261858701705933,0.5376908779144287,0.5146808624267578,0.6415929203539823,0.5106990933418274,52.618587017059326,0.5049060583114624,1,True,True,False,58.5,False,1.0877019166946411,UNRANKED,,False,,,
2018-04-04,2018-04-05,2018-04-12,NOW,XLK,33.35599899291992,33.7140007019043,33.7140007019043,5,time_exit,LONG,LONG,0.5207657516002655,0.5409305691719055,0.5006009340286255,0.6415929203539823,0.5189902782440186,52.07657516002655,0.5049060583114624,1,True,True,False,58.5,False,1.0446996092796326,UNRANKED,,False,,,
2018-04-05,2018-04-06,2018-04-13,NOW,XLK,32.79199981689453,33.380001068115234,33.380001068115234,5,time_exit,LONG,LONG,0.5309928357601166,0.5613847374916077,0.5006009340286255,0.6415929203539823,0.5291833877563477,53.09928357601166,0.5049060583114624,1,True,True,False,58.5,False,0.8055714666843415,UNRANKED,,False,,,
2018-04-06,2018-04-09,2018-04-16,NOW,XLK,32.9119987487793,33.88999938964844,33.88999938964844,5,time_exit,LONG,LONG,0.520105630159378,0.5396103262901306,0.5006009340286255,0.6415929203539823,0.49568137526512146,52.010563015937805,0.5049060583114624,1,True,True,False,58.5,False,0.8900098502635958,UNRANKED,,False,,,
2018-04-09,2018-04-10,2018-04-17,NOW,XLK,33.25,34.90800094604492,34.5894284929548,5,take_profit,LONG,LONG,0.5119093358516693,0.5232177376747131,0.5006009340286255,0.4863171088364319,0.46132558584213257,51.19093358516693,0.5049060583114624,1,True,True,False,58.5,False,0.8701686561107637,UNRANKED,,False,,,
2018-04-10,2018-04-11,2018-04-17,NOW,XLK,33.01599884033203,34.86000061035156,34.395142146519255,4,take_profit,LONG,LONG,0.5137867331504822,0.5269725322723389,0.5006009340286255,0.4863171088364319,0.4572565257549286,51.37867331504822,0.5049060583114624,1,True,True,False,58.5,False,0.8152498900890349,UNRANKED,,False,,,
2018-04-11,2018-04-12,2018-04-17,NOW,XLK,33.34600067138672,34.597999572753906,34.696572984967915,3,take_profit,LONG,LONG,0.5057058334350586,0.5108107328414917,0.5006009340286255,0.4863171088364319,0.4800034165382385,50.57058334350586,0.5049060583114624,1,True,True,False,58.5,False,0.5897637903690338,UNRANKED,,False,,,
2018-04-12,2018-04-13,2018-04-20,NOW,XLK,34.01599884033203,33.779998779296875,33.779998779296875,5,time_exit,LONG,LONG,0.5007829517126083,0.5143576860427856,0.48720821738243103,0.4863171088364319,0.5139337182044983,50.078295171260834,0.5049060583114624,2,False,True,True,58.5,False,0.32571607828140264,UNRANKED,,False,,,
2018-04-13,2018-04-16,2018-04-23,NOW,XLK,33.70199966430664,33.50199890136719,33.50199890136719,5,time_exit,LONG,LONG,0.5049266666173935,0.5122501254081726,0.4976032078266144,0.4863171088364319,0.5049945116043091,50.49266666173935,0.5049060583114624,1,True,True,False,58.5,False,0.1329769194126128,UNRANKED,,False,,,
2018-04-16,2018-04-17,2018-04-24,NOW,XLK,34.20000076293945,32.13199996948242,33.10114342825754,5,stop_loss,LONG,LONG,0.5022976100444794,0.5039942860603333,0.5006009340286255,0.4863171088364319,0.4818296432495117,50.22976100444794,0.5049060583114624,2,False,True,True,58.5,False,0.2931484878063202,UNRANKED,,False,,,
2018-04-17,2018-04-18,2018-04-20,NOW,XLK,35.077999114990234,31.600000381469727,34.0802846636091,2,stop_loss,LONG,LONG,0.5059720575809479,0.5113431811332703,0.5006009340286255,0.4863171088364319,0.48839789628982544,50.59720575809479,0.5049060583114624,1,True,True,False,58.5,False,0.15645870566368109,UNRANKED,,False,,,
2018-04-18,2018-04-19,2018-04-23,NOW,XLK,34.65800094604492,33.03200149536133,33.74314335414341,2,stop_loss,LONG,LONG,0.5089199841022491,0.5172390341758728,0.5006009340286255,0.4863171088364319,0.48300451040267944,50.891998410224915,0.5049060583114624,1,True,True,False,58.5,False,0.27129870653152466,UNRANKED,,False,,,
2018-04-19,2018-04-20,2018-04-23,NOW,XLK,34.3380012512207,32.63600158691406,33.550571986607146,1,stop_loss,LONG,LONG,0.5038272887468338,0.5100513696670532,0.4976032078266144,0.4863171088364319,0.4946422278881073,50.38272887468338,0.5049060583114624,2,False,True,True,58.5,False,0.33126235008239757,UNRANKED,,False,,,
2018-04-20,2018-04-23,2018-04-24,NOW,XLK,33.98400115966797,33.22800064086914,33.18914304460798,1,stop_loss,LONG,LONG,0.5092886984348297,0.5179764628410339,0.5006009340286255,0.4863171088364319,0.4771778881549835,50.92886984348297,0.5049060583114624,1,True,True,False,58.5,False,0.3131143152713775,UNRANKED,,False,,,
2018-04-23,2018-04-24,2018-04-25,NOW,XLK,33.8380012512207,33.08399963378906,33.0077144077846,1,stop_loss,LONG,LONG,0.5047773122787476,0.5089536905288696,0.5006009340286255,0.4863171088364319,0.49912795424461365,50.477731227874756,0.5049060583114624,2,False,True,True,58.5,False,0.2922113835811615,UNRANKED,,False,,,
2018-04-24,2018-04-25,2018-05-02,NOW,XLK,32.4900016784668,33.099998474121094,33.099998474121094,5,time_exit,LONG,LONG,0.5142278969287872,0.527854859828949,0.5006009340286255,0.4863171088364319,0.3911112844944,51.42278969287872,0.5049060583114624,1,True,True,False,58.5,False,0.3126562535762787,UNRANKED,,False,,,
2018-04-25,2018-04-26,2018-04-30,NOW,XLK,32.0,33.74599838256836,32.98771531241281,2,stop_loss,SHORT,SHORT,0.4976091533899307,0.49461737275123596,0.5006009340286255,0.4538904899135447,0.44308000802993774,50.23908466100693,0.5049060583114624,2,False,True,True,58.5,False,0.5982009470462799,UNRANKED,,False,,,
2018-04-26,2018-04-27,2018-05-04,NOW,XLK,33.35599899291992,34.24399948120117,34.24399948120117,5,time_exit,SHORT,SHORT,0.4981817156076431,0.49576249718666077,0.5006009340286255,0.4538904899135447,0.5119434595108032,50.18182843923569,0.5049060583114624,2,False,True,True,58.5,False,0.3764329850673675,UNRANKED,,False,,,
2018-04-27,2018-04-30,2018-05-04,NOW,XLK,32.63600158691406,35.20399856567383,33.802574157714844,4,take_profit,LONG,LONG,0.5104541480541229,0.5203073620796204,0.5006009340286255,0.4863171088364319,0.5012407898902893,51.04541480541229,0.5049060583114624,1,True,True,False,58.5,False,0.7009326815605164,UNRANKED,,False,,,
2018-04-30,2018-05-01,2018-05-04,NOW,XLK,33.071998596191406,35.20600128173828,34.21771349225725,3,take_profit,LONG,LONG,0.5173555910587311,0.5341102480888367,0.5006009340286255,0.6091954022988506,0.5040452480316162,51.73555910587311,0.5049060583114624,1,True,True,False,58.5,False,0.6347456276416777,UNRANKED,,False,,,
2018-05-01,2018-05-02,2018-05-04,NOW,XLK,32.9119987487793,36.007999420166016,34.07599912370954,2,take_profit,LONG,LONG,0.5187947154045105,0.5369884967803955,0.5006009340286255,0.6091954022988506,0.5133291482925415,51.87947154045105,0.5049060583114624,1,True,True,False,58.5,False,0.6423106789588928,UNRANKED,,False,,,
2018-05-02,2018-05-03,2018-05-07,NOW,XLK,33.15800094604492,35.79600143432617,34.265143803187776,2,take_profit,LONG,LONG,0.5081601142883301,0.5157192945480347,0.5006009340286255,0.4863171088364319,0.5010941028594971,50.81601142883301,0.5049060583114624,1,True,True,False,58.5,False,0.49219426512718206,UNRANKED,,False,,,
2018-05-03,2018-05-04,2018-05-07,NOW,XLK,33.7400016784668,35.77399826049805,34.89171600341797,1,take_profit,LONG,LONG,0.5215192139148712,0.5424374938011169,0.5006009340286255,0.6415929203539823,0.513195276260376,52.15192139148712,0.5049060583114624,1,True,True,False,58.5,False,0.6912206411361695,UNRANKED,,False,,,
2018-05-04,2018-05-07,2018-05-09,NOW,XLK,34.417999267578125,34.74599838256836,35.56799970354353,2,take_profit,LONG,LONG,0.5044949054718018,0.508388876914978,0.5006009340286255,0.4863171088364319,0.47570309042930603,50.449490547180176,0.5049060583114624,2,False,True,True,58.5,False,0.5143045485019683,UNRANKED,,False,,,
2018-05-07,2018-05-08,2018-05-09,NOW,XLK,34.52199935913086,34.683998107910156,35.66371372767857,1,stop_loss,SHORT,SHORT,0.49626220762729645,0.4919234812259674,0.5006009340286255,0.4538904899135447,0.41810622811317444,50.373779237270355,0.5049060583114624,2,False,True,True,58.5,False,0.4214138686656953,UNRANKED,,False,,,
2018-05-08,2018-05-09,2018-05-16,NOW,XLK,35.45399856567383,34.22999954223633,34.31885528564453,5,stop_loss,LONG,LONG,0.5071970373392105,0.5167908668518066,0.4976032078266144,0.4863171088364319,0.4519965648651123,50.71970373392105,0.5049060583114624,1,True,True,False,58.5,False,0.1333842873573304,UNRANKED,,False,,,
2018-05-09,2018-05-10,2018-05-14,NOW,XLK,36.22600173950195,34.34199905395508,35.01371601649693,2,stop_loss,LONG,LONG,0.5004929006099701,0.5003848671913147,0.5006009340286255,0.4601990049751244,0.45960426330566406,50.04929006099701,0.5049060583114624,2,False,True,True,58.5,False,0.2842178046703338,UNRANKED,,False,,,
2018-05-10,2018-05-11,2018-05-15,NOW,XLK,35.84400177001953,34.78799819946289,34.718287876674104,2,take_profit,SHORT,SHORT,0.487927183508873,0.4752534329891205,0.5006009340286255,0.38311688311688313,0.49835214018821716,51.2072816491127,0.5049060583114624,1,True,False,True,58.5,False,0.16893258690834034,UNRANKED,,False,,,
2018-05-11,2018-05-14,2018-05-16,NOW,XLK,35.77199935913086,34.290000915527344,34.68285642351423,2,stop_loss,LONG,LONG,0.5015284419059753,0.5024559497833252,0.5006009340286255,0.474081055607917,0.5219860076904297,50.152844190597534,0.5049060583114624,2,False,True,True,58.5,False,0.20522066950798046,UNRANKED,,False,,,
2018-05-14,2018-05-15,2018-05-22,NOW,XLK,34.395999908447266,34.051998138427734,34.051998138427734,5,time_exit,SHORT,SHORT,0.4933858662843704,0.48916852474212646,0.4976032078266144,0.4535809018567639,0.4641387462615967,50.66141337156296,0.5049060583114624,1,True,False,True,58.5,False,-0.048104912042617756,UNRANKED,,False,,,
2018-05-15,2018-05-16,2018-05-23,NOW,XLK,34.60200119018555,34.79199981689453,34.79199981689453,5,time_exit,LONG,LONG,0.5039200037717819,0.5102367997169495,0.4976032078266144,0.4863171088364319,0.5007736682891846,50.39200037717819,0.5049060583114624,2,False,True,True,58.5,False,0.17048126459121718,UNRANKED,,False,,,
2018-05-16,2018-05-17,2018-05-24,NOW,XLK,34.22600173950195,35.104000091552734,35.059430258614675,5,take_profit,LONG,LONG,0.5057773739099503,0.5139515399932861,0.4976032078266144,0.4863171088364319,0.5248234272003174,50.577737390995026,0.5049060583114624,1,True,True,False,58.5,False,0.12362042069435121,UNRANKED,,False,,,
2018-05-17,2018-05-18,2018-05-25,NOW,XLK,34.35200119018555,35.34400177001953,35.14485822405134,5,take_profit,LONG,LONG,0.502388134598732,0.5071730613708496,0.4976032078266144,0.4863171088364319,0.5211172699928284,50.2388134598732,0.5049060583114624,2,False,True,True,58.5,False,0.07327014207839959,UNRANKED,,False,,,
2018-05-18,2018-05-21,2018-05-22,NOW,XLK,35.05400085449219,35.2599983215332,34.28200095040457,1,take_profit,SHORT,SHORT,0.4977586567401886,0.4979141056537628,0.4976032078266144,0.4538904899135447,0.512941300868988,50.22413432598114,0.5049060583114624,2,False,True,True,58.5,False,0.011818617582321118,UNRANKED,,False,,,
2018-05-21,2018-05-22,2018-05-25,NOW,XLK,34.44200134277344,35.694000244140625,35.26457214355469,3,stop_loss,SHORT,SHORT,0.49729982018470764,0.4969964325428009,0.4976032078266144,0.4538904899135447,0.4881472885608673,50.270017981529236,0.5049060583114624,2,False,True,True,58.5,False,0.12835612893104556,UNRANKED,,False,,,
2018-05-22,2018-05-23,2018-05-24,NOW,XLK,33.7400016784668,35.52199935913086,34.5942873273577,1,take_profit,LONG,LONG,0.5003250390291214,0.5030468702316284,0.4976032078266144,0.4863171088364319,0.49207186698913574,50.03250390291214,0.5049060583114624,2,False,True,True,58.5,False,0.0931215882301331,UNRANKED,,False,,,
2018-05-23,2018-05-24,2018-05-30,NOW,XLK,34.81399917602539,36.301998138427734,35.6817136492048,3,take_profit,LONG,LONG,0.5069449990987778,0.5162867903709412,0.4976032078266144,0.4863171088364319,0.49671298265457153,50.69449990987778,0.5049060583114624,1,True,True,False,58.5,False,0.053241401910781964,UNRANKED,,False,,,
2018-05-24,2018-05-25,2018-06-01,NOW,XLK,35.03799819946289,36.70000076293945,35.87914112636021,4,take_profit,LONG,LONG,0.50888292491436,0.5201626420021057,0.4976032078266144,0.4863171088364319,0.4893544614315033,50.888292491436005,0.5049060583114624,1,True,True,False,58.5,False,0.17816576361656192,UNRANKED,,False,,,
2018-05-25,2018-05-29,2018-06-01,NOW,XLK,35.20000076293945,37.21799850463867,35.93828691755022,3,take_profit,LONG,LONG,0.5093844383955002,0.521165668964386,0.4976032078266144,0.4863171088364319,0.4830600321292877,50.93844383955002,0.5049060583114624,1,True,True,False,58.5,False,0.29938629269599915,UNRANKED,,False,,,
2018-05-29,2018-05-30,2018-06-01,NOW,XLK,35.4640007019043,37.284000396728516,36.21400124686105,2,take_profit,LONG,LONG,0.5051597952842712,0.509718656539917,0.5006009340286255,0.4863171088364319,0.44983038306236267,50.515979528427124,0.5049060583114624,1,True,True,False,58.5,False,0.2949649095535279,UNRANKED,,False,,,
2018-05-30,2018-05-31,2018-06-04,NOW,XLK,35.62200164794922,35.4900016784668,36.31943130493164,2,stop_loss,SHORT,SHORT,0.49516355991363525,0.489726185798645,0.5006009340286255,0.4535809018567639,0.4597657322883606,50.483644008636475,0.5049060583114624,2,False,True,True,58.5,False,0.3593019545078276,UNRANKED,,False,,,
2018-05-31,2018-06-01,2018-06-04,NOW,XLK,35.8120002746582,35.63800048828125,36.503716060093474,1,take_profit,LONG,LONG,0.5102263391017914,0.5198517441749573,0.5006009340286255,0.4863171088364319,0.47048693895339966,51.02263391017914,0.5049060583114624,1,True,True,False,58.5,False,0.33726218342781067,UNRANKED,,False,,,
2018-06-01,2018-06-04,2018-06-07,NOW,XLK,36.513999938964844,36.01599884033203,35.71399906703404,3,take_profit,SHORT,SHORT,0.4978356808423996,0.4950704276561737,0.5006009340286255,0.4538904899135447,0.4856644570827484,50.21643191576004,0.5049060583114624,2,False,True,True,58.5,False,0.3223210275173187,UNRANKED,,False,,,
2018-06-04,2018-06-05,2018-06-07,NOW,XLK,36.8380012512207,36.36800003051758,36.12799998692104,2,take_profit,SHORT,SHORT,0.4986580163240433,0.49671509861946106,0.5006009340286255,0.4538904899135447,0.48310622572898865,50.13419836759567,0.5049060583114624,2,False,True,True,58.5,False,0.20376518368721017,UNRANKED,,False,,,
2018-06-05,2018-06-06,2018-06-07,NOW,XLK,37.3120002746582,36.24599838256836,36.536856515066965,1,take_profit,SHORT,SHORT,0.4967261403799057,0.495849072933197,0.4976032078266144,0.4538904899135447,0.4551085829734802,50.32738596200943,0.5049060583114624,2,False,True,True,58.5,False,-0.004389166831970243,UNRANKED,,False,,,
2018-06-06,2018-06-07,2018-06-08,NOW,XLK,37.400001525878906,37.06800079345703,36.68028586251395,1,stop_loss,LONG,LONG,0.5028055608272552,0.505010187625885,0.5006009340286255,0.4863171088364319,0.4846351444721222,50.280556082725525,0.5049060583114624,2,False,True,True,58.5,False,0.20754998922348022,UNRANKED,,False,,,
2018-06-07,2018-06-08,2018-06-14,NOW,XLK,35.540000915527344,37.27000045776367,36.50000217982701,4,take_profit,LONG,LONG,0.5085281878709793,0.5194531679153442,0.4976032078266144,0.4863171088364319,0.4130273163318634,50.85281878709793,0.5049060583114624,1,True,True,False,58.5,False,0.10157096385955819,UNRANKED,,False,,,
2018-06-08,2018-06-11,2018-06-14,NOW,XLK,35.69200134277344,37.28200149536133,36.60943113054548,3,stop_loss,SHORT,SHORT,0.49659542739391327,0.49558764696121216,0.4976032078266144,0.4538904899135447,0.4751438796520233,50.34045726060867,0.5049060583114624,2,False,True,True,58.5,False,0.10574904084205633,UNRANKED,,False,,,
2018-06-11,2018-06-12,2018-06-14,NOW,XLK,36.11199951171875,36.72200012207031,37.01228659493582,2,take_profit,LONG,LONG,0.5058948844671249,0.5141865611076355,0.4976032078266144,0.4863171088364319,0.5125910043716431,50.589488446712494,0.5049060583114624,1,True,True,False,58.5,False,0.27160742878913885,UNRANKED,,False,,,
2018-06-12,2018-06-13,2018-06-20,NOW,XLK,36.645999908447266,36.95199966430664,36.95199966430664,5,time_exit,LONG,LONG,0.5046922117471695,0.5117812156677246,0.4976032078266144,0.4863171088364319,0.5256595015525818,50.46922117471695,0.5049060583114624,2,False,True,True,58.5,False,0.25950247049331676,UNRANKED,,False,,,
2018-06-13,2018-06-14,2018-06-21,NOW,XLK,36.518001556396484,36.05400085449219,36.05400085449219,5,time_exit,LONG,LONG,0.5070557743310928,0.5165083408355713,0.4976032078266144,0.4863171088364319,0.498045951128006,50.70557743310928,0.5049060583114624,1,True,True,False,58.5,False,0.3278599977493286,UNRANKED,,False,,,
2018-06-14,2018-06-15,2018-06-21,NOW,XLK,36.99399948120117,35.34000015258789,36.09285518101284,4,stop_loss,LONG,LONG,0.5003903657197952,0.5031775236129761,0.4976032078266144,0.4863171088364319,0.5112733840942383,50.03903657197952,0.5049060583114624,2,False,True,True,58.5,False,0.061995625495910645,UNRANKED,,False,,,
2018-06-15,2018-06-18,2018-06-21,NOW,XLK,37.071998596191406,34.27799987792969,36.176283155168804,3,stop_loss,LONG,LONG,0.5008675903081894,0.5041319727897644,0.4976032078266144,0.4863171088364319,0.47967782616615295,50.08675903081894,0.5049060583114624,2,False,True,True,58.5,False,0.014957487583160296,UNRANKED,,False,,,
2018-06-18,2018-06-19,2018-06-22,NOW,XLK,36.715999603271484,34.16999816894531,35.830570220947266,3,take_profit,SHORT,SHORT,0.4969223737716675,0.4962415397167206,0.4976032078266144,0.4538904899135447,0.48799780011177063,50.30776262283325,0.5049060583114624,2,False,True,True,58.5,False,0.055923610925674286,UNRANKED,,False,,,
2018-06-19,2018-06-20,2018-06-21,NOW,XLK,37.0,33.59400177001953,36.096570696149556,1,stop_loss,LONG,LONG,0.5006718635559082,0.5007427930831909,0.5006009340286255,0.474081055607917,0.4760856330394745,50.06718635559082,0.5049060583114624,2,False,True,True,58.5,False,0.23689702153205858,UNRANKED,,False,,,
2018-06-20,2018-06-21,2018-06-22,NOW,XLK,37.0,34.481998443603516,36.08828517368862,1,take_profit,SHORT,SHORT,0.49616459012031555,0.4947259724140167,0.4976032078266144,0.4538904899135447,0.5238706469535828,50.383540987968445,0.5049060583114624,2,False,True,True,58.5,False,0.06626063585281365,UNRANKED,,False,,,
2018-06-21,2018-06-22,2018-06-25,NOW,XLK,35.715999603271484,34.49399948120117,34.787427629743306,1,take_profit,SHORT,SHORT,0.49234189093112946,0.48708057403564453,0.4976032078266144,0.4535809018567639,0.4973771572113037,50.765810906887054,0.5049060583114624,1,True,False,True,58.5,False,0.044478386640548706,UNRANKED,,False,,,
2018-06-22,2018-06-25,2018-06-27,NOW,XLK,34.88600158691406,35.52000045776367,33.912287030901226,2,take_profit,SHORT,SHORT,0.49181097745895386,0.48601874709129333,0.4976032078266144,0.4535809018567639,0.45595771074295044,50.818902254104614,0.5049060583114624,1,True,False,True,58.5,False,0.07440242171287537,UNRANKED,,False,,,
2018-06-25,2018-06-26,2018-07-02,NOW,XLK,34.417999267578125,35.4379997253418,35.469428471156526,4,take_profit,LONG,LONG,0.5016883313655853,0.5027757287025452,0.5006009340286255,0.474081055607917,0.4144737124443054,50.16883313655853,0.5049060583114624,2,False,True,True,58.5,False,0.2052148282527923,UNRANKED,,False,,,
2018-06-26,2018-06-27,2018-07-02,NOW,XLK,34.44200134277344,35.88600158691406,35.49943052019392,3,stop_loss,SHORT,SHORT,0.49176307022571564,0.4829252064228058,0.5006009340286255,0.4431818181818183,0.4434564709663391,50.823692977428436,0.5049060583114624,1,True,False,True,58.5,False,0.1413878500461579,UNRANKED,,False,,,
2018-06-27,2018-06-28,2018-06-29,NOW,XLK,33.56800079345703,36.43199920654297,34.451429639543804,1,stop_loss,SHORT,SHORT,0.48863551020622253,0.4766700863838196,0.5006009340286255,0.41389728096676737,0.46168744564056396,51.13644897937775,0.5049060583114624,1,True,False,True,58.5,False,0.36178982257843023,UNRANKED,,False,,,
2018-06-28,2018-06-29,2018-07-05,NOW,XLK,34.79999923706055,36.970001220703125,35.78914206368582,3,take_profit,LONG,LONG,0.5137629210948944,0.5269249081611633,0.5006009340286255,0.4863171088364319,0.522473156452179,51.37629210948944,0.5049060583114624,1,True,True,False,58.5,False,0.3666246831417083,UNRANKED,,False,,,
2018-06-29,2018-07-02,2018-07-03,NOW,XLK,34.321998596191406,37.119998931884766,35.25885609218052,1,take_profit,LONG,LONG,0.5294459611177444,0.5612887144088745,0.4976032078266144,0.6415929203539823,0.55095374584198,52.944596111774445,0.5049060583114624,1,True,True,False,58.5,False,0.3438428044319154,UNRANKED,,False,,,
2018-07-02,2018-07-03,2018-07-09,NOW,XLK,35.60599899291992,37.43600082397461,36.639142172677175,3,take_profit,LONG,LONG,0.5163100808858871,0.5350169539451599,0.4976032078266144,0.6091954022988506,0.542330265045166,51.631008088588715,0.5049060583114624,1,True,True,False,58.5,False,0.40065881609916687,UNRANKED,,False,,,
2018-07-03,2018-07-05,2018-07-09,NOW,XLK,35.63800048828125,38.93199920654297,36.6654292515346,2,take_profit,LONG,LONG,0.5083538442850113,0.5191044807434082,0.4976032078266144,0.4863171088364319,0.4780459702014923,50.83538442850113,0.5049060583114624,1,True,True,False,58.5,False,0.41927388310432434,UNRANKED,,False,,,
2018-07-05,2018-07-06,2018-07-09,NOW,XLK,35.880001068115234,38.21200180053711,36.85400118146624,1,take_profit,LONG,LONG,0.5167456269264221,0.5328903198242188,0.5006009340286255,0.5789473684210527,0.52679044008255,51.67456269264221,0.5049060583114624,1,True,True,False,58.5,False,0.5389988124370575,UNRANKED,,False,,,
2018-07-06,2018-07-09,2018-07-12,NOW,XLK,36.645999908447266,37.816001892089844,37.66914258684431,3,stop_loss,SHORT,SHORT,0.49334828555583954,0.4860956370830536,0.5006009340286255,0.4535809018567639,0.4414604604244232,50.665171444416046,0.5049060583114624,1,True,False,True,58.5,False,0.44134965538978566,UNRANKED,,False,,,
2018-07-09,2018-07-10,2018-07-12,NOW,XLK,37.04600143432617,38.2400016784668,38.144287109375,2,stop_loss,SHORT,SHORT,0.49927638471126556,0.49795183539390564,0.5006009340286255,0.4538904899135447,0.44841256737709045,50.072361528873444,0.5049060583114624,2,False,True,True,58.5,False,0.4581521153450012,UNRANKED,,False,,,
2018-07-10,2018-07-11,2018-07-12,NOW,XLK,36.67399978637695,38.402000427246094,37.71371350969587,1,stop_loss,SHORT,SHORT,0.49915947020053864,0.4977180063724518,0.5006009340286255,0.4538904899135447,0.4569716155529022,50.08405297994614,0.5049060583114624,2,False,True,True,58.5,False,0.1992316246032715,UNRANKED,,False,,,
2018-07-11,2018-07-12,2018-07-19,NOW,XLK,37.76599884033203,38.007999420166016,38.007999420166016,5,time_exit,SHORT,SHORT,0.4999847263097763,0.4993685185909271,0.5006009340286255,0.4601990049751244,0.4502943456172943,50.00152736902237,0.5049060583114624,2,False,True,True,58.5,False,0.3154772222042084,UNRANKED,,False,,,
2018-07-12,2018-07-13,2018-07-20,NOW,XLK,38.65800094604492,38.215999603271484,38.215999603271484,5,time_exit,LONG,LONG,0.5027276575565338,0.5048543810844421,0.5006009340286255,0.4863171088364319,0.48225024342536926,50.27276575565338,0.5049060583114624,2,False,True,True,58.5,False,0.08646968007087709,UNRANKED,,False,,,
2018-07-13,2018-07-16,2018-07-23,NOW,XLK,38.391998291015625,38.099998474121094,38.099998474121094,5,time_exit,LONG,LONG,0.5015076249837875,0.5054120421409607,0.4976032078266144,0.4863171088364319,0.4390066862106323,50.150762498378754,0.5049060583114624,2,False,True,True,58.5,False,-0.12433922290801995,UNRANKED,,False,,,
2018-07-16,2018-07-17,2018-07-24,NOW,XLK,37.38999938964844,36.981998443603516,36.981998443603516,5,time_exit,LONG,LONG,0.5089665800333023,0.5203299522399902,0.4976032078266144,0.4863171088364319,0.5262842774391174,50.89665800333023,0.5049060583114624,1,True,True,False,58.5,False,-0.14910736680030814,UNRANKED,,False,,,
2018-07-17,2018-07-18,2018-07-24,NOW,XLK,38.400001525878906,36.77199935913086,37.31171689714704,4,take_profit,SHORT,SHORT,0.4939876198768616,0.49037203192710876,0.4976032078266144,0.4538904899135447,0.4986394941806793,50.60123801231384,0.5049060583114624,1,True,False,True,58.5,False,-0.24385589361190818,UNRANKED,,False,,,
2018-07-18,2018-07-19,2018-07-24,NOW,XLK,38.305999755859375,38.4640007019043,37.27685764857701,3,take_profit,SHORT,SHORT,0.4870436489582062,0.476484090089798,0.4976032078266144,0.41389728096676737,0.4676925241947174,51.29563510417938,0.5049060583114624,1,True,False,True,58.5,False,-0.1281806230545044,UNRANKED,,False,,,
2018-07-19,2018-07-20,2018-07-24,NOW,XLK,38.20199966430664,36.790000915527344,37.24342836652483,2,take_profit,SHORT,SHORT,0.48876242339611053,0.4799216389656067,0.4976032078266144,0.4362934362934363,0.47655463218688965,51.12375766038895,0.5049060583114624,1,True,False,True,58.5,False,-0.09546482563018814,UNRANKED,,False,,,
2018-07-20,2018-07-23,2018-07-24,NOW,XLK,38.0359992980957,35.762001037597656,37.04942812238421,1,take_profit,SHORT,SHORT,0.4925548732280731,0.48750653862953186,0.4976032078266144,0.4535809018567639,0.4952276051044464,50.74451267719269,0.5049060583114624,1,True,False,True,58.5,False,-0.0011351108551024662,UNRANKED,,False,,,
2018-07-23,2018-07-24,2018-07-25,NOW,XLK,38.38600158691406,35.19200134277344,37.5294303894043,1,take_profit,SHORT,SHORT,0.48644547164440155,0.4752877354621887,0.4976032078266144,0.38311688311688313,0.5347627997398376,51.355452835559845,0.5049060583114624,1,True,False,True,58.5,False,0.09438550472259519,UNRANKED,,False,,,
2018-07-24,2018-07-25,2018-07-26,NOW,XLK,36.91400146484375,35.5880012512207,37.91857256208147,1,stop_loss,SHORT,SHORT,0.4942515194416046,0.49089983105659485,0.4976032078266144,0.4538904899135447,0.4203619360923767,50.57484805583954,0.5049060583114624,1,True,False,True,58.5,False,-0.04068407416343688,UNRANKED,,False,,,
2018-07-25,2018-07-26,2018-07-31,NOW,XLK,36.29999923706055,36.56800079345703,35.32942853655134,3,stop_loss,LONG,LONG,0.5014228522777557,0.502244770526886,0.5006009340286255,0.474081055607917,0.46048179268836975,50.142285227775574,0.5049060583114624,2,False,True,True,58.5,False,0.2342877686023712,UNRANKED,,False,,,
2018-07-26,2018-07-27,2018-07-30,NOW,XLK,38.40599822998047,36.17599868774414,37.27171271187918,1,take_profit,SHORT,SHORT,0.48744332790374756,0.47428572177886963,0.5006009340286255,0.38311688311688313,0.4892013669013977,51.255667209625244,0.5049060583114624,1,True,False,True,58.5,False,-0.023335009813308695,UNRANKED,,False,,,
2018-07-27,2018-07-30,2018-07-31,NOW,XLK,36.79999923706055,36.93199920654297,35.50342832292829,1,stop_loss,LONG,LONG,0.5014429688453674,0.5022850036621094,0.5006009340286255,0.474081055607917,0.4014921188354492,50.14429688453674,0.5049060583114624,2,False,True,True,58.5,False,0.20816117525100705,UNRANKED,,False,,,
2018-07-30,2018-07-31,2018-08-07,NOW,XLK,35.849998474121094,37.14799880981445,37.14799880981445,5,time_exit,LONG,LONG,0.5000094324350357,0.4994179308414459,0.5006009340286255,0.4601990049751244,0.40368539094924927,50.00094324350357,0.5049060583114624,2,False,True,True,58.5,False,0.26567712426185597,UNRANKED,,False,,,
2018-07-31,2018-08-01,2018-08-06,NOW,XLK,35.31800079345703,37.22600173950195,36.77628598894392,3,take_profit,LONG,LONG,0.5069394260644913,0.5162756443023682,0.4976032078266144,0.4863171088364319,0.4472943842411041,50.69394260644913,0.5049060583114624,1,True,True,False,58.5,False,0.35070481896400446,UNRANKED,,False,,,
2018-08-01,2018-08-02,2018-08-06,NOW,XLK,35.400001525878906,37.667999267578125,36.70114408220564,2,stop_loss,SHORT,SHORT,0.497428297996521,0.4942556619644165,0.5006009340286255,0.4538904899135447,0.4944205582141876,50.2571702003479,0.5049060583114624,2,False,True,True,58.5,False,0.16964307427406317,UNRANKED,,False,,,
2018-08-02,2018-08-03,2018-08-10,NOW,XLK,36.71799850463867,37.49399948120117,37.49399948120117,5,time_exit,LONG,LONG,0.5001187473535538,0.49963656067848206,0.5006009340286255,0.4601990049751244,0.5211254358291626,50.01187473535538,0.5049060583114624,2,False,True,True,58.5,False,0.10851946473121642,UNRANKED,,False,,,
2018-08-03,2018-08-06,2018-08-09,NOW,XLK,36.2239990234375,37.00400161743164,37.561713627406526,3,take_profit,LONG,LONG,0.5027730762958527,0.5049452185630798,0.5006009340286255,0.4863171088364319,0.5050954222679138,50.277307629585266,0.5049060583114624,2,False,True,True,58.5,False,0.20662653446197504,UNRANKED,,False,,,
2018-08-06,2018-08-07,2018-08-14,NOW,XLK,37.0,36.89799880981445,36.89799880981445,5,time_exit,LONG,LONG,0.5013831108808517,0.5051630139350891,0.4976032078266144,0.4863171088364319,0.5156523585319519,50.138311088085175,0.5049060583114624,2,False,True,True,58.5,False,0.1425557732582093,UNRANKED,,False,,,
2018-08-07,2018-08-08,2018-08-15,NOW,XLK,37.060001373291016,36.54600143432617,36.54600143432617,5,time_exit,SHORT,SHORT,0.49779459834098816,0.49798598885536194,0.4976032078266144,0.4538904899135447,0.49754849076271057,50.220540165901184,0.5049060583114624,2,False,True,True,58.5,False,-0.0065441131591798506,UNRANKED,,False,,,
2018-08-08,2018-08-09,2018-08-16,NOW,XLK,37.36199951171875,36.40599822998047,36.40599822998047,5,time_exit,SHORT,SHORT,0.49757175147533417,0.4997657537460327,0.4953777492046356,0.4809133386229393,0.5732420682907104,50.24282485246658,0.5024282336235046,1,True,False,True,52.0,False,0.08901229500770572,UNRANKED,,False,,,
2018-08-09,2018-08-10,2018-08-17,NOW,XLK,37.27199935913086,36.16600036621094,36.16600036621094,5,time_exit,SHORT,SHORT,0.49757175147533417,0.4997657537460327,0.4953777492046356,0.4809133386229393,0.5368700623512268,50.24282485246658,0.5024282336235046,1,True,False,True,52.0,False,-0.3329183459281921,UNRANKED,,False,,,
2018-08-10,2018-08-13,2018-08-20,NOW,XLK,37.402000427246094,36.27199935913086,36.27199935913086,5,time_exit,SHORT,SHORT,0.49757175147533417,0.4997657537460327,0.4953777492046356,0.4809133386229393,0.6122462153434753,50.24282485246658,0.5024282336235046,1,True,False,True,52.0,False,-0.03602665662765497,UNRANKED,,False,,,
2018-08-13,2018-08-14,2018-08-21,NOW,XLK,37.220001220703125,36.41999816894531,36.41999816894531,5,time_exit,SHORT,SHORT,0.49926602840423584,0.4997657537460327,0.49876630306243896,0.4809133386229393,0.5685768127441406,50.073397159576416,0.5024282336235046,2,False,True,True,52.0,False,0.10390824079513553,UNRANKED,,False,,,
2018-08-14,2018-08-15,2018-08-22,NOW,XLK,36.83399963378906,36.481998443603516,36.481998443603516,5,time_exit,SHORT,SHORT,0.49926602840423584,0.4997657537460327,0.49876630306243896,0.4809133386229393,0.4717387855052948,50.073397159576416,0.5024282336235046,2,False,True,True,52.0,False,-0.03551658987998949,UNRANKED,,False,,,
2018-08-15,2018-08-16,2018-08-23,NOW,XLK,36.869998931884766,36.970001220703125,36.970001220703125,5,time_exit,SHORT,SHORT,0.49926602840423584,0.4997657537460327,0.49876630306243896,0.4809133386229393,0.4624839425086975,50.073397159576416,0.5024282336235046,2,False,True,True,52.0,False,0.19323772192001326,UNRANKED,,False,,,
2018-08-16,2018-08-17,2018-08-24,NOW,XLK,36.400001525878906,38.71200180053711,37.27428763253348,5,stop_loss,SHORT,SHORT,0.49757175147533417,0.4997657537460327,0.4953777492046356,0.4809133386229393,0.4530797302722931,50.24282485246658,0.5024282336235046,1,True,False,True,52.0,False,0.4608640372753144,UNRANKED,,False,,,
2018-08-17,2018-08-20,2018-08-23,NOW,XLK,36.034000396728516,38.650001525878906,36.795714787074495,3,stop_loss,SHORT,SHORT,0.49926602840423584,0.4997657537460327,0.49876630306243896,0.4809133386229393,0.5007471442222595,50.073397159576416,0.5024282336235046,2,False,True,True,52.0,False,0.4758404791355133,UNRANKED,,False,,,
2018-08-20,2018-08-21,2018-08-24,NOW,XLK,36.47999954223633,38.85200119018555,37.175428118024556,3,stop_loss,SHORT,SHORT,0.49926602840423584,0.4997657537460327,0.49876630306243896,0.4809133386229393,0.5864508748054504,50.073397159576416,0.5024282336235046,2,False,True,True,52.0,False,0.38259312510490423,UNRANKED,,False,,,
2018-08-21,2018-08-22,2018-08-23,NOW,XLK,36.29600143432617,40.04600143432617,36.95600128173828,1,stop_loss,SHORT,SHORT,0.49926602840423584,0.4997657537460327,0.49876630306243896,0.4809133386229393,0.6015856862068176,50.073397159576416,0.5024282336235046,2,False,True,True,52.0,False,0.28849846124649053,UNRANKED,,False,,,
2018-08-22,2018-08-23,2018-08-24,NOW,XLK,36.433998107910156,39.689998626708984,36.962855202811106,1,take_profit,LONG,LONG,0.5034573078155518,0.4997657537460327,0.5071488618850708,0.4809133386229393,0.5900599956512451,50.345730781555176,0.5024282336235046,1,True,True,False,52.0,False,0.46810200810432434,UNRANKED,,False,,,
2018-08-23,2018-08-24,2018-08-27,NOW,XLK,37.22200012207031,39.27199935913086,37.76457159859793,1,take_profit,LONG,LONG,0.5034573078155518,0.4997657537460327,0.5071488618850708,0.4809133386229393,0.5444445610046387,50.345730781555176,0.5024282336235046,1,True,True,False,52.0,False,0.5786861479282379,UNRANKED,,False,,,
2018-08-24,2018-08-27,2018-08-29,NOW,XLK,38.79999923706055,40.051998138427734,39.48342786516462,2,stop_loss,SHORT,SHORT,0.49855512380599976,0.4997657537460327,0.4973444938659668,0.4809133386229393,0.5709145069122314,50.144487619400024,0.5024282336235046,2,False,True,True,52.0,False,0.3019199073314665,UNRANKED,,False,,,
2018-08-27,2018-08-28,2018-08-29,NOW,XLK,38.75600051879883,38.152000427246094,39.41742924281529,1,stop_loss,SHORT,SHORT,0.49855512380599976,0.4997657537460327,0.4973444938659668,0.4809133386229393,0.6220725774765015,50.144487619400024,0.5024282336235046,2,False,True,True,52.0,False,0.34120106697082525,UNRANKED,,False,,,
2018-08-28,2018-08-29,2018-08-30,NOW,XLK,38.854000091552734,38.63600158691406,39.533142634800505,1,stop_loss,SHORT,SHORT,0.49855512380599976,0.4997657537460327,0.4973444938659668,0.4809133386229393,0.6094667911529541,50.144487619400024,0.5024282336235046,2,False,True,True,52.0,False,0.2613128423690796,UNRANKED,,False,,,
2018-08-29,2018-08-30,2018-09-05,NOW,XLK,39.900001525878906,39.395999908447266,39.11343002319336,3,take_profit,SHORT,SHORT,0.498761311173439,0.5021448731422424,0.4953777492046356,0.4911003236245955,0.5922961235046387,50.1238688826561,0.5024282336235046,2,False,True,True,52.0,False,0.19295111298561093,UNRANKED,,False,,,
2018-08-30,2018-08-31,2018-09-05,NOW,XLK,39.599998474121094,39.801998138427734,38.7874265398298,2,take_profit,SHORT,SHORT,0.49757175147533417,0.4997657537460327,0.4953777492046356,0.4809133386229393,0.6416906118392944,50.24282485246658,0.5024282336235046,1,True,False,True,52.0,False,0.0923846662044525,UNRANKED,,False,,,
2018-08-31,2018-09-04,2018-09-05,NOW,XLK,39.189998626708984,39.900001525878906,38.38771220615932,1,take_profit,SHORT,SHORT,0.49889911711215973,0.4997657537460327,0.49803248047828674,0.4809133386229393,0.5778506398200989,50.11008828878403,0.5024282336235046,2,False,True,True,52.0,False,0.05880194902420054,UNRANKED,,False,,,
2018-09-04,2018-09-05,2018-09-06,NOW,XLK,40.0,40.55400085449219,39.10142844063895,1,take_profit,SHORT,SHORT,0.498761311173439,0.5021448731422424,0.4953777492046356,0.4911003236245955,0.4946542978286743,50.1238688826561,0.5024282336235046,2,False,True,True,52.0,False,-0.12790587544441231,UNRANKED,,False,,,
2018-09-05,2018-09-06,2018-09-10,NOW,XLK,38.38399887084961,40.91600036621094,39.50371333530971,2,stop_loss,SHORT,SHORT,0.49757175147533417,0.4997657537460327,0.4953777492046356,0.4809133386229393,0.47139209508895874,50.24282485246658,0.5024282336235046,1,True,False,True,52.0,False,0.0033132135868071087,UNRANKED,,False,,,
2018-09-06,2018-09-07,2018-09-10,NOW,XLK,38.5880012512207,40.59400177001953,39.75685828072684,1,stop_loss,SHORT,SHORT,0.49757175147533417,0.4997657537460327,0.4953777492046356,0.4809133386229393,0.5747843384742737,50.24282485246658,0.5024282336235046,1,True,False,True,52.0,False,0.05685719847679142,UNRANKED,,False,,,
2018-09-07,2018-09-10,2018-09-17,NOW,XLK,39.97600173950195,38.56399917602539,38.73285893031529,5,take_profit,SHORT,SHORT,0.49757175147533417,0.4997657537460327,0.4953777492046356,0.4809133386229393,0.61082923412323,50.24282485246658,0.5024282336235046,1,True,False,True,52.0,False,0.17818966507911682,UNRANKED,,False,,,
2018-09-10,2018-09-11,2018-09-13,NOW,XLK,39.599998474121094,38.375999450683594,40.88599831717355,2,stop_loss,SHORT,SHORT,0.498761311173439,0.5021448731422424,0.4953777492046356,0.4911003236245955,0.5510729551315308,50.1238688826561,0.5024282336235046,2,False,True,True,52.0,False,0.27535721659660334,UNRANKED,,False,,,
2018-09-11,2018-09-12,2018-09-17,NOW,XLK,39.96799850463867,37.20000076293945,38.689140864780974,3,take_profit,SHORT,SHORT,0.49757175147533417,0.4997657537460327,0.4953777492046356,0.4809133386229393,0.5936015248298645,50.24282485246658,0.5024282336235046,1,True,False,True,52.0,False,0.3448943793773652,UNRANKED,,False,,,
2018-09-12,2018-09-13,2018-09-17,NOW,XLK,40.79999923706055,37.470001220703125,39.43657030378069,2,take_profit,SHORT,SHORT,0.498761311173439,0.5021448731422424,0.4953777492046356,0.4911003236245955,0.5256606936454773,50.1238688826561,0.5024282336235046,2,False,True,True,52.0,False,0.19568839669227592,UNRANKED,,False,,,
2018-09-13,2018-09-14,2018-09-17,NOW,XLK,40.82400131225586,37.9379997253418,39.478572845458984,1,take_profit,SHORT,SHORT,0.498761311173439,0.5021448731422424,0.4953777492046356,0.4911003236245955,0.5327653884887695,50.1238688826561,0.5024282336235046,2,False,True,True,52.0,False,0.23491320013999942,UNRANKED,,False,,,
2018-09-14,2018-09-17,2018-09-18,NOW,XLK,40.375999450683594,38.624000549316406,39.23342841012137,1,take_profit,SHORT,SHORT,0.49757175147533417,0.4997657537460327,0.4953777492046356,0.4809133386229393,0.539659857749939,50.24282485246658,0.5024282336235046,1,True,False,True,52.0,False,0.17561608552932742,UNRANKED,,False,,,
2018-09-17,2018-09-18,2018-09-25,NOW,XLK,38.604000091552734,39.52199935913086,39.52199935913086,5,time_exit,SHORT,SHORT,0.49855512380599976,0.4997657537460327,0.4973444938659668,0.4809133386229393,0.5359750986099243,50.144487619400024,0.5024282336235046,2,False,True,True,52.0,False,0.24694129824638358,UNRANKED,,False,,,
2018-09-18,2018-09-19,2018-09-26,NOW,XLK,38.29999923706055,39.141998291015625,39.141998291015625,5,time_exit,SHORT,SHORT,0.49855512380599976,0.4997657537460327,0.4973444938659668,0.4809133386229393,0.5155878663063049,50.144487619400024,0.5024282336235046,2,False,True,True,52.0,False,0.15465477108955392,UNRANKED,,False,,,
2018-09-19,2018-09-20,2018-09-25,NOW,XLK,37.400001525878906,39.01599884033203,38.819144112723215,3,stop_loss,SHORT,SHORT,0.49855512380599976,0.4997657537460327,0.4973444938659668,0.4809133386229393,0.5714863538742065,50.144487619400024,0.5024282336235046,2,False,True,True,52.0,False,0.1917874217033386,UNRANKED,,False,,,
2018-09-20,2018-09-21,2018-09-25,NOW,XLK,37.67399978637695,39.125999450683594,39.08085632324219,2,stop_loss,SHORT,SHORT,0.49855512380599976,0.4997657537460327,0.4973444938659668,0.4809133386229393,0.6098806262016296,50.144487619400024,0.5024282336235046,2,False,True,True,52.0,False,0.21801498532295227,UNRANKED,,False,,,
2018-09-21,2018-09-24,2018-09-25,NOW,XLK,37.5260009765625,38.922000885009766,38.94000026157924,1,stop_loss,SHORT,SHORT,0.49855512380599976,0.4997657537460327,0.4973444938659668,0.4809133386229393,0.6375959515571594,50.144487619400024,0.5024282336235046,2,False,True,True,52.0,False,0.18955907225608817,UNRANKED,,False,,,
2018-09-24,2018-09-25,2018-10-02,NOW,XLK,38.85599899291992,38.58000183105469,38.58000183105469,5,time_exit,SHORT,SHORT,0.49757175147533417,0.4997657537460327,0.4953777492046356,0.4809133386229393,0.6610907316207886,50.24282485246658,0.5024282336235046,1,True,False,True,52.0,False,0.1184187233448028,UNRANKED,,False,,,
2018-09-25,2018-09-26,2018-10-03,NOW,XLK,39.52199935913086,39.2400016784668,39.2400016784668,5,time_exit,SHORT,SHORT,0.49926602840423584,0.4997657537460327,0.49876630306243896,0.4809133386229393,0.6228609681129456,50.073397159576416,0.5024282336235046,2,False,True,True,52.0,False,-0.23967924714088434,UNRANKED,,False,,,
2018-09-26,2018-09-27,2018-10-04,NOW,XLK,39.209999084472656,37.487998962402344,37.96742793491909,5,take_profit,SHORT,SHORT,0.49926602840423584,0.4997657537460327,0.49876630306243896,0.4809133386229393,0.6511788964271545,50.073397159576416,0.5024282336235046,2,False,True,True,52.0,False,0.3076023757457734,UNRANKED,,False,,,
2018-09-27,2018-09-28,2018-10-04,NOW,XLK,38.91600036621094,37.31999969482422,37.7640004839216,4,take_profit,SHORT,SHORT,0.49926602840423584,0.4997657537460327,0.49876630306243896,0.4809133386229393,0.56706702709198,50.073397159576416,0.5024282336235046,2,False,True,True,52.0,False,0.19444209337234514,UNRANKED,,False,,,
2018-09-28,2018-10-01,2018-10-04,NOW,XLK,39.45000076293945,36.051998138427734,38.34028625488281,3,take_profit,SHORT,SHORT,0.49889911711215973,0.4997657537460327,0.49803248047828674,0.4809133386229393,0.5475896596908569,50.11008828878403,0.5024282336235046,2,False,True,True,52.0,False,0.009711802005767795,UNRANKED,,False,,,
2018-10-01,2018-10-02,2018-10-04,NOW,XLK,39.14400100708008,36.28200149536133,38.01914433070591,2,take_profit,SHORT,SHORT,0.49889911711215973,0.4997657537460327,0.49803248047828674,0.4809133386229393,0.556827962398529,50.11008828878403,0.5024282336235046,2,False,True,True,52.0,False,0.14701622724533087,UNRANKED,,False,,,
2018-10-02,2018-10-03,2018-10-04,NOW,XLK,38.85599899291992,34.428001403808594,37.775713784354075,1,stop_loss,LONG,LONG,0.5008712261915207,0.5037099719047546,0.49803248047828674,0.4911003236245955,0.46836456656455994,50.08712261915207,0.5024282336235046,2,False,True,True,52.0,False,-0.0172230303287506,UNRANKED,,False,,,
2018-10-03,2018-10-04,2018-10-05,NOW,XLK,39.097999572753906,34.99399948120117,37.97514288766043,1,take_profit,SHORT,SHORT,0.49462395906448364,0.5026971697807312,0.4865507483482361,0.4911003236245955,0.5160490870475769,50.537604093551636,0.5024282336235046,1,True,False,True,52.0,False,-0.021219372749328724,UNRANKED,,False,,,
2018-10-04,2018-10-05,2018-10-08,NOW,XLK,37.422000885009766,36.88999938964844,36.09485789707729,1,take_profit,SHORT,SHORT,0.49757175147533417,0.4997657537460327,0.4953777492046356,0.4809133386229393,0.560667872428894,50.24282485246658,0.5024282336235046,1,True,False,True,52.0,False,0.0673561394214631,UNRANKED,,False,,,
2018-10-05,2018-10-08,2018-10-10,NOW,XLK,36.87799835205078,36.18199920654297,35.81685583932059,2,stop_loss,LONG,LONG,0.5004677474498749,0.4997657537460327,0.501169741153717,0.4809133386229393,0.5635579824447632,50.04677474498749,0.5024282336235046,2,False,True,True,52.0,False,0.21112525463104248,UNRANKED,,False,,,
2018-10-08,2018-10-09,2018-10-10,NOW,XLK,35.97999954223633,38.54399871826172,34.764571053641184,1,stop_loss,LONG,LONG,0.5004677474498749,0.4997657537460327,0.501169741153717,0.4809133386229393,0.5080005526542664,50.04677474498749,0.5024282336235046,2,False,True,True,52.0,False,0.27934321761131276,UNRANKED,,False,,,
2018-10-09,2018-10-10,2018-10-11,NOW,XLK,36.09000015258789,38.051998138427734,35.00971385410854,1,stop_loss,LONG,LONG,0.5004677474498749,0.4997657537460327,0.501169741153717,0.4809133386229393,0.5461193323135376,50.04677474498749,0.5024282336235046,2,False,True,True,52.0,False,0.5009903907775879,UNRANKED,,False,,,
2018-10-10,2018-10-11,2018-10-12,NOW,XLK,34.56999969482422,37.0359992980957,35.87657165527344,1,take_profit,LONG,LONG,0.5004677474498749,0.4997657537460327,0.501169741153717,0.4809133386229393,0.5944862365722656,50.04677474498749,0.5024282336235046,2,False,True,True,52.0,False,1.0088182091712952,UNRANKED,,False,,,
2018-10-11,2018-10-12,2018-10-16,NOW,XLK,36.4640007019043,35.43000030517578,37.78457260131836,2,take_profit,LONG,LONG,0.5025226175785065,0.4997657537460327,0.5052794814109802,0.4809133386229393,0.605870246887207,50.25226175785065,0.5024282336235046,1,True,True,False,52.0,False,0.8984667956829071,MEDIUM,,True,2.068905521515296,1.0,-0.03769011736926175
2018-10-12,2018-10-15,2018-10-16,NOW,XLK,36.832000732421875,35.768001556396484,38.32542964390346,1,take_profit,LONG,LONG,0.5025226175785065,0.4997657537460327,0.5052794814109802,0.4809133386229393,0.6511433720588684,50.25226175785065,0.5024282336235046,1,True,True,False,52.0,False,0.34946843981742864,MEDIUM,,True,0.604535665137019,1.0,-0.03769011736926175
2018-10-15,2018-10-16,2018-10-19,NOW,XLK,37.04199981689453,36.35599899291992,35.57571356637137,3,stop_loss,LONG,LONG,0.5164948105812073,0.4997657537460327,0.5332238674163818,0.4809133386229393,0.5931016802787781,51.64948105812073,0.5024282336235046,1,True,True,False,52.0,False,1.685459718108177,UNRANKED,,False,,,
2018-10-16,2018-10-17,2018-10-19,NOW,XLK,38.62200164794922,34.04199981689453,36.87257276262556,2,stop_loss,LONG,LONG,0.5164948105812073,0.4997657537460327,0.5332238674163818,0.4809133386229393,0.5605085492134094,51.64948105812073,0.5024282336235046,1,True,True,False,52.0,False,1.4677680879831319,UNRANKED,,False,,,
2018-10-17,2018-10-18,2018-10-19,NOW,XLK,37.827999114990234,34.5260009765625,36.02628435407366,1,stop_loss,LONG,LONG,0.5164948105812073,0.4997657537460327,0.5332238674163818,0.4809133386229393,0.557816743850708,51.64948105812073,0.5024282336235046,1,True,True,False,52.0,False,1.477061614394188,UNRANKED,,False,,,
2018-10-18,2018-10-19,2018-10-24,NOW,XLK,37.29199981689453,33.35200119018555,35.36085673740932,3,stop_loss,LONG,LONG,0.5164948105812073,0.4997657537460327,0.5332238674163818,0.4809133386229393,0.602327823638916,51.64948105812073,0.5024282336235046,1,True,True,False,52.0,False,1.7331717312335966,MEDIUM,,True,4.552234618347078,1.0,0.013507882491839708
2018-10-19,2018-10-22,2018-10-26,NOW,XLK,35.78200149536133,32.84600067138672,33.65057264055525,4,stop_loss,LONG,LONG,0.5164948105812073,0.4997657537460327,0.5332238674163818,0.4809133386229393,0.5550264120101929,51.64948105812073,0.5024282336235046,1,True,True,False,52.0,False,1.581108644604683,UNRANKED,,False,,,
2018-10-22,2018-10-23,2018-10-30,NOW,XLK,34.84000015258789,33.70000076293945,33.70000076293945,5,time_exit,LONG,LONG,0.5164948105812073,0.4997657537460327,0.5332238674163818,0.4809133386229393,0.5442944765090942,51.64948105812073,0.5024282336235046,1,True,True,False,52.0,False,1.1003237664699554,UNRANKED,,False,,,
2018-10-23,2018-10-24,2018-10-26,NOW,XLK,36.35599899291992,36.20800018310547,34.23542731148856,2,stop_loss,LONG,LONG,0.5122301280498505,0.4997657537460327,0.5246945023536682,0.4809133386229393,0.5497580766677856,51.223012804985046,0.5024282336235046,1,True,True,False,52.0,False,1.1636938899755476,UNRANKED,,False,,,
2018-10-24,2018-10-25,2018-11-01,NOW,XLK,34.68000030517578,36.74599838256836,36.74599838256836,5,time_exit,LONG,LONG,0.5122301280498505,0.4997657537460327,0.5246945023536682,0.4809133386229393,0.555719792842865,51.223012804985046,0.5024282336235046,1,True,True,False,52.0,False,1.0779984593391416,UNRANKED,,False,,,
2018-10-25,2018-10-26,2018-10-31,NOW,XLK,32.847999572753906,35.75600051879883,35.093999590192524,3,take_profit,LONG,LONG,0.5122301280498505,0.4997657537460327,0.5246945023536682,0.4809133386229393,0.5691937804222107,51.223012804985046,0.5024282336235046,1,True,True,False,52.0,False,1.37518672645092,UNRANKED,,False,,,
2018-10-26,2018-10-29,2018-11-01,NOW,XLK,34.417999267578125,36.082000732421875,36.65057046072824,3,take_profit,LONG,LONG,0.5122301280498505,0.4997657537460327,0.5246945023536682,0.4809133386229393,0.5634435415267944,51.223012804985046,0.5024282336235046,1,True,True,False,52.0,False,1.8201673179864881,UNRANKED,,False,,,
2018-10-29,2018-10-30,2018-10-31,NOW,XLK,32.0,35.4739990234375,34.27199935913086,1,take_profit,LONG,LONG,0.5122301280498505,0.4997657537460327,0.5246945023536682,0.4809133386229393,0.5215535163879395,51.223012804985046,0.5024282336235046,1,True,True,False,52.0,False,1.3913117647171018,UNRANKED,,False,,,
2018-10-30,2018-10-31,2018-11-07,NOW,XLK,34.86199951171875,38.16600036621094,36.99114172799246,5,stop_loss,SHORT,SHORT,0.489450141787529,0.4997657537460327,0.47913452982902527,0.4809133386229393,0.635204553604126,51.0549858212471,0.5024282336235046,1,True,False,True,52.0,False,-1.1129267811775208,UNRANKED,,False,,,
2018-10-31,2018-11-01,2018-11-08,NOW,XLK,36.20600128173828,37.231998443603516,37.231998443603516,5,time_exit,SHORT,SHORT,0.4879845678806305,0.4968346059322357,0.47913452982902527,0.4809133386229393,0.646184504032135,51.20154321193695,0.5024282336235046,1,True,False,True,52.0,False,-0.8415164947509765,UNRANKED,,False,,,
2018-11-01,2018-11-02,2018-11-09,NOW,XLK,36.9739990234375,35.518001556396484,35.518001556396484,5,time_exit,SHORT,SHORT,0.47405940294265747,0.4968346059322357,0.4512841999530792,0.4809133386229393,0.649373471736908,52.59405970573425,0.5024282336235046,1,True,False,True,52.0,False,-0.29426535964012146,UNRANKED,,False,,,
2018-11-02,2018-11-05,2018-11-07,NOW,XLK,35.79600143432617,34.4739990234375,38.04885755266462,2,stop_loss,SHORT,SHORT,0.49215757846832275,0.4968346059322357,0.4874805510044098,0.4809133386229393,0.6445602774620056,50.784242153167725,0.5024282336235046,1,True,False,True,52.0,False,-0.6016045808792112,UNRANKED,,False,,,
2018-11-05,2018-11-06,2018-11-07,NOW,XLK,35.900001525878906,33.73400115966797,37.86200060163225,1,stop_loss,SHORT,SHORT,0.49538204073905945,0.4968346059322357,0.4939294755458832,0.4809133386229393,0.655168354511261,50.461795926094055,0.5024282336235046,1,True,False,True,52.0,False,0.2674986422061919,UNRANKED,,False,,,
2018-11-06,2018-11-07,2018-11-12,NOW,XLK,36.470001220703125,33.47600173950195,34.49143055507115,3,take_profit,SHORT,SHORT,0.49538204073905945,0.4968346059322357,0.4939294755458832,0.4809133386229393,0.6613514423370361,50.461795926094055,0.5024282336235046,1,True,False,True,52.0,False,0.5274100005626678,UNRANKED,,False,,,
2018-11-07,2018-11-08,2018-11-09,NOW,XLK,38.0,34.59400177001953,35.782000405447825,1,take_profit,SHORT,SHORT,0.49684761464595795,0.4997657537460327,0.4939294755458832,0.4809133386229393,0.6261457204818726,50.315238535404205,0.5024282336235046,1,True,False,True,52.0,False,0.5760211050510405,UNRANKED,,False,,,
2018-11-08,2018-11-09,2018-11-12,NOW,XLK,36.84600067138672,34.21799850463867,34.72400065830776,1,stop_loss,LONG,LONG,0.5034573078155518,0.4997657537460327,0.5071488618850708,0.4809133386229393,0.5619948506355286,50.345730781555176,0.5024282336235046,1,True,True,False,52.0,False,0.4687125086784362,UNRANKED,,False,,,
2018-11-09,2018-11-12,2018-11-19,NOW,XLK,35.040000915527344,31.360000610351562,32.721430097307476,5,stop_loss,LONG,LONG,0.5002494752407074,0.4997657537460327,0.5007331967353821,0.4809133386229393,0.6476798057556152,50.02494752407074,0.5024282336235046,2,False,True,True,52.0,False,0.35849905014038086,UNRANKED,,False,,,
2018-11-12,2018-11-13,2018-11-19,NOW,XLK,34.869998931884766,31.447999954223633,32.48628452845982,4,stop_loss,LONG,LONG,0.5002494752407074,0.4997657537460327,0.5007331967353821,0.4809133386229393,0.6638290882110596,50.02494752407074,0.5024282336235046,2,False,True,True,52.0,False,0.5925780832767488,UNRANKED,,False,,,
2018-11-13,2018-11-14,2018-11-19,NOW,XLK,34.25199890136719,31.827999114990234,32.09314182826451,3,stop_loss,LONG,LONG,0.5002494752407074,0.4997657537460327,0.5007331967353821,0.4809133386229393,0.6335774660110474,50.02494752407074,0.5024282336235046,2,False,True,True,52.0,False,0.5138969719409944,LOW,,True,0.8558571716669069,1.0,0.006840752830057641
2018-11-14,2018-11-15,2018-11-23,NOW,XLK,33.33399963378906,32.125999450683594,32.125999450683594,5,time_exit,LONG,LONG,0.5002494752407074,0.4997657537460327,0.5007331967353821,0.4809133386229393,0.5876855850219727,50.02494752407074,0.5024282336235046,2,False,True,True,52.0,False,0.6372252106666565,UNRANKED,,False,,,
2018-11-15,2018-11-16,2018-11-19,NOW,XLK,34.145999908447266,33.45199966430664,32.02742876325335,1,stop_loss,LONG,LONG,0.5002494752407074,0.4997657537460327,0.5007331967353821,0.4809133386229393,0.5547301769256592,50.02494752407074,0.5024282336235046,2,False,True,True,52.0,False,0.3261712491512298,UNRANKED,,False,,,
2018-11-16,2018-11-19,2018-11-20,NOW,XLK,33.9119987487793,33.14799880981445,31.811998639787948,1,take_profit,SHORT,SHORT,0.49855512380599976,0.4997657537460327,0.4973444938659668,0.4809133386229393,0.657405436038971,50.144487619400024,0.5024282336235046,2,False,True,True,52.0,False,0.519646853208542,UNRANKED,,False,,,
2018-11-19,2018-11-20,2018-11-26,NOW,XLK,29.79800033569336,35.57400131225586,32.18428584507534,3,take_profit,LONG,LONG,0.5034573078155518,0.4997657537460327,0.5071488618850708,0.4809133386229393,0.5876110196113586,50.345730781555176,0.5024282336235046,1,True,True,False,52.0,False,0.4606070816516875,UNRANKED,,False,,,
2018-11-20,2018-11-21,2018-11-28,NOW,XLK,32.04399871826172,35.81999969482422,34.08456993103027,4,take_profit,LONG,LONG,0.5034573078155518,0.4997657537460327,0.5071488618850708,0.4809133386229393,0.5731173157691956,50.345730781555176,0.5024282336235046,1,True,True,False,52.0,False,0.572699010372162,UNRANKED,,False,,,
2018-11-21,2018-11-23,2018-11-26,NOW,XLK,31.31399917602539,37.05400085449219,33.331999097551616,1,stop_loss,SHORT,SHORT,0.49408145248889923,0.4997657537460327,0.48839715123176575,0.4809133386229393,0.6231860518455505,50.59185475111008,0.5024282336235046,1,True,False,True,52.0,False,0.06184217333793634,UNRANKED,,False,,,
2018-11-23,2018-11-26,2018-11-28,NOW,XLK,32.81800079345703,37.61800003051758,34.73714392525809,2,stop_loss,SHORT,SHORT,0.49261587858200073,0.4968346059322357,0.48839715123176575,0.4809133386229393,0.5899261236190796,50.73841214179993,0.5024282336235046,1,True,False,True,52.0,False,0.013278156518936254,UNRANKED,,False,,,
2018-11-26,2018-11-27,2018-11-28,NOW,XLK,32.91999816894531,36.16999816894531,34.981998443603516,1,stop_loss,SHORT,SHORT,0.49215757846832275,0.4968346059322357,0.4874805510044098,0.4809133386229393,0.6124334335327148,50.784242153167725,0.5024282336235046,1,True,False,True,52.0,False,-0.4453219473361969,UNRANKED,,False,,,
2018-11-27,2018-11-28,2018-11-30,NOW,XLK,34.25,37.52000045776367,36.26857158115932,2,stop_loss,SHORT,SHORT,0.49215757846832275,0.4968346059322357,0.4874805510044098,0.4809133386229393,0.6706089377403259,50.784242153167725,0.5024282336235046,1,True,False,True,52.0,False,0.1058426201343535,UNRANKED,,False,,,
2018-11-28,2018-11-29,2018-12-03,NOW,XLK,35.24800109863281,36.47600173950195,37.228572845458984,2,stop_loss,SHORT,SHORT,0.49450787901878357,0.4997657537460327,0.4892500042915344,0.4809133386229393,0.624807596206665,50.54921209812164,0.5024282336235046,1,True,False,True,52.0,False,0.3814204335212708,UNRANKED,,False,,,
2018-11-29,2018-11-30,2018-12-10,NOW,XLK,35.928001403808594,36.97999954223633,36.97999954223633,5,time_exit,SHORT,SHORT,0.49130234122276306,0.4997657537460327,0.4828389286994934,0.4809133386229393,0.6253175139427185,50.869765877723694,0.5024282336235046,1,True,False,True,52.0,False,-0.021743923425674404,UNRANKED,,False,,,
2018-11-30,2018-12-03,2018-12-04,NOW,XLK,38.40999984741211,36.683998107910156,36.59628513881138,1,take_profit,SHORT,SHORT,0.49130234122276306,0.4997657537460327,0.4828389286994934,0.4809133386229393,0.6200242042541504,50.869765877723694,0.5024282336235046,1,True,False,True,52.0,False,0.024324655532836914,UNRANKED,,False,,,
2018-12-03,2018-12-04,2018-12-12,NOW,XLK,37.11800003051758,37.52799987792969,37.52799987792969,5,time_exit,SHORT,SHORT,0.49926602840423584,0.4997657537460327,0.49876630306243896,0.4809133386229393,0.55592942237854,50.073397159576416,0.5024282336235046,2,False,True,True,52.0,False,0.030209869146347046,UNRANKED,,False,,,
2018-12-04,2018-12-06,2018-12-12,NOW,XLK,35.16400146484375,37.630001068115234,37.010287693568635,4,stop_loss,SHORT,SHORT,0.49926602840423584,0.4997657537460327,0.49876630306243896,0.4809133386229393,0.4915134012699127,50.073397159576416,0.5024282336235046,2,False,True,True,52.0,False,0.18688112497329717,UNRANKED,,False,,,
2018-12-06,2018-12-07,2018-12-14,NOW,XLK,37.38800048828125,36.395999908447266,36.395999908447266,5,time_exit,SHORT,SHORT,0.49926602840423584,0.4997657537460327,0.49876630306243896,0.4809133386229393,0.45151689648628235,50.073397159576416,0.5024282336235046,2,False,True,True,52.0,False,0.34023064374923695,UNRANKED,,False,,,
2018-12-07,2018-12-10,2018-12-17,NOW,XLK,36.20000076293945,34.29399871826172,34.29399871826172,5,time_exit,SHORT,SHORT,0.4950944036245346,0.4997657537460327,0.4904230535030365,0.4809133386229393,0.5817570090293884,50.49055963754654,0.5024282336235046,1,True,False,True,52.0,False,0.9645408987998961,UNRANKED,,False,,,
2018-12-10,2018-12-11,2018-12-17,NOW,XLK,37.832000732421875,34.7140007019043,35.82200077601841,4,take_profit,SHORT,SHORT,0.4950944036245346,0.4997657537460327,0.4904230535030365,0.4809133386229393,0.5400808453559875,50.49055963754654,0.5024282336235046,1,True,False,True,52.0,False,-0.20399403572082514,UNRANKED,,False,,,
2018-12-11,2018-12-12,2018-12-17,NOW,XLK,37.400001525878906,34.80799865722656,35.75600106375558,3,stop_loss,LONG,LONG,0.5004677474498749,0.4997657537460327,0.501169741153717,0.4809133386229393,0.5133945345878601,50.04677474498749,0.5024282336235046,2,False,True,True,52.0,False,0.3726259768009186,UNRANKED,,False,,,
2018-12-12,2018-12-13,2018-12-17,NOW,XLK,37.880001068115234,33.98400115966797,36.128000259399414,2,stop_loss,LONG,LONG,0.5004677474498749,0.4997657537460327,0.501169741153717,0.4809133386229393,0.584697425365448,50.04677474498749,0.5024282336235046,2,False,True,True,52.0,False,0.6104015409946442,UNRANKED,,False,,,
2018-12-13,2018-12-14,2018-12-17,NOW,XLK,36.90800094604492,32.400001525878906,35.195714133126394,1,stop_loss,LONG,LONG,0.5122301280498505,0.4997657537460327,0.5246945023536682,0.4809133386229393,0.5242939591407776,51.223012804985046,0.5024282336235046,1,True,True,False,52.0,False,0.6560081541538237,UNRANKED,,False,,,
2018-12-14,2018-12-17,2018-12-20,NOW,XLK,36.00199890136719,31.784000396728516,34.15599768502371,3,stop_loss,LONG,LONG,0.5122301280498505,0.4997657537460327,0.5246945023536682,0.4809133386229393,0.5761424899101257,51.223012804985046,0.5024282336235046,1,True,True,False,52.0,False,0.8994057774543762,UNRANKED,,False,,,
2018-12-17,2018-12-18,2018-12-21,NOW,XLK,34.683998107910156,33.902000427246094,32.72713960920061,3,stop_loss,LONG,LONG,0.5122301280498505,0.4997657537460327,0.5246945023536682,0.4809133386229393,0.5378512740135193,51.223012804985046,0.5024282336235046,1,True,True,False,52.0,False,1.3598602414131165,UNRANKED,,False,,,
2018-12-18,2018-12-19,2018-12-21,NOW,XLK,34.928001403808594,35.63999938964844,32.95457131522043,2,stop_loss,LONG,LONG,0.5122301280498505,0.4997657537460327,0.5246945023536682,0.4809133386229393,0.5269443988800049,51.223012804985046,0.5024282336235046,1,True,True,False,52.0,False,1.3499484658241272,UNRANKED,,False,,,
2018-12-19,2018-12-20,2018-12-21,NOW,XLK,34.36800003051758,36.066001892089844,32.727713448660715,1,stop_loss,LONG,LONG,0.5122301280498505,0.4997657537460327,0.5246945023536682,0.4809133386229393,0.5574295520782471,51.223012804985046,0.5024282336235046,1,True,True,False,52.0,False,1.6303279250860214,UNRANKED,,False,,,
2018-12-20,2018-12-21,2018-12-24,NOW,XLK,34.00400161743164,35.61000061035156,32.28114373343332,1,stop_loss,LONG,LONG,0.5122301280498505,0.4997657537460327,0.5246945023536682,0.4809133386229393,0.5353820323944092,51.223012804985046,0.5024282336235046,1,True,True,False,52.0,False,1.1442715674638748,UNRANKED,,False,,,
2018-12-21,2018-12-24,2018-12-26,NOW,XLK,31.804000854492188,35.66400146484375,33.57685852050781,1,take_profit,LONG,LONG,0.5122301280498505,0.4997657537460327,0.5246945023536682,0.4809133386229393,0.5284882187843323,51.223012804985046,0.5024282336235046,1,True,True,False,52.0,False,1.1353241056203842,UNRANKED,,False,,,
2018-12-24,2018-12-26,2018-12-27,NOW,XLK,31.93600082397461,33.82400131225586,33.716287340436665,1,take_profit,LONG,LONG,0.5025226175785065,0.4997657537460327,0.5052794814109802,0.4809133386229393,0.6109020113945007,50.25226175785065,0.5024282336235046,1,True,True,False,52.0,False,0.8850747346878052,LOW,,True,1.6468318604098557,-1.0,-0.5275713591221611
2018-12-26,2018-12-27,2018-12-28,NOW,XLK,33.374000549316406,35.84600067138672,35.2500010899135,1,take_profit,LONG,LONG,0.5122301280498505,0.4997657537460327,0.5246945023536682,0.4809133386229393,0.589994490146637,51.223012804985046,0.5024282336235046,1,True,True,False,52.0,False,0.8920457512140274,UNRANKED,,False,,,
2018-12-27,2018-12-28,2019-01-03,NOW,XLK,35.922000885009766,37.33399963378906,33.99057224818638,3,stop_loss,LONG,LONG,0.5025226175785065,0.4997657537460327,0.5052794814109802,0.4809133386229393,0.5926482081413269,50.25226175785065,0.5024282336235046,1,True,True,False,52.0,False,0.8331441581249236,UNRANKED,,False,,,
2018-12-28,2018-12-31,2019-01-03,NOW,XLK,36.58399963378906,37.62200164794922,34.7408561706543,2,stop_loss,LONG,LONG,0.5025226175785065,0.4997657537460327,0.5052794814109802,0.4809133386229393,0.578721284866333,50.25226175785065,0.5024282336235046,1,True,True,False,52.0,False,0.842878043651581,UNRANKED,,False,,,
2018-12-31,2019-01-02,2019-01-07,NOW,XLK,34.82400131225586,38.09400177001953,36.66028812953404,3,take_profit,LONG,LONG,0.5025226175785065,0.4997657537460327,0.5052794814109802,0.4809133386229393,0.5717226266860962,50.25226175785065,0.5024282336235046,1,True,True,False,52.0,False,0.5714431852102279,UNRANKED,,False,,,
2019-01-02,2019-01-03,2019-01-07,NOW,XLK,35.02399826049805,38.0,36.82571356637137,2,take_profit,LONG,LONG,0.5164948105812073,0.4997657537460327,0.5332238674163818,0.4809133386229393,0.5200753211975098,51.64948105812073,0.5024282336235046,1,True,True,False,52.0,False,1.1759773194789886,UNRANKED,,False,,,
2019-01-03,2019-01-04,2019-01-07,NOW,XLK,34.60200119018555,38.3380012512207,36.54600197928293,1,take_profit,LONG,LONG,0.5164948105812073,0.4997657537460327,0.5332238674163818,0.4809133386229393,0.5018056631088257,51.64948105812073,0.5024282336235046,1,True,True,False,52.0,False,1.3851370960474017,UNRANKED,,False,,,
2019-01-04,2019-01-07,2019-01-14,NOW,XLK,36.150001525878906,37.68000030517578,37.68000030517578,5,time_exit,LONG,LONG,0.5164948105812073,0.4997657537460327,0.5332238674163818,0.4809133386229393,0.49986544251441956,51.64948105812073,0.5024282336235046,1,True,True,False,52.0,False,1.364662706851959,UNRANKED,,False,,,
2019-01-07,2019-01-08,2019-01-15,NOW,XLK,37.95000076293945,37.66999816894531,37.66999816894531,5,time_exit,SHORT,SHORT,0.4950944036245346,0.4997657537460327,0.4904230535030365,0.4809133386229393,0.5586774349212646,50.49055963754654,0.5024282336235046,1,True,False,True,52.0,False,0.33155888319015525,UNRANKED,,False,,,
2019-01-08,2019-01-09,2019-01-16,NOW,XLK,37.051998138427734,37.917999267578125,37.917999267578125,5,time_exit,LONG,LONG,0.5002494752407074,0.4997657537460327,0.5007331967353821,0.4809133386229393,0.6010657548904419,50.02494752407074,0.5024282336235046,2,False,True,True,52.0,False,-0.024937242269515957,LOW,,True,-0.2926036192687883,-1.0,-0.43836377526217096
2019-01-09,2019-01-10,2019-01-17,NOW,XLK,37.779998779296875,37.305999755859375,37.305999755859375,5,time_exit,LONG,LONG,0.5019917339086533,0.4968346059322357,0.5071488618850708,0.4809133386229393,0.5757482051849365,50.199173390865326,0.5024282336235046,2,False,True,True,52.0,False,0.15617719292640686,UNRANKED,,False,,,
2019-01-10,2019-01-11,2019-01-18,NOW,XLK,37.619998931884766,38.018001556396484,38.018001556396484,5,time_exit,SHORT,SHORT,0.49538204073905945,0.4968346059322357,0.4939294755458832,0.4809133386229393,0.6388497352600098,50.461795926094055,0.5024282336235046,1,True,False,True,52.0,False,0.3016287684440613,UNRANKED,,False,,,
2019-01-11,2019-01-14,2019-01-22,NOW,XLK,37.57400131225586,37.13999938964844,37.13999938964844,5,time_exit,SHORT,SHORT,0.49538204073905945,0.4968346059322357,0.4939294755458832,0.4809133386229393,0.6421046853065491,50.461795926094055,0.5024282336235046,1,True,False,True,52.0,False,0.3437928855419158,UNRANKED,,False,,,
2019-01-14,2019-01-15,2019-01-23,NOW,XLK,37.88999938964844,36.79199981689453,36.79199981689453,5,time_exit,SHORT,SHORT,0.49538204073905945,0.4968346059322357,0.4939294755458832,0.4809133386229393,0.6861152052879333,50.461795926094055,0.5024282336235046,1,True,False,True,52.0,False,0.570340633392334,UNRANKED,,False,,,
2019-01-15,2019-01-16,2019-01-24,NOW,XLK,37.90399932861328,37.13999938964844,37.13999938964844,5,time_exit,SHORT,SHORT,0.49538204073905945,0.4968346059322357,0.4939294755458832,0.4809133386229393,0.6494899392127991,50.461795926094055,0.5024282336235046,1,True,False,True,52.0,False,0.6624589264392853,UNRANKED,,False,,,
2019-01-16,2019-01-17,2019-01-25,NOW,XLK,37.36600112915039,38.215999603271484,38.215999603271484,5,time_exit,LONG,LONG,0.5034573078155518,0.4997657537460327,0.5071488618850708,0.4809133386229393,0.6432591080665588,50.345730781555176,0.5024282336235046,1,True,True,False,52.0,False,0.458217740058899,LOW,,True,0.7022796626387127,-1.0,-0.28717966525453154
2019-01-17,2019-01-18,2019-01-28,NOW,XLK,37.94599914550781,37.5880012512207,37.5880012512207,5,time_exit,LONG,LONG,0.5002494752407074,0.4997657537460327,0.5007331967353821,0.4809133386229393,0.6253479719161987,50.02494752407074,0.5024282336235046,2,False,True,True,52.0,False,0.7572372853755951,LOW,,True,1.1682401711316226,-1.0,-0.2866657406764358
2019-01-18,2019-01-22,2019-01-29,NOW,XLK,37.555999755859375,36.9640007019043,36.9640007019043,5,time_exit,LONG,LONG,0.5002494752407074,0.4997657537460327,0.5007331967353821,0.4809133386229393,0.6936272978782654,50.02494752407074,0.5024282336235046,2,False,True,True,52.0,False,0.9367453753948213,LOW,,True,1.4859052176561758,-1.0,-0.2756024723939162
2019-01-22,2019-01-23,2019-01-30,NOW,XLK,37.50400161743164,38.79999923706055,38.79999923706055,5,time_exit,LONG,LONG,0.5002494752407074,0.4997657537460327,0.5007331967353821,0.4809133386229393,0.6893004179000854,50.02494752407074,0.5024282336235046,2,False,True,True,52.0,False,0.6859859526157379,UNRANKED,,False,,,
2019-01-23,2019-01-24,2019-01-30,NOW,XLK,36.849998474121094,44.00400161743164,38.27971431187221,4,stop_loss,SHORT,SHORT,0.4958347827196121,0.4997657537460327,0.49190381169319153,0.4809133386229393,0.6826436519622803,50.41652172803879,0.5024282336235046,1,True,False,True,52.0,False,0.6301490962505341,UNRANKED,,False,,,
2019-01-24,2019-01-25,2019-01-30,NOW,XLK,37.52199935913086,44.301998138427734,38.73857225690569,3,take_profit,LONG,LONG,0.5002494752407074,0.4997657537460327,0.5007331967353821,0.4809133386229393,0.6184254288673401,50.02494752407074,0.5024282336235046,2,False,True,True,52.0,False,0.674526035785675,LOW,,True,0.8646408387902156,-1.0,-0.28543648864504473
2019-01-25,2019-01-28,2019-01-30,NOW,XLK,37.61000061035156,45.02799987792969,38.69143077305385,2,take_profit,LONG,LONG,0.5002494752407074,0.4997657537460327,0.5007331967353821,0.4809133386229393,0.6309506893157959,50.02494752407074,0.5024282336235046,2,False,True,True,52.0,False,0.41850003600120544,LOW,,True,0.32224943484326685,-1.0,-0.341398708243628
2019-01-28,2019-01-29,2019-01-30,NOW,XLK,37.63600158691406,45.66999816894531,38.59457451956613,1,stop_loss,SHORT,SHORT,0.49708954989910126,0.4968346059322357,0.4973444938659668,0.4809133386229393,0.6080930233001709,50.291045010089874,0.5024282336235046,1,True,False,True,52.0,False,0.34798309206962597,UNRANKED,,False,,,
2019-01-29,2019-01-30,2019-01-31,NOW,XLK,37.4379997253418,45.11199951171875,38.44457244873047,1,take_profit,LONG,LONG,0.5019917339086533,0.4968346059322357,0.5071488618850708,0.4809133386229393,0.6304202079772949,50.199173390865326,0.5024282336235046,2,False,True,True,52.0,False,0.5123655796051023,LOW,,True,0.5266720188693224,-1.0,-0.2305924022501562
2019-01-30,2019-01-31,2019-02-01,NOW,XLK,42.27199935913086,45.391998291015625,43.47342899867466,1,stop_loss,SHORT,SHORT,0.49538204073905945,0.4968346059322357,0.4939294755458832,0.4809133386229393,0.6834322810173035,50.461795926094055,0.5024282336235046,1,True,False,True,52.0,False,0.3139387071132661,UNRANKED,,False,,,
2019-01-31,2019-02-01,2019-02-05,NOW,XLK,43.715999603271484,45.71200180053711,45.64742933000837,2,stop_loss,SHORT,SHORT,0.4980371743440628,0.5021448731422424,0.4939294755458832,0.4911003236245955,0.6360545754432678,50.19628256559372,0.5024282336235046,2,False,True,True,52.0,False,0.5954936444759368,UNRANKED,,False,,,
2019-02-01,2019-02-04,2019-02-11,NOW,XLK,44.16600036621094,45.801998138427734,45.801998138427734,5,time_exit,LONG,LONG,0.5046468675136566,0.5021448731422424,0.5071488618850708,0.4911003236245955,0.6214223504066467,50.46468675136566,0.5024282336235046,1,True,True,False,52.0,False,0.6589178442955016,LOW,,True,1.0129882117894333,1.0,0.073713452323078
2019-02-04,2019-02-05,2019-02-12,NOW,XLK,45.20000076293945,46.93000030517578,46.93000030517578,5,time_exit,SHORT,SHORT,0.4997446835041046,0.5021448731422424,0.4973444938659668,0.4911003236245955,0.6658079028129578,50.02553164958954,0.5024282336235046,2,False,True,True,52.0,False,0.41747450828552257,UNRANKED,,False,,,
2019-02-05,2019-02-06,2019-02-13,NOW,XLK,45.599998474121094,46.39400100708008,46.39400100708008,5,time_exit,SHORT,SHORT,0.4997446835041046,0.5021448731422424,0.4973444938659668,0.4911003236245955,0.7026124596595764,50.02553164958954,0.5024282336235046,2,False,True,True,52.0,False,-0.016637086868286077,UNRANKED,,False,,,
2019-02-06,2019-02-07,2019-02-12,NOW,XLK,44.8120002746582,46.805999755859375,46.88199996948242,3,stop_loss,SHORT,SHORT,0.4997446835041046,0.5021448731422424,0.4973444938659668,0.4911003236245955,0.6058208346366882,50.02553164958954,0.5024282336235046,2,False,True,True,52.0,False,0.06644901633262643,UNRANKED,,False,,,
2019-02-07,2019-02-08,2019-02-15,NOW,XLK,45.08000183105469,46.97800064086914,46.97800064086914,5,time_exit,LONG,LONG,0.5014390349388123,0.5021448731422424,0.5007331967353821,0.4911003236245955,0.6342586278915405,50.143903493881226,0.5024282336235046,2,False,True,True,52.0,False,0.5483538806438447,LOW,,True,0.6886069609514933,1.0,0.047197722064032215
2019-02-08,2019-02-11,2019-02-19,NOW,XLK,45.97800064086914,46.91600036621094,46.91600036621094,5,time_exit,SHORT,SHORT,0.49985912442207336,0.5024824738502502,0.4972357749938965,0.5085384524790955,0.5981523990631104,50.014087557792664,0.5072464942932129,2,False,True,True,58.0,False,0.36456128954887373,UNRANKED,,False,,,
2019-02-11,2019-02-12,2019-02-20,NOW,XLK,46.12200164794922,45.900001525878906,45.900001525878906,5,time_exit,LONG,LONG,0.5019766986370087,0.5067176222801208,0.4972357749938965,0.5085384524790955,0.5743405818939209,50.19766986370087,0.5072464942932129,2,False,True,True,58.0,False,0.47354626655578613,UNRANKED,,False,,,
2019-02-12,2019-02-13,2019-02-21,NOW,XLK,47.0,46.00199890136719,46.00199890136719,5,time_exit,LONG,LONG,0.5019766986370087,0.5067176222801208,0.4972357749938965,0.5085384524790955,0.5472041368484497,50.19766986370087,0.5072464942932129,2,False,True,True,58.0,False,0.3845428824424744,UNRANKED,,False,,,
2019-02-13,2019-02-14,2019-02-22,NOW,XLK,46.28799819946289,47.0,47.0,5,time_exit,LONG,LONG,0.5058734714984894,0.5067176222801208,0.5050293207168579,0.5085384524790955,0.49252915382385254,50.58734714984894,0.5072464942932129,2,False,True,True,58.0,False,0.4667049348354339,UNRANKED,,False,,,
2019-02-14,2019-02-15,2019-02-25,NOW,XLK,47.0,47.400001525878906,47.400001525878906,5,time_exit,LONG,LONG,0.5058734714984894,0.5067176222801208,0.5050293207168579,0.5085384524790955,0.42903828620910645,50.58734714984894,0.5072464942932129,2,False,True,True,58.0,False,0.5079517662525177,UNRANKED,,False,,,
2019-02-15,2019-02-19,2019-02-26,NOW,XLK,46.698001861572266,47.242000579833984,47.242000579833984,5,time_exit,LONG,LONG,0.5058734714984894,0.5067176222801208,0.5050293207168579,0.5085384524790955,0.4271829128265381,50.58734714984894,0.5072464942932129,2,False,True,True,58.0,False,0.44738659262657166,UNRANKED,,False,,,
2019-02-19,2019-02-20,2019-02-27,NOW,XLK,47.0,48.0620002746582,48.0620002746582,5,time_exit,LONG,LONG,0.5019766986370087,0.5067176222801208,0.4972357749938965,0.5085384524790955,0.4022290110588074,50.19766986370087,0.5072464942932129,2,False,True,True,58.0,False,0.38654267787933344,UNRANKED,,False,,,
2019-02-20,2019-02-21,2019-02-25,NOW,XLK,45.742000579833984,47.88800048828125,47.376857212611604,2,take_profit,LONG,LONG,0.5043961703777313,0.5067176222801208,0.5020747184753418,0.5085384524790955,0.5472931861877441,50.43961703777313,0.5072464942932129,2,False,True,True,58.0,False,0.37277221679687494,UNRANKED,,False,,,
2019-02-21,2019-02-22,2019-02-25,NOW,XLK,46.06399917602539,48.70399856567383,46.969997950962615,1,take_profit,LONG,LONG,0.5009088963270187,0.5067176222801208,0.4951001703739166,0.5085384524790955,0.43780773878097534,50.090889632701874,0.5072464942932129,2,False,True,True,58.0,False,0.20661258697509763,UNRANKED,,False,,,
2019-02-22,2019-02-25,2019-03-01,NOW,XLK,47.5,47.39400100708008,48.505999428885325,4,take_profit,LONG,LONG,0.5009088963270187,0.5067176222801208,0.4951001703739166,0.5085384524790955,0.4219129681587219,50.090889632701874,0.5072464942932129,2,False,True,True,58.0,False,0.1538828015327452,UNRANKED,,False,,,
2019-02-25,2019-02-26,2019-03-01,NOW,XLK,47.167999267578125,47.20000076293945,48.12742723737444,3,take_profit,LONG,LONG,0.5004454702138901,0.5057907700538635,0.4951001703739166,0.5085384524790955,0.42172500491142273,50.04454702138901,0.5072464942932129,2,False,True,True,58.0,False,0.23551282286643987,UNRANKED,,False,,,
2019-02-26,2019-02-27,2019-03-01,NOW,XLK,47.15999984741211,46.62200164794922,48.05028533935547,2,take_profit,LONG,LONG,0.5004454702138901,0.5057907700538635,0.4951001703739166,0.5085384524790955,0.42117202281951904,50.04454702138901,0.5072464942932129,2,False,True,True,58.0,False,0.261224389076233,UNRANKED,,False,,,
2019-02-27,2019-02-28,2019-03-06,NOW,XLK,48.034000396728516,46.67399978637695,47.10628618512835,4,stop_loss,LONG,LONG,0.5090670883655548,0.508300244808197,0.5098339319229126,0.5482156416097189,0.40488484501838684,50.90670883655548,0.5072464942932129,1,True,True,False,58.0,False,0.5006427466869354,UNRANKED,,False,,,
2019-02-28,2019-03-01,2019-03-04,NOW,XLK,48.46200180053711,46.790000915527344,47.54943030221121,1,take_profit,SHORT,SHORT,0.4995407313108444,0.5039812922477722,0.4951001703739166,0.5085384524790955,0.4528152346611023,50.04592686891556,0.5072464942932129,2,False,True,True,58.0,False,0.0818456113338471,UNRANKED,,False,,,
2019-03-01,2019-03-04,2019-03-05,NOW,XLK,48.91999816894531,47.97200012207031,47.93657030378069,1,take_profit,SHORT,SHORT,0.4998573511838913,0.504614531993866,0.4951001703739166,0.5085384524790955,0.45403337478637695,50.01426488161087,0.5072464942932129,2,False,True,True,58.0,False,0.08604618906974801,UNRANKED,,False,,,
2019-03-04,2019-03-05,2019-03-12,NOW,XLK,47.513999938964844,47.742000579833984,47.742000579833984,5,time_exit,SHORT,SHORT,0.4991079717874527,0.5031157732009888,0.4951001703739166,0.5085384524790955,0.45941826701164246,50.08920282125473,0.5072464942932129,2,False,True,True,58.0,False,0.03847864270210269,UNRANKED,,False,,,
2019-03-05,2019-03-06,2019-03-13,NOW,XLK,47.09000015258789,48.077999114990234,48.077999114990234,5,time_exit,SHORT,SHORT,0.4991079717874527,0.5031157732009888,0.4951001703739166,0.5085384524790955,0.4618132710456848,50.08920282125473,0.5072464942932129,2,False,True,True,58.0,False,0.010657966136932463,UNRANKED,,False,,,
2019-03-06,2019-03-07,2019-03-11,NOW,XLK,46.4739990234375,48.31800079345703,47.5042839050293,2,stop_loss,SHORT,SHORT,0.49343372881412506,0.5036369562149048,0.48323050141334534,0.5085384524790955,0.5130383372306824,50.656627118587494,0.5072464942932129,2,False,True,True,58.0,False,0.03578218817710879,UNRANKED,,False,,,
2019-03-07,2019-03-08,2019-03-11,NOW,XLK,45.86000061035156,48.37799835205078,46.83885683332171,1,stop_loss,SHORT,SHORT,0.49343372881412506,0.5036369562149048,0.48323050141334534,0.5085384524790955,0.4535600244998932,50.656627118587494,0.5072464942932129,2,False,True,True,58.0,False,0.01877346634864812,UNRANKED,,False,,,
2019-03-08,2019-03-11,2019-03-13,NOW,XLK,47.10200119018555,48.19599914550781,48.07285744803293,2,stop_loss,SHORT,SHORT,0.49343372881412506,0.5036369562149048,0.48323050141334534,0.5085384524790955,0.465535968542099,50.656627118587494,0.5072464942932129,2,False,True,True,58.0,False,0.08141455054283134,UNRANKED,,False,,,
2019-03-11,2019-03-12,2019-03-19,NOW,XLK,48.029998779296875,48.391998291015625,48.391998291015625,5,time_exit,SHORT,SHORT,0.49343372881412506,0.5036369562149048,0.48323050141334534,0.5085384524790955,0.4825364053249359,50.656627118587494,0.5072464942932129,2,False,True,True,58.0,False,0.08764600753784178,UNRANKED,,False,,,
2019-03-12,2019-03-13,2019-03-20,NOW,XLK,48.11199951171875,48.917999267578125,48.917999267578125,5,time_exit,SHORT,SHORT,0.49343372881412506,0.5036369562149048,0.48323050141334534,0.5085384524790955,0.49673697352409363,50.656627118587494,0.5072464942932129,2,False,True,True,58.0,False,0.13787108659744257,UNRANKED,,False,,,
2019-03-13,2019-03-14,2019-03-21,NOW,XLK,48.810001373291016,50.189998626708984,49.86200060163225,5,stop_loss,SHORT,SHORT,0.49182625114917755,0.5004220008850098,0.48323050141334534,0.5085384524790955,0.49870729446411133,50.817374885082245,0.5072464942932129,1,True,False,True,58.0,False,0.009640097618103007,UNRANKED,,False,,,
2019-03-14,2019-03-15,2019-03-21,NOW,XLK,48.27399826049805,48.242000579833984,49.217711857386995,4,stop_loss,SHORT,SHORT,0.4919520169496536,0.5006735324859619,0.48323050141334534,0.5085384524790955,0.49010711908340454,50.80479830503464,0.5072464942932129,1,True,False,True,58.0,False,-0.003411799669265827,UNRANKED,,False,,,
2019-03-15,2019-03-18,2019-03-21,NOW,XLK,48.50600051879883,48.34000015258789,49.40114212036133,3,stop_loss,SHORT,SHORT,0.4912148118019104,0.49919912219047546,0.48323050141334534,0.5085384524790955,0.4741690456867218,50.87851881980896,0.5072464942932129,1,True,False,True,58.0,False,-0.046027749776840224,UNRANKED,,False,,,
2019-03-18,2019-03-19,2019-03-21,NOW,XLK,48.45199966430664,49.0,49.350569588797434,2,stop_loss,SHORT,SHORT,0.4912148118019104,0.49919912219047546,0.48323050141334534,0.5085384524790955,0.4814789891242981,50.87851881980896,0.5072464942932129,1,True,False,True,58.0,False,-0.09999400377273554,UNRANKED,,False,,,
2019-03-19,2019-03-20,2019-03-21,NOW,XLK,48.599998474121094,48.27399826049805,49.40942546299526,1,stop_loss,SHORT,SHORT,0.4901057779788971,0.49698105454444885,0.48323050141334534,0.5085384524790955,0.4788820147514343,50.98942220211029,0.5072464942932129,1,True,False,True,58.0,False,-0.09683007001876823,UNRANKED,,False,,,
2019-03-20,2019-03-21,2019-03-28,NOW,XLK,48.74399948120117,48.66600036621094,48.66600036621094,5,time_exit,SHORT,SHORT,0.4912148118019104,0.49919912219047546,0.48323050141334534,0.5085384524790955,0.47027403116226196,50.87851881980896,0.5072464942932129,1,True,False,True,58.0,False,0.013916134834289669,UNRANKED,,False,,,
2019-03-21,2019-03-22,2019-03-25,NOW,XLK,49.79999923706055,49.29800033569336,48.875143323625835,1,take_profit,SHORT,SHORT,0.4912148118019104,0.49919912219047546,0.48323050141334534,0.5085384524790955,0.46488478779792786,50.87851881980896,0.5072464942932129,1,True,False,True,58.0,False,-0.06772947311401381,UNRANKED,,False,,,
2019-03-22,2019-03-25,2019-03-26,NOW,XLK,47.757999420166016,49.145999908447266,48.77399826049805,1,stop_loss,SHORT,SHORT,0.4919520169496536,0.5006735324859619,0.48323050141334534,0.5085384524790955,0.4835871458053589,50.80479830503464,0.5072464942932129,1,True,False,True,58.0,False,0.011922478675842254,UNRANKED,,False,,,
2019-03-25,2019-03-26,2019-04-02,NOW,XLK,49.007999420166016,49.36399841308594,49.36399841308594,5,time_exit,SHORT,SHORT,0.4919520169496536,0.5006735324859619,0.48323050141334534,0.5085384524790955,0.4806846082210541,50.80479830503464,0.5072464942932129,1,True,False,True,58.0,False,0.012115329504013093,UNRANKED,,False,,,
2019-03-26,2019-03-27,2019-04-03,NOW,XLK,48.9640007019043,49.428001403808594,49.428001403808594,5,time_exit,SHORT,SHORT,0.4919520169496536,0.5006735324859619,0.48323050141334534,0.5085384524790955,0.484298437833786,50.80479830503464,0.5072464942932129,1,True,False,True,58.0,False,0.05560582876205444,UNRANKED,,False,,,
2019-03-27,2019-03-28,2019-04-04,NOW,XLK,48.74599838256836,47.40599822998047,47.635713304792134,5,stop_loss,LONG,LONG,0.5052537322044373,0.5006735324859619,0.5098339319229126,0.5085384524790955,0.4585725963115692,50.525373220443726,0.5072464942932129,2,False,True,True,58.0,False,0.4349077939987183,UNRANKED,,False,,,
2019-03-28,2019-03-29,2019-04-04,NOW,XLK,49.29999923706055,47.395999908447266,48.15028544834682,4,take_profit,SHORT,SHORT,0.4994303584098816,0.5016249418258667,0.4972357749938965,0.5085384524790955,0.4764263927936554,50.05696415901184,0.5072464942932129,2,False,True,True,58.0,False,0.16093933582305917,UNRANKED,,False,,,
2019-03-29,2019-04-01,2019-04-04,NOW,XLK,49.99800109863281,47.44200134277344,48.926858629499165,3,stop_loss,LONG,LONG,0.5001675486564636,0.5030993223190308,0.4972357749938965,0.5085384524790955,0.46369367837905884,50.01675486564636,0.5072464942932129,2,False,True,True,58.0,False,0.13531526923179624,UNRANKED,,False,,,
2019-04-01,2019-04-02,2019-04-04,NOW,XLK,49.150001525878906,47.75199890136719,48.09000178745815,2,stop_loss,LONG,LONG,0.5001675486564636,0.5030993223190308,0.4972357749938965,0.5085384524790955,0.470273494720459,50.01675486564636,0.5072464942932129,2,False,True,True,58.0,False,0.08671197295188901,UNRANKED,,False,,,
2019-04-02,2019-04-03,2019-04-04,NOW,XLK,49.779998779296875,48.731998443603516,48.736856188092915,1,stop_loss,LONG,LONG,0.5035463571548462,0.5020633935928345,0.5050293207168579,0.5085384524790955,0.45726361870765686,50.35463571548462,0.5072464942932129,2,False,True,True,58.0,False,0.25469082593917847,UNRANKED,,False,,,
2019-04-03,2019-04-04,2019-04-05,NOW,XLK,49.27000045776367,49.15399932861328,48.252000536237446,1,stop_loss,LONG,LONG,0.5039619505405426,0.5028945803642273,0.5050293207168579,0.5085384524790955,0.4627853333950043,50.39619505405426,0.5072464942932129,2,False,True,True,58.0,False,0.4187197685241699,UNRANKED,,False,,,
2019-04-04,2019-04-05,2019-04-11,NOW,XLK,47.72800064086914,48.86000061035156,49.02628707885742,4,stop_loss,SHORT,SHORT,0.49989280104637146,0.5025498270988464,0.4972357749938965,0.5085384524790955,0.5173315405845642,50.010719895362854,0.5072464942932129,2,False,True,True,58.0,False,0.4213017821311951,UNRANKED,,False,,,
2019-04-05,2019-04-08,2019-04-10,NOW,XLK,47.279998779296875,48.757999420166016,48.55371366228376,2,take_profit,LONG,LONG,0.5029303729534149,0.5031930804252625,0.5026676654815674,0.5085384524790955,0.4892127215862274,50.29303729534149,0.5072464942932129,2,False,True,True,58.0,False,0.47702264785766607,UNRANKED,,False,,,
2019-04-08,2019-04-09,2019-04-10,NOW,XLK,47.0260009765625,47.96200180053711,48.27828761509487,1,stop_loss,SHORT,SHORT,0.49914662539958954,0.5031930804252625,0.4951001703739166,0.5085384524790955,0.48898419737815857,50.085337460041046,0.5072464942932129,2,False,True,True,58.0,False,0.33173105120658886,UNRANKED,,False,,,
2019-04-09,2019-04-10,2019-04-17,NOW,XLK,48.099998474121094,47.24599838256836,47.24599838256836,5,time_exit,SHORT,SHORT,0.49882499873638153,0.5025498270988464,0.4951001703739166,0.5085384524790955,0.46868905425071716,50.11750012636185,0.5072464942932129,2,False,True,True,58.0,False,0.18968781828880305,UNRANKED,,False,,,
2019-04-10,2019-04-11,2019-04-17,NOW,XLK,48.72800064086914,47.47999954223633,47.548285893031526,4,stop_loss,LONG,LONG,0.5009088963270187,0.5067176222801208,0.4951001703739166,0.5085384524790955,0.46116551756858826,50.090889632701874,0.5072464942932129,2,False,True,True,58.0,False,0.40213292837142933,UNRANKED,,False,,,
2019-04-11,2019-04-12,2019-04-16,NOW,XLK,49.400001525878906,48.52799987792969,48.438286372593474,2,stop_loss,LONG,LONG,0.5009088963270187,0.5067176222801208,0.4951001703739166,0.5085384524790955,0.47863146662712097,50.090889632701874,0.5072464942932129,2,False,True,True,58.0,False,0.3561016619205474,UNRANKED,,False,,,
2019-04-12,2019-04-15,2019-04-17,NOW,XLK,48.81399917602539,48.709999084472656,47.82428414481027,2,stop_loss,LONG,LONG,0.5009088963270187,0.5067176222801208,0.4951001703739166,0.5085384524790955,0.47696736454963684,50.090889632701874,0.5072464942932129,2,False,True,True,58.0,False,0.08355808258056632,UNRANKED,,False,,,
2019-04-15,2019-04-16,2019-04-17,NOW,XLK,49.178001403808594,48.540000915527344,48.26800046648298,1,stop_loss,LONG,LONG,0.5009088963270187,0.5067176222801208,0.4951001703739166,0.5085384524790955,0.4714215099811554,50.090889632701874,0.5072464942932129,2,False,True,True,58.0,False,0.14095744490623482,UNRANKED,,False,,,
2019-04-16,2019-04-17,2019-04-25,NOW,XLK,48.34400177001953,52.13800048828125,49.26400211879185,5,take_profit,LONG,LONG,0.5009088963270187,0.5067176222801208,0.4951001703739166,0.5085384524790955,0.49224916100502014,50.090889632701874,0.5072464942932129,2,False,True,True,58.0,False,0.14873328804969793,UNRANKED,,False,,,
2019-04-17,2019-04-18,2019-04-22,NOW,XLK,46.880001068115234,53.41600036621094,47.846287318638396,1,take_profit,LONG,LONG,0.5027963072061539,0.5104924440383911,0.4951001703739166,0.5482156416097189,0.4721098840236664,50.27963072061539,0.5072464942932129,2,False,True,True,58.0,False,0.40297085046768194,UNRANKED,,False,,,
2019-04-18,2019-04-22,2019-04-23,NOW,XLK,47.20399856567383,54.3380012512207,48.11342784336635,1,take_profit,LONG,LONG,0.5027963072061539,0.5104924440383911,0.4951001703739166,0.5482156416097189,0.4710142910480499,50.27963072061539,0.5072464942932129,2,False,True,True,58.0,False,0.3577446937561036,UNRANKED,,False,,,
2019-04-22,2019-04-23,2019-04-25,NOW,XLK,48.650001525878906,54.301998138427734,49.68743079049246,2,take_profit,LONG,LONG,0.5067051351070404,0.5107426047325134,0.5026676654815674,0.5482156416097189,0.4778291583061218,50.67051351070404,0.5072464942932129,2,False,True,True,58.0,False,0.5315851867198945,UNRANKED,,False,,,
2019-04-23,2019-04-24,2019-04-25,NOW,XLK,49.0,54.08000183105469,50.03228650774275,1,stop_loss,SHORT,SHORT,0.49338531494140625,0.4956305921077728,0.4911400377750397,0.5085384524790955,0.48211488127708435,50.661468505859375,0.5072464942932129,2,False,True,True,58.0,False,0.22322157025337222,UNRANKED,,False,,,
2019-04-24,2019-04-25,2019-04-26,NOW,XLK,52.20399856567383,52.534000396728516,53.2514272417341,1,stop_loss,SHORT,SHORT,0.49338531494140625,0.4956305921077728,0.4911400377750397,0.5085384524790955,0.5085854530334473,50.661468505859375,0.5072464942932129,2,False,True,True,58.0,False,0.24710899591445928,UNRANKED,,False,,,
2019-04-25,2019-04-26,2019-04-29,NOW,XLK,52.0,53.70399856567383,53.27257101876395,1,stop_loss,SHORT,SHORT,0.4930686801671982,0.4949973225593567,0.4911400377750397,0.48513077749910416,0.5064144134521484,50.69313198328018,0.5072464942932129,2,False,True,True,58.0,False,0.4279403686523438,UNRANKED,,False,,,
2019-04-26,2019-04-29,2019-05-06,NOW,XLK,53.41999816894531,53.95000076293945,53.95000076293945,5,time_exit,SHORT,SHORT,0.4957842230796814,0.4949973225593567,0.4965711236000061,0.48513077749910416,0.5098025798797607,50.42157769203186,0.5072464942932129,2,False,True,True,58.0,False,0.40403276681900024,UNRANKED,,False,,,
2019-04-29,2019-04-30,2019-05-02,NOW,XLK,54.20000076293945,52.96200180053711,52.62114388602121,2,take_profit,SHORT,SHORT,0.499367892742157,0.4949973225593567,0.5037384629249573,0.48513077749910416,0.44244319200515747,50.0632107257843,0.5072464942932129,2,False,True,True,58.0,False,0.3527753949165344,UNRANKED,,False,,,
2019-04-30,2019-05-01,2019-05-02,NOW,XLK,54.63199996948242,53.19599914550781,53.09228515625,1,take_profit,SHORT,SHORT,0.499367892742157,0.4949973225593567,0.5037384629249573,0.48513077749910416,0.4464598000049591,50.0632107257843,0.5072464942932129,2,False,True,True,58.0,False,0.3923876881599425,UNRANKED,,False,,,
2019-05-01,2019-05-02,2019-05-09,NOW,XLK,52.97200012207031,54.097999572753906,54.097999572753906,5,time_exit,SHORT,SHORT,0.489113911986351,0.4949973225593567,0.48323050141334534,0.48513077749910416,0.4900195300579071,51.0886088013649,0.5072464942932129,1,True,False,True,58.0,False,0.07283556461334229,UNRANKED,,False,,,
2019-05-02,2019-05-03,2019-05-10,NOW,XLK,53.13600158691406,54.97999954223633,54.728001730782644,5,take_profit,LONG,LONG,0.5061582028865814,0.5024824738502502,0.5098339319229126,0.5085384524790955,0.5263428688049316,50.61582028865814,0.5072464942932129,2,False,True,True,58.0,False,0.4970972537994386,UNRANKED,,False,,,
2019-05-03,2019-05-06,2019-05-09,NOW,XLK,52.099998474121094,52.02399826049805,53.81714139665876,3,take_profit,LONG,LONG,0.5046926438808441,0.5067176222801208,0.5026676654815674,0.5085384524790955,0.504779577255249,50.46926438808441,0.5072464942932129,2,False,True,True,58.0,False,0.416720449924469,UNRANKED,,False,,,
2019-05-06,2019-05-07,2019-05-14,NOW,XLK,53.400001525878906,54.41400146484375,54.41400146484375,5,time_exit,LONG,LONG,0.5082757771015167,0.5067176222801208,0.5098339319229126,0.5085384524790955,0.46404585242271423,50.82757771015167,0.5072464942932129,1,True,True,False,58.0,False,0.5072081685066223,UNRANKED,,False,,,
2019-05-07,2019-05-08,2019-05-10,NOW,XLK,52.79999923706055,54.79199981689453,54.565142495291575,2,take_profit,LONG,LONG,0.5101631879806519,0.5104924440383911,0.5098339319229126,0.5482156416097189,0.5129017233848572,51.016318798065186,0.5072464942932129,1,True,True,False,58.0,False,0.6402051150798799,UNRANKED,,False,,,
2019-05-08,2019-05-09,2019-05-10,NOW,XLK,52.470001220703125,55.59199905395508,54.16628646850586,1,take_profit,LONG,LONG,0.5082757771015167,0.5067176222801208,0.5098339319229126,0.5085384524790955,0.4618073105812073,50.82757771015167,0.5072464942932129,1,True,True,False,58.0,False,0.5490093231201173,UNRANKED,,False,,,
2019-05-09,2019-05-10,2019-05-16,NOW,XLK,53.70000076293945,54.597999572753906,55.49171447753906,4,take_profit,LONG,LONG,0.5009088963270187,0.5067176222801208,0.4951001703739166,0.5085384524790955,0.3937112092971802,50.090889632701874,0.5072464942932129,2,False,True,True,58.0,False,0.4914549887180327,UNRANKED,,False,,,
2019-05-10,2019-05-13,2019-05-16,NOW,XLK,53.375999450683594,53.01599884033203,55.14399882725307,3,take_profit,LONG,LONG,0.5066857933998108,0.5067176222801208,0.5066539645195007,0.5085384524790955,0.44198077917099,50.66857933998108,0.5072464942932129,2,False,True,True,58.0,False,0.6939099729061126,UNRANKED,,False,,,
2019-05-13,2019-05-14,2019-05-16,NOW,XLK,52.64400100708008,54.242000579833984,54.80828639439174,2,take_profit,LONG,LONG,0.5144112408161163,0.5067176222801208,0.5221048593521118,0.5085384524790955,0.5181118249893188,51.44112408161163,0.5072464942932129,1,True,True,False,58.0,False,0.9096773564815521,UNRANKED,,False,,,
2019-05-14,2019-05-15,2019-05-22,NOW,XLK,54.0,54.678001403808594,54.678001403808594,5,time_exit,LONG,LONG,0.5144112408161163,0.5067176222801208,0.5221048593521118,0.5085384524790955,0.46937036514282227,51.44112408161163,0.5072464942932129,1,True,True,False,58.0,False,0.9985907375812533,UNRANKED,,False,,,
2019-05-15,2019-05-16,2019-05-23,NOW,XLK,55.0,52.95800018310547,52.978571210588726,5,stop_loss,LONG,LONG,0.5144112408161163,0.5067176222801208,0.5221048593521118,0.5085384524790955,0.42341455817222595,51.44112408161163,0.5072464942932129,1,True,True,False,58.0,False,0.9407486915588379,UNRANKED,,False,,,
2019-05-16,2019-05-17,2019-05-20,NOW,XLK,55.141998291015625,53.790000915527344,53.1888553074428,1,stop_loss,LONG,LONG,0.5085732042789459,0.5104924440383911,0.5066539645195007,0.5482156416097189,0.4172126352787018,50.85732042789459,0.5072464942932129,1,True,True,False,58.0,False,0.6153107881546019,UNRANKED,,False,,,
2019-05-17,2019-05-20,2019-05-28,NOW,XLK,53.391998291015625,53.33000183105469,53.33000183105469,5,time_exit,LONG,LONG,0.5085732042789459,0.5104924440383911,0.5066539645195007,0.5482156416097189,0.44348999857902527,50.85732042789459,0.5072464942932129,1,True,True,False,58.0,False,0.6435495018959044,UNRANKED,,False,,,
2019-05-20,2019-05-21,2019-05-29,NOW,XLK,53.94200134277344,52.8380012512207,52.8380012512207,5,time_exit,LONG,LONG,0.512293666601181,0.5024824738502502,0.5221048593521118,0.5085384524790955,0.44168058037757874,51.2293666601181,0.5072464942932129,1,True,True,False,58.0,False,0.5646169781684875,UNRANKED,,False,,,
2019-05-21,2019-05-22,2019-05-30,NOW,XLK,54.013999938964844,52.52000045776367,52.52000045776367,5,time_exit,LONG,LONG,0.5008256435394287,0.4949973225593567,0.5066539645195007,0.48513077749910416,0.4433128237724304,50.08256435394287,0.5072464942932129,2,False,True,True,58.0,False,0.39782625436782837,UNRANKED,,False,,,
2019-05-22,2019-05-23,2019-05-31,NOW,XLK,54.012001037597656,52.38600158691406,52.38600158691406,5,time_exit,LONG,LONG,0.5008256435394287,0.4949973225593567,0.5066539645195007,0.48513077749910416,0.45001956820487976,50.08256435394287,0.5072464942932129,2,False,True,True,58.0,False,0.27563443779945374,UNRANKED,,False,,,
2019-05-23,2019-05-24,2019-06-03,NOW,XLK,53.349998474121094,49.67599868774414,51.1022834777832,5,take_profit,SHORT,SHORT,0.49673642218112946,0.5024824738502502,0.49099037051200867,0.5085384524790955,0.4970705211162567,50.326357781887054,0.5072464942932129,2,False,True,True,58.0,False,-0.02802219986915589,UNRANKED,,False,,,
2019-05-24,2019-05-28,2019-06-03,NOW,XLK,53.816001892089844,51.5099983215332,51.48457281930106,4,take_profit,SHORT,SHORT,0.49673642218112946,0.5024824738502502,0.49099037051200867,0.5085384524790955,0.4855048954486847,50.326357781887054,0.5072464942932129,2,False,True,True,58.0,False,0.08084326982498186,UNRANKED,,False,,,
2019-05-28,2019-05-29,2019-06-03,NOW,XLK,52.779998779296875,52.650001525878906,50.52399826049805,3,take_profit,SHORT,SHORT,0.49177995324134827,0.5024824738502502,0.4810774326324463,0.5085384524790955,0.48877063393592834,50.82200467586517,0.5072464942932129,1,True,False,True,58.0,False,0.1617726385593415,UNRANKED,,False,,,
2019-05-29,2019-05-30,2019-06-03,NOW,XLK,53.082000732421875,53.698001861572266,50.78914260864258,2,take_profit,SHORT,SHORT,0.49177995324134827,0.5024824738502502,0.4810774326324463,0.5085384524790955,0.4830932915210724,50.82200467586517,0.5072464942932129,1,True,False,True,58.0,False,0.36857852339744585,UNRANKED,,False,,,
2019-05-30,2019-05-31,2019-06-07,NOW,XLK,51.86199951171875,54.90999984741211,54.071429116385325,5,take_profit,LONG,LONG,0.5090561807155609,0.5024824738502502,0.5156298875808716,0.5085384524790955,0.4673207700252533,50.90561807155609,0.5072464942932129,1,True,True,False,58.0,False,0.77553328871727,UNRANKED,,False,,,
2019-05-31,2019-06-03,2019-06-07,NOW,XLK,52.400001525878906,55.17399978637695,54.50257383074079,4,take_profit,LONG,LONG,0.5090561807155609,0.5024824738502502,0.5156298875808716,0.5085384524790955,0.47021767497062683,50.90561807155609,0.5072464942932129,1,True,True,False,58.0,False,0.912781909108162,UNRANKED,,False,,,
2019-06-03,2019-06-04,2019-06-05,NOW,XLK,50.22800064086914,53.257999420166016,52.29543031964983,1,take_profit,LONG,LONG,0.5094429552555084,0.4991194009780884,0.5197665095329285,0.5085384524790955,0.5959219336509705,50.94429552555084,0.5072464942932129,1,True,True,False,58.0,False,0.5975023210048676,UNRANKED,,False,,,
2019-06-04,2019-06-05,2019-06-07,NOW,XLK,52.4739990234375,53.57600021362305,54.4619996207101,2,take_profit,LONG,LONG,0.5068520307540894,0.5009117126464844,0.5127923488616943,0.5085384524790955,0.5068880319595337,50.685203075408936,0.5072464942932129,2,False,True,True,58.0,False,0.4465369880199433,UNRANKED,,False,,,
2019-06-05,2019-06-06,2019-06-07,NOW,XLK,52.64799880981445,54.757999420166016,54.74485724312918,1,stop_loss,SHORT,SHORT,0.49636508524417877,0.4987926483154297,0.49393752217292786,0.5085384524790955,0.521436333656311,50.36349147558212,0.5072464942932129,2,False,True,True,58.0,False,-0.3703666627407074,UNRANKED,,False,,,
2019-06-06,2019-06-07,2019-06-14,NOW,XLK,54.198001861572266,54.45000076293945,54.45000076293945,5,time_exit,SHORT,SHORT,0.49926815927028656,0.5045987963676453,0.49393752217292786,0.5085384524790955,0.533470094203949,50.073184072971344,0.5072464942932129,2,False,True,True,58.0,False,-1.4310195893049245,UNRANKED,,False,,,
2019-06-07,2019-06-10,2019-06-11,NOW,XLK,55.87200164794922,54.9119987487793,53.70857184273856,1,take_profit,SHORT,SHORT,0.49793583154678345,0.5071084499359131,0.4887632131576538,0.5481927710843374,0.4756009578704834,50.206416845321655,0.5072464942932129,2,False,True,True,58.0,False,-0.03292647004127496,UNRANKED,,False,,,
2019-06-10,2019-06-11,2019-06-12,NOW,XLK,55.97200012207031,56.52799987792969,53.99685614449637,1,stop_loss,LONG,LONG,0.5090151727199554,0.513001024723053,0.5050293207168579,0.5482156416097189,0.4381142258644104,50.901517271995544,0.5072464942932129,1,True,True,False,58.0,False,0.2542550563812255,UNRANKED,,False,,,
2019-06-11,2019-06-12,2019-06-18,NOW,XLK,53.20000076293945,57.10200119018555,55.27371597290039,4,take_profit,LONG,LONG,0.5038641095161438,0.5104924440383911,0.4972357749938965,0.5482156416097189,0.44097304344177246,50.38641095161438,0.5072464942932129,2,False,True,True,58.0,False,0.3314148485660553,UNRANKED,,False,,,
2019-06-12,2019-06-13,2019-06-18,NOW,XLK,53.720001220703125,57.7599983215332,55.776859283447266,3,stop_loss,SHORT,SHORT,0.49985912442207336,0.5024824738502502,0.4972357749938965,0.5085384524790955,0.4744853079319,50.014087557792664,0.5072464942932129,2,False,True,True,58.0,False,0.3955036401748657,UNRANKED,,False,,,
2019-06-13,2019-06-14,2019-06-19,NOW,XLK,54.74599838256836,57.14799880981445,56.72599901471819,3,stop_loss,SHORT,SHORT,0.49707184731960297,0.5030036568641663,0.4911400377750397,0.5085384524790955,0.46511635184288025,50.2928152680397,0.5072464942932129,2,False,True,True,58.0,False,0.13498017191886907,UNRANKED,,False,,,
2019-06-14,2019-06-17,2019-06-19,NOW,XLK,54.7400016784668,56.5,56.64514487130301,2,stop_loss,SHORT,SHORT,0.49707184731960297,0.5030036568641663,0.4911400377750397,0.5085384524790955,0.5185739398002625,50.2928152680397,0.5072464942932129,2,False,True,True,58.0,False,-0.0019887089729308735,UNRANKED,,False,,,
2019-06-17,2019-06-18,2019-06-20,NOW,XLK,55.66400146484375,55.071998596191406,57.56943021501814,2,stop_loss,SHORT,SHORT,0.4930686801671982,0.4949973225593567,0.4911400377750397,0.48513077749910416,0.5059220790863037,50.69313198328018,0.5072464942932129,2,False,True,True,58.0,False,0.047011822462081874,UNRANKED,,False,,,
2019-06-18,2019-06-19,2019-06-26,NOW,XLK,56.84199905395508,55.06800079345703,55.06800079345703,5,time_exit,SHORT,SHORT,0.493850976228714,0.4965619146823883,0.4911400377750397,0.5085384524790955,0.48547467589378357,50.6149023771286,0.5072464942932129,2,False,True,True,58.0,False,0.06949776411056524,UNRANKED,,False,,,
2019-06-19,2019-06-20,2019-06-25,NOW,XLK,58.04800033569336,55.70199966430664,55.94542857578823,3,take_profit,SHORT,SHORT,0.49985912442207336,0.5024824738502502,0.4972357749938965,0.5085384524790955,0.483083575963974,50.014087557792664,0.5072464942932129,2,False,True,True,58.0,False,0.04841443896293641,UNRANKED,,False,,,
2019-06-20,2019-06-21,2019-06-25,NOW,XLK,57.50400161743164,54.91400146484375,55.326572963169646,2,stop_loss,LONG,LONG,0.5025750696659088,0.5024824738502502,0.5026676654815674,0.5085384524790955,0.47163835167884827,50.25750696659088,0.5072464942932129,2,False,True,True,58.0,False,0.3410417437553406,UNRANKED,,False,,,
2019-06-21,2019-06-24,2019-06-25,NOW,XLK,57.57400131225586,56.70199966430664,55.69628742762974,1,take_profit,SHORT,SHORT,0.49590247869491577,0.5024824738502502,0.4893224835395813,0.5085384524790955,0.47030651569366455,50.40975213050842,0.5072464942932129,2,False,True,True,58.0,False,-0.0738278031349183,UNRANKED,,False,,,
2019-06-24,2019-06-25,2019-06-28,NOW,XLK,56.630001068115234,57.6619987487793,54.92171587262835,3,take_profit,SHORT,SHORT,0.49590247869491577,0.5024824738502502,0.4893224835395813,0.5085384524790955,0.46029552817344666,50.40975213050842,0.5072464942932129,2,False,True,True,58.0,False,0.012425988912582401,UNRANKED,,False,,,
2019-06-25,2019-06-26,2019-07-02,NOW,XLK,55.75600051879883,58.630001068115234,57.505428314208984,4,stop_loss,SHORT,SHORT,0.49590247869491577,0.5024824738502502,0.4893224835395813,0.5085384524790955,0.5244383215904236,50.40975213050842,0.5072464942932129,2,False,True,True,58.0,False,0.08682256937026962,UNRANKED,,False,,,
2019-06-26,2019-06-27,2019-07-02,NOW,XLK,55.4739990234375,58.90599822998047,57.074283599853516,3,stop_loss,SHORT,SHORT,0.49043962359428406,0.4915567636489868,0.4893224835395813,0.48513077749910416,0.5078830718994141,50.956037640571594,0.5072464942932129,1,True,False,True,58.0,False,-0.08277943730354295,UNRANKED,,False,,,
2019-06-27,2019-06-28,2019-07-02,NOW,XLK,55.5620002746582,58.599998474121094,57.07971354893276,2,take_profit,LONG,LONG,0.5009088963270187,0.5067176222801208,0.4951001703739166,0.5085384524790955,0.47955992817878723,50.090889632701874,0.5072464942932129,2,False,True,True,58.0,False,0.3734752535820006,UNRANKED,,False,,,
2019-06-28,2019-07-01,2019-07-03,NOW,XLK,56.39799880981445,59.604000091552734,57.99056897844587,2,take_profit,LONG,LONG,0.5008935332298279,0.4991194009780884,0.5026676654815674,0.5085384524790955,0.48360738158226013,50.08935332298279,0.5072464942932129,2,False,True,True,58.0,False,0.5290219485759734,UNRANKED,,False,,,
2019-07-01,2019-07-02,2019-07-03,NOW,XLK,56.6619987487793,59.75,58.23628289358957,1,take_profit,LONG,LONG,0.5019766986370087,0.5067176222801208,0.4972357749938965,0.5085384524790955,0.4904012680053711,50.19766986370087,0.5072464942932129,2,False,True,True,58.0,False,0.32087662816047663,UNRANKED,,False,,,
2019-07-02,2019-07-03,2019-07-10,NOW,XLK,57.97999954223633,60.46200180053711,59.64599772862026,4,take_profit,LONG,LONG,0.5019766986370087,0.5067176222801208,0.4972357749938965,0.5085384524790955,0.4658021330833435,50.19766986370087,0.5072464942932129,2,False,True,True,58.0,False,0.4118984639644624,UNRANKED,,False,,,
2019-07-03,2019-07-05,2019-07-11,NOW,XLK,58.20000076293945,60.22600173950195,59.835427965436665,4,take_profit,LONG,LONG,0.5019766986370087,0.5067176222801208,0.4972357749938965,0.5085384524790955,0.4740779995918274,50.19766986370087,0.5072464942932129,2,False,True,True,58.0,False,0.38988617062568665,UNRANKED,,False,,,
2019-07-05,2019-07-08,2019-07-11,NOW,XLK,58.72999954223633,60.220001220703125,60.36085510253906,3,take_profit,LONG,LONG,0.5019766986370087,0.5067176222801208,0.4972357749938965,0.5085384524790955,0.4602593779563904,50.19766986370087,0.5072464942932129,2,False,True,True,58.0,False,0.3751949369907379,UNRANKED,,False,,,
2019-07-08,2019-07-09,2019-07-11,NOW,XLK,58.28200149536133,59.099998474121094,59.89057159423828,2,take_profit,LONG,LONG,0.5038641095161438,0.5104924440383911,0.4972357749938965,0.5482156416097189,0.43746352195739746,50.38641095161438,0.5072464942932129,2,False,True,True,58.0,False,0.3630930781364441,UNRANKED,,False,,,
2019-07-09,2019-07-10,2019-07-17,NOW,XLK,59.922000885009766,59.3120002746582,59.3120002746582,5,time_exit,LONG,LONG,0.5038641095161438,0.5104924440383911,0.4972357749938965,0.5482156416097189,0.4442530870437622,50.38641095161438,0.5072464942932129,2,False,True,True,58.0,False,0.40510955452919023,UNRANKED,,False,,,
2019-07-10,2019-07-11,2019-07-18,NOW,XLK,60.082000732421875,58.93600082397461,58.93600082397461,5,time_exit,LONG,LONG,0.5001757740974426,0.5031157732009888,0.4972357749938965,0.5085384524790955,0.4531122148036957,50.01757740974426,0.5072464942932129,2,False,True,True,58.0,False,0.25126999616622925,UNRANKED,,False,,,
2019-07-11,2019-07-12,2019-07-18,NOW,XLK,60.459999084472656,57.948001861572266,58.9922855922154,4,take_profit,SHORT,SHORT,0.49338531494140625,0.4956305921077728,0.4911400377750397,0.5085384524790955,0.48763152956962585,50.661468505859375,0.5072464942932129,2,False,True,True,58.0,False,0.08736225962638856,UNRANKED,,False,,,
2019-07-12,2019-07-15,2019-07-18,NOW,XLK,60.400001525878906,58.762001037597656,58.98600224086216,3,take_profit,SHORT,SHORT,0.49338531494140625,0.4956305921077728,0.4911400377750397,0.5085384524790955,0.4860633611679077,50.661468505859375,0.5072464942932129,2,False,True,True,58.0,False,0.06717988848686214,UNRANKED,,False,,,
2019-07-15,2019-07-16,2019-07-19,NOW,XLK,60.0,58.20199966430664,58.67771475655692,3,take_profit,SHORT,SHORT,0.49338531494140625,0.4956305921077728,0.4911400377750397,0.5085384524790955,0.496133416891098,50.661468505859375,0.5072464942932129,2,False,True,True,58.0,False,0.10045504570007323,UNRANKED,,False,,,
2019-07-16,2019-07-17,2019-07-24,NOW,XLK,59.099998474121094,59.44200134277344,59.44200134277344,5,time_exit,SHORT,SHORT,0.4894305467605591,0.4956305921077728,0.48323050141334534,0.5085384524790955,0.5318325161933899,51.05694532394409,0.5072464942932129,1,True,False,True,58.0,False,-0.09236186742782584,UNRANKED,,False,,,
2019-07-17,2019-07-18,2019-07-19,NOW,XLK,59.263999938964844,57.145999908447266,57.95599964686802,1,take_profit,SHORT,SHORT,0.49621912837028503,0.5031157732009888,0.4893224835395813,0.5085384524790955,0.4642573297023773,50.3780871629715,0.5072464942932129,2,False,True,True,58.0,False,0.0673243403434754,UNRANKED,,False,,,
2019-07-18,2019-07-19,2019-07-23,NOW,XLK,59.61000061035156,57.86600112915039,58.33885737827846,2,take_profit,SHORT,SHORT,0.49487224221229553,0.5004220008850098,0.4893224835395813,0.5085384524790955,0.4559047520160675,50.51277577877045,0.5072464942932129,2,False,True,True,58.0,False,0.10095050930976866,UNRANKED,,False,,,
2019-07-19,2019-07-22,2019-07-25,NOW,XLK,58.68000030517578,57.167999267578125,57.3802855355399,3,take_profit,SHORT,SHORT,0.4966733157634735,0.5040241479873657,0.4893224835395813,0.5085384524790955,0.4776577353477478,50.33266842365265,0.5072464942932129,2,False,True,True,58.0,False,0.17520529031753546,UNRANKED,,False,,,
2019-07-22,2019-07-23,2019-07-25,NOW,XLK,59.00400161743164,56.20000076293945,57.84342956542969,2,take_profit,SHORT,SHORT,0.4977318346500397,0.506141185760498,0.4893224835395813,0.5085384524790955,0.4525687098503113,50.22681653499603,0.5072464942932129,2,False,True,True,58.0,False,0.23396554589271545,UNRANKED,,False,,,
2019-07-23,2019-07-24,2019-07-25,NOW,XLK,58.34400177001953,55.47800064086914,57.24057224818638,1,take_profit,SHORT,SHORT,0.4957953691482544,0.5022682547569275,0.4893224835395813,0.5085384524790955,0.46135878562927246,50.42046308517456,0.5072464942932129,2,False,True,True,58.0,False,0.10559272766113284,UNRANKED,,False,,,
2019-07-24,2019-07-25,2019-07-30,NOW,XLK,57.70000076293945,54.79999923706055,56.5577141898019,3,take_profit,SHORT,SHORT,0.49836255609989166,0.5016249418258667,0.4951001703739166,0.5085384524790955,0.46596264839172363,50.163744390010834,0.5072464942932129,2,False,True,True,58.0,False,0.23405584692955012,UNRANKED,,False,,,
2019-07-25,2019-07-26,2019-07-30,NOW,XLK,57.67399978637695,53.172000885009766,56.243141174316406,2,take_profit,SHORT,SHORT,0.49836255609989166,0.5016249418258667,0.4951001703739166,0.5085384524790955,0.4554342031478882,50.163744390010834,0.5072464942932129,2,False,True,True,58.0,False,0.22434708476066584,UNRANKED,,False,,,
2019-07-26,2019-07-29,2019-07-30,NOW,XLK,57.86800003051758,51.36199951171875,56.37799835205078,1,stop_loss,LONG,LONG,0.5006206780672073,0.506141185760498,0.4951001703739166,0.5085384524790955,0.4448103904724121,50.062067806720734,0.5072464942932129,2,False,True,True,58.0,False,0.16462370753288266,UNRANKED,,False,,,
2019-07-29,2019-07-30,2019-08-01,NOW,XLK,56.85599899291992,52.34199905395508,55.40971156529018,2,stop_loss,LONG,LONG,0.5007128268480301,0.5063254833221436,0.4951001703739166,0.5085384524790955,0.4589630365371704,50.07128268480301,0.5072464942932129,2,False,True,True,58.0,False,0.032730311155319304,UNRANKED,,False,,,
2019-07-30,2019-07-31,2019-08-02,NOW,XLK,56.34199905395508,52.13800048828125,54.77828325544085,2,take_profit,SHORT,SHORT,0.49882499873638153,0.5025498270988464,0.4951001703739166,0.5085384524790955,0.4619408845901489,50.11750012636185,0.5072464942932129,2,False,True,True,58.0,False,0.06789821386337284,UNRANKED,,False,,,
2019-07-31,2019-08-01,2019-08-02,NOW,XLK,55.47600173950195,53.422000885009766,53.91085760934012,1,take_profit,SHORT,SHORT,0.49882499873638153,0.5025498270988464,0.4951001703739166,0.5085384524790955,0.46792924404144287,50.11750012636185,0.5072464942932129,2,False,True,True,58.0,False,0.13630187511444095,UNRANKED,,False,,,
2019-08-01,2019-08-02,2019-08-05,NOW,XLK,54.59000015258789,52.763999938964844,52.961712973458425,1,stop_loss,LONG,LONG,0.5014498680830002,0.5077995657920837,0.4951001703739166,0.5482156416097189,0.4429159164428711,50.14498680830002,0.5072464942932129,2,False,True,True,58.0,False,0.23372453451156616,UNRANKED,,False,,,
2019-08-02,2019-08-05,2019-08-08,NOW,XLK,51.00199890136719,51.7140007019043,52.862000056675505,3,take_profit,LONG,LONG,0.516132652759552,0.5077995657920837,0.5244657397270203,0.5482156416097189,0.4721216857433319,51.6132652759552,0.5072464942932129,1,True,True,False,58.0,False,0.6868909299373626,UNRANKED,,False,,,
2019-08-05,2019-08-06,2019-08-13,NOW,XLK,52.332000732421875,52.4379997253418,52.4379997253418,5,time_exit,LONG,LONG,0.5103109180927277,0.5045987963676453,0.5160230398178101,0.5085384524790955,0.4544893503189087,51.031091809272766,0.5072464942932129,1,True,True,False,58.0,False,0.522322803735733,UNRANKED,,False,,,
2019-08-06,2019-08-07,2019-08-14,NOW,XLK,51.93199920654297,50.46200180053711,50.46200180053711,5,time_exit,LONG,LONG,0.5295528173446655,0.5083740949630737,0.5507315397262573,0.5482156416097189,0.33791372179985046,52.95528173446655,0.5072464942932129,1,True,True,False,58.0,False,1.0444766730070114,UNRANKED,,False,,,
2019-08-07,2019-08-08,2019-08-15,NOW,XLK,52.402000427246094,50.45800018310547,50.45800018310547,5,time_exit,LONG,LONG,0.5173414945602417,0.5088384747505188,0.5258445143699646,0.5482156416097189,0.3841635286808014,51.73414945602417,0.5072464942932129,1,True,True,False,58.0,False,0.5696566998958588,UNRANKED,,False,,,
2019-08-08,2019-08-09,2019-08-14,NOW,XLK,53.45000076293945,51.38199996948242,51.364000047956196,3,stop_loss,LONG,LONG,0.5170131623744965,0.5088384747505188,0.5251878499984741,0.5482156416097189,0.34383127093315125,51.701316237449646,0.5072464942932129,1,True,True,False,58.0,False,0.707755982875824,UNRANKED,,False,,,
2019-08-09,2019-08-12,2019-08-19,NOW,XLK,52.2599983215332,51.10200119018555,51.10200119018555,5,time_exit,SHORT,SHORT,0.4985305368900299,0.5015296339988708,0.49553143978118896,0.5015296339988708,0.4604717493057251,50.14694631099701,0.5019129812717438,2,False,True,True,52.0,True,-0.29317396879196145,UNRANKED,,False,,,
2019-08-12,2019-08-13,2019-08-20,NOW,XLK,51.599998474121094,51.055999755859375,51.055999755859375,5,time_exit,SHORT,SHORT,0.4985305368900299,0.5015296339988708,0.49553143978118896,0.5015296339988708,0.4849662184715271,50.14694631099701,0.5019129812717438,2,False,True,True,52.0,True,-0.9800719618797304,UNRANKED,,False,,,
2019-08-13,2019-08-14,2019-08-21,NOW,XLK,51.667999267578125,53.15599822998047,53.15599822998047,5,time_exit,SHORT,SHORT,0.4979317784309387,0.5003321170806885,0.49553143978118896,0.5003321170806885,0.42571815848350525,50.20682215690613,0.5019129812717438,1,True,False,True,52.0,True,0.5637683272361754,UNRANKED,,False,,,
2019-08-14,2019-08-15,2019-08-21,NOW,XLK,50.400001525878906,52.928001403808594,52.41428702218192,4,stop_loss,SHORT,SHORT,0.4979317784309387,0.5003321170806885,0.49553143978118896,0.5003321170806885,0.3926583230495453,50.20682215690613,0.5019129812717438,1,True,False,True,52.0,True,0.8886183649301528,UNRANKED,,False,,,
2019-08-15,2019-08-16,2019-08-21,NOW,XLK,51.18199920654297,52.61399841308594,53.09399904523577,3,stop_loss,SHORT,SHORT,0.4979317784309387,0.5003321170806885,0.49553143978118896,0.5003321170806885,0.43003928661346436,50.20682215690613,0.5019129812717438,1,True,False,True,52.0,True,0.566102534532547,UNRANKED,,False,,,
2019-08-16,2019-08-19,2019-08-26,NOW,XLK,52.0,53.31399917602539,53.31399917602539,5,time_exit,SHORT,SHORT,0.4988193213939667,0.5021072030067444,0.49553143978118896,0.5021072030067444,0.4385732412338257,50.11806786060333,0.5019129812717438,2,False,True,True,52.0,True,0.7795878350734711,UNRANKED,,False,,,
2019-08-19,2019-08-20,2019-08-21,NOW,XLK,51.099998474121094,53.242000579833984,52.94599805559431,1,stop_loss,SHORT,SHORT,0.4979317784309387,0.5003321170806885,0.49553143978118896,0.5003321170806885,0.4667656719684601,50.20682215690613,0.5019129812717438,1,True,False,True,52.0,True,-0.0782654881477357,UNRANKED,,False,,,
2019-08-20,2019-08-21,2019-08-28,NOW,XLK,52.400001525878906,52.06399917602539,52.06399917602539,5,time_exit,SHORT,SHORT,0.4979317784309387,0.5003321170806885,0.49553143978118896,0.5003321170806885,0.5279858708381653,50.20682215690613,0.5019129812717438,1,True,False,True,52.0,True,0.06785199046134942,UNRANKED,,False,,,
2019-08-21,2019-08-22,2019-08-29,NOW,XLK,53.29999923706055,52.95800018310547,52.95800018310547,5,time_exit,LONG,LONG,0.5025426149368286,0.5021072030067444,0.5029780268669128,0.5021072030067444,0.44851794838905334,50.25426149368286,0.5019129812717438,1,True,True,False,52.0,True,0.6463019549846649,UNRANKED,,False,,,
2019-08-22,2019-08-23,2019-08-30,NOW,XLK,53.27399826049805,52.36800003051758,52.36800003051758,5,time_exit,LONG,LONG,0.5016550719738007,0.5003321170806885,0.5029780268669128,0.5003321170806885,0.41461071372032166,50.165507197380066,0.5019129812717438,2,False,True,True,52.0,True,0.8145817667245866,UNRANKED,,False,,,
2019-08-23,2019-08-26,2019-09-03,NOW,XLK,53.0,52.67599868774414,52.67599868774414,5,time_exit,LONG,LONG,0.5016550719738007,0.5003321170806885,0.5029780268669128,0.5003321170806885,0.4512846767902374,50.165507197380066,0.5019129812717438,2,False,True,True,52.0,True,0.6892873644828797,UNRANKED,,False,,,
2019-08-26,2019-08-27,2019-08-28,NOW,XLK,53.80400085449219,53.70399856567383,52.30514417375837,1,take_profit,SHORT,SHORT,0.4979317784309387,0.5003321170806885,0.49553143978118896,0.5003321170806885,0.48760318756103516,50.20682215690613,0.5019129812717438,1,True,False,True,52.0,True,0.48310899734497065,UNRANKED,,False,,,
2019-08-27,2019-08-28,2019-09-05,NOW,XLK,52.354000091552734,53.92399978637695,53.83399963378906,5,stop_loss,SHORT,SHORT,0.4979317784309387,0.5003321170806885,0.49553143978118896,0.5003321170806885,0.45951932668685913,50.20682215690613,0.5019129812717438,1,True,False,True,52.0,True,0.5355154573917389,UNRANKED,,False,,,
2019-08-28,2019-08-29,2019-09-06,NOW,XLK,52.77199935913086,52.70000076293945,52.70000076293945,5,time_exit,LONG,LONG,0.5016550719738007,0.5003321170806885,0.5029780268669128,0.5003321170806885,0.4910241365432739,50.165507197380066,0.5019129812717438,2,False,True,True,52.0,True,0.7060118317604065,UNRANKED,,False,,,
2019-08-29,2019-08-30,2019-09-09,NOW,XLK,53.18199920654297,50.93600082397461,51.68342808314732,5,stop_loss,LONG,LONG,0.5025426149368286,0.5021072030067444,0.5029780268669128,0.5021072030067444,0.5024221539497375,50.25426149368286,0.5019129812717438,1,True,True,False,52.0,True,0.4711412489414214,UNRANKED,,False,,,
2019-08-30,2019-09-03,2019-09-09,NOW,XLK,52.81800079345703,50.63600158691406,51.38514382498605,4,take_profit,SHORT,SHORT,0.4965979903936386,0.5003321170806885,0.49286386370658875,0.5003321170806885,0.5086310505867004,50.34020096063614,0.5019129812717438,1,True,False,True,52.0,True,0.04453632235527031,UNRANKED,,False,,,
2019-09-03,2019-09-04,2019-09-09,NOW,XLK,53.14400100708008,50.73400115966797,51.770572662353516,3,stop_loss,LONG,LONG,0.5007475912570953,0.5003321170806885,0.5011630654335022,0.5003321170806885,0.5922189950942993,50.074759125709534,0.5019129812717438,2,False,True,True,52.0,True,-0.04254078865051289,UNRANKED,,False,,,
2019-09-04,2019-09-05,2019-09-06,NOW,XLK,54.06399917602539,51.36199951171875,52.82599912370954,1,take_profit,SHORT,SHORT,0.49984389543533325,0.4985247254371643,0.5011630654335022,0.4985247254371643,0.6317577362060547,50.015610456466675,0.5019129812717438,2,False,True,True,52.0,True,0.6171471923589706,UNRANKED,,False,,,
2019-09-05,2019-09-06,2019-09-09,NOW,XLK,53.97999954223633,50.391998291015625,52.71114240373884,1,stop_loss,LONG,LONG,0.5007475912570953,0.5003321170806885,0.5011630654335022,0.5003321170806885,0.5696975588798523,50.074759125709534,0.5019129812717438,2,False,True,True,52.0,True,-0.5521852374076843,UNRANKED,,False,,,
2019-09-06,2019-09-09,2019-09-10,NOW,XLK,52.79999923706055,52.22999954223633,51.488285064697266,1,take_profit,SHORT,SHORT,0.499389186501503,0.5003321170806885,0.4984462559223175,0.5003321170806885,0.5150781273841858,50.0610813498497,0.5019129812717438,2,False,True,True,52.0,True,0.1468139588832856,UNRANKED,,False,,,
2019-09-09,2019-09-10,2019-09-16,NOW,XLK,50.09400177001953,52.810001373291016,51.61771610804966,4,take_profit,LONG,LONG,0.5007475912570953,0.5003321170806885,0.5011630654335022,0.5003321170806885,0.47021397948265076,50.074759125709534,0.5019129812717438,2,False,True,True,52.0,True,0.3675873577594758,UNRANKED,,False,,,
2019-09-10,2019-09-11,2019-09-16,NOW,XLK,50.5260009765625,53.16999816894531,52.08600071498326,3,take_profit,LONG,LONG,0.5007475912570953,0.5003321170806885,0.5011630654335022,0.5003321170806885,0.5025069117546082,50.074759125709534,0.5019129812717438,2,False,True,True,52.0,True,0.6036114990711212,UNRANKED,,False,,,
2019-09-11,2019-09-12,2019-09-17,NOW,XLK,51.31999969482422,53.74800109863281,52.593999590192524,3,take_profit,LONG,LONG,0.5007475912570953,0.5003321170806885,0.5011630654335022,0.5003321170806885,0.5089824199676514,50.074759125709534,0.5019129812717438,2,False,True,True,52.0,True,0.8775149881839752,UNRANKED,,False,,,
2019-09-12,2019-09-13,2019-09-17,NOW,XLK,51.07600021362305,54.23400115966797,52.40714318411691,2,take_profit,LONG,LONG,0.5007475912570953,0.5003321170806885,0.5011630654335022,0.5003321170806885,0.45053425431251526,50.074759125709534,0.5019129812717438,2,False,True,True,52.0,True,0.7512139827013015,UNRANKED,,False,,,
2019-09-13,2019-09-16,2019-09-17,NOW,XLK,50.20000076293945,53.400001525878906,51.62485776628767,1,take_profit,LONG,LONG,0.5007475912570953,0.5003321170806885,0.5011630654335022,0.5003321170806885,0.46180620789527893,50.074759125709534,0.5019129812717438,2,False,True,True,52.0,True,0.7225656211376189,UNRANKED,,False,,,
2019-09-16,2019-09-17,2019-09-24,NOW,XLK,52.672000885009766,51.5,51.5,5,time_exit,SHORT,SHORT,0.4956942945718765,0.4985247254371643,0.49286386370658875,0.4985247254371643,0.45534858107566833,50.43057054281235,0.5019129812717438,1,True,False,True,52.0,True,0.33266314864158625,UNRANKED,,False,,,
2019-09-17,2019-09-18,2019-09-24,NOW,XLK,53.3380012512207,51.875999450683594,51.67800085885184,4,stop_loss,LONG,LONG,0.5007475912570953,0.5003321170806885,0.5011630654335022,0.5003321170806885,0.3955943286418915,50.074759125709534,0.5019129812717438,2,False,True,True,52.0,True,0.5425715744495392,UNRANKED,,False,,,
2019-09-18,2019-09-19,2019-09-24,NOW,XLK,53.09000015258789,51.597999572753906,51.54685756138393,3,stop_loss,LONG,LONG,0.5007475912570953,0.5003321170806885,0.5011630654335022,0.5003321170806885,0.3863988518714905,50.074759125709534,0.5019129812717438,2,False,True,True,52.0,True,0.4237846732139587,UNRANKED,,False,,,
2019-09-19,2019-09-20,2019-09-24,NOW,XLK,53.89400100708008,50.051998138427734,52.39600099836077,2,stop_loss,LONG,LONG,0.5007475912570953,0.5003321170806885,0.5011630654335022,0.5003321170806885,0.41949206590652466,50.074759125709534,0.5019129812717438,2,False,True,True,52.0,True,-0.17392510175704945,UNRANKED,,False,,,
2019-09-20,2019-09-23,2019-09-24,NOW,XLK,54.49399948120117,50.77000045776367,53.01085662841797,1,take_profit,SHORT,SHORT,0.499389186501503,0.5003321170806885,0.4984462559223175,0.5003321170806885,0.4061962068080902,50.0610813498497,0.5019129812717438,2,False,True,True,52.0,True,0.4463720619678497,UNRANKED,,False,,,
2019-09-23,2019-09-24,2019-09-26,NOW,XLK,53.400001525878906,50.0260009765625,51.84171567644392,2,stop_loss,LONG,LONG,0.5007475912570953,0.5003321170806885,0.5011630654335022,0.5003321170806885,0.4571961760520935,50.074759125709534,0.5019129812717438,2,False,True,True,52.0,True,0.22037115693092357,UNRANKED,,False,,,
2019-09-24,2019-09-25,2019-10-02,NOW,XLK,51.5,49.369998931884766,49.817142486572266,5,stop_loss,LONG,LONG,0.5007475912570953,0.5003321170806885,0.5011630654335022,0.5003321170806885,0.39190301299095154,50.074759125709534,0.5019129812717438,2,False,True,True,52.0,True,0.675598978996277,UNRANKED,,False,,,
2019-09-25,2019-09-26,2019-09-27,NOW,XLK,51.87799835205078,51.4739990234375,50.172855377197266,1,stop_loss,LONG,LONG,0.5007475912570953,0.5003321170806885,0.5011630654335022,0.5003321170806885,0.41138264536857605,50.074759125709534,0.5019129812717438,2,False,True,True,52.0,True,0.5026882588863371,UNRANKED,,False,,,
2019-09-26,2019-09-27,2019-10-01,NOW,XLK,51.784000396728516,53.29600143432617,50.21400015694754,2,stop_loss,LONG,LONG,0.5007475912570953,0.5003321170806885,0.5011630654335022,0.5003321170806885,0.46917128562927246,50.074759125709534,0.5019129812717438,2,False,True,True,52.0,True,-0.026148885488510264,UNRANKED,,False,,,
2019-09-27,2019-09-30,2019-10-04,NOW,XLK,50.439998626708984,53.630001068115234,51.978856222970144,4,take_profit,LONG,LONG,0.5007475912570953,0.5003321170806885,0.5011630654335022,0.5003321170806885,0.4198189973831177,50.074759125709534,0.5019129812717438,2,False,True,True,52.0,True,0.6193277537822721,UNRANKED,,False,,,
2019-09-30,2019-10-01,2019-10-02,NOW,XLK,51.06399917602539,51.625999450683594,49.465426853724885,1,take_profit,SHORT,SHORT,0.499389186501503,0.5003321170806885,0.4984462559223175,0.5003321170806885,0.45545437932014465,50.0610813498497,0.5019129812717438,2,False,True,True,52.0,True,0.026993483304977445,UNRANKED,,False,,,
2019-10-01,2019-10-02,2019-10-04,NOW,XLK,49.8120002746582,52.40399932861328,51.50285829816546,2,take_profit,LONG,LONG,0.5016550719738007,0.5003321170806885,0.5029780268669128,0.5003321170806885,0.3511596918106079,50.165507197380066,0.5019129812717438,2,False,True,True,52.0,True,0.5170820057392121,UNRANKED,,False,,,
2019-10-02,2019-10-03,2019-10-04,NOW,XLK,49.55400085449219,52.63600158691406,51.24885940551758,1,stop_loss,SHORT,SHORT,0.4979317784309387,0.5003321170806885,0.49553143978118896,0.5003321170806885,0.42758503556251526,50.20682215690613,0.5019129812717438,1,True,False,True,52.0,True,-0.942744255065918,UNRANKED,,False,,,
2019-10-03,2019-10-04,2019-10-11,NOW,XLK,52.04600143432617,54.066001892089844,53.90285982404436,5,stop_loss,SHORT,SHORT,0.4988193213939667,0.5021072030067444,0.49553143978118896,0.5021072030067444,0.43285176157951355,50.11806786060333,0.5019129812717438,2,False,True,True,52.0,True,-0.6900052130222321,UNRANKED,,False,,,
2019-10-04,2019-10-07,2019-10-14,NOW,XLK,53.24599838256836,53.88800048828125,53.88800048828125,5,time_exit,SHORT,SHORT,0.4988193213939667,0.5021072030067444,0.49553143978118896,0.5021072030067444,0.44379082322120667,50.11806786060333,0.5019129812717438,2,False,True,True,52.0,True,-0.33124533295631386,UNRANKED,,False,,,
2019-10-07,2019-10-08,2019-10-15,NOW,XLK,53.20000076293945,54.847999572753906,54.847999572753906,5,time_exit,SHORT,SHORT,0.4979317784309387,0.5003321170806885,0.49553143978118896,0.5003321170806885,0.42673641443252563,50.20682215690613,0.5019129812717438,1,True,False,True,52.0,True,0.38039326667785656,UNRANKED,,False,,,
2019-10-08,2019-10-09,2019-10-15,NOW,XLK,52.167999267578125,50.91999816894531,54.22228676932199,4,stop_loss,SHORT,SHORT,0.4979317784309387,0.5003321170806885,0.49553143978118896,0.5003321170806885,0.4510635733604431,50.20682215690613,0.5019129812717438,1,True,False,True,52.0,True,-0.25282289087772364,UNRANKED,,False,,,
2019-10-09,2019-10-10,2019-10-15,NOW,XLK,52.00400161743164,50.86199951171875,54.086860111781526,3,stop_loss,SHORT,SHORT,0.49337297677993774,0.4912145137786865,0.49553143978118896,0.4912145137786865,0.5468371510505676,50.662702322006226,0.5019129812717438,1,True,False,True,52.0,True,0.43069501221179957,UNRANKED,,False,,,
2019-10-10,2019-10-11,2019-10-16,NOW,XLK,53.61199951171875,48.599998474121094,51.56542641775949,3,take_profit,SHORT,SHORT,0.4979317784309387,0.5003321170806885,0.49553143978118896,0.5003321170806885,0.4219456911087036,50.20682215690613,0.5019129812717438,1,True,False,True,52.0,True,0.3416550755500794,UNRANKED,,False,,,
2019-10-11,2019-10-14,2019-10-16,NOW,XLK,54.013999938964844,48.18000030517578,51.88228389195034,2,take_profit,SHORT,SHORT,0.4970962703227997,0.4912145137786865,0.5029780268669128,0.4912145137786865,0.4221857488155365,50.29037296772003,0.5019129812717438,1,True,False,True,52.0,True,1.0545115023851395,UNRANKED,,False,,,
2019-10-14,2019-10-15,2019-10-16,NOW,XLK,54.0880012512207,45.667999267578125,52.20228522164481,1,stop_loss,LONG,LONG,0.5016550719738007,0.5003321170806885,0.5029780268669128,0.5003321170806885,0.38358211517333984,50.165507197380066,0.5019129812717438,2,False,True,True,52.0,True,0.44859071075916307,UNRANKED,,False,,,
2019-10-15,2019-10-16,2019-10-18,NOW,XLK,51.7859992980957,44.00199890136719,49.816854749407085,2,take_profit,SHORT,SHORT,0.4984854906797409,0.4985247254371643,0.4984462559223175,0.4985247254371643,0.39294350147247314,50.15145093202591,0.5019129812717438,2,False,True,True,52.0,True,-0.15086701512336714,UNRANKED,,False,,,
2019-10-16,2019-10-17,2019-10-18,NOW,XLK,51.65800094604492,47.555999755859375,49.16742760794504,1,take_profit,SHORT,SHORT,0.499389186501503,0.5003321170806885,0.4984462559223175,0.5003321170806885,0.46230900287628174,50.0610813498497,0.5019129812717438,2,False,True,True,52.0,True,-1.1760927140712738,UNRANKED,,False,,,
2019-10-17,2019-10-18,2019-10-21,NOW,XLK,50.79399871826172,48.24399948120117,48.51599720546177,1,take_profit,SHORT,SHORT,0.499389186501503,0.5003321170806885,0.4984462559223175,0.5003321170806885,0.47986602783203125,50.0610813498497,0.5019129812717438,2,False,True,True,52.0,True,-0.7508210837841036,UNRANKED,,False,,,
2019-10-18,2019-10-21,2019-10-22,NOW,XLK,49.018001556396484,48.939998626708984,46.51942879813058,1,take_profit,SHORT,SHORT,0.499389186501503,0.5003321170806885,0.4984462559223175,0.5003321170806885,0.48122310638427734,50.0610813498497,0.5019129812717438,2,False,True,True,52.0,True,-1.0160861015319822,UNRANKED,,False,,,
2019-10-21,2019-10-22,2019-10-23,NOW,XLK,48.38199996948242,48.20800018310547,45.929713112967356,1,take_profit,SHORT,SHORT,0.4965979903936386,0.5003321170806885,0.49286386370658875,0.5003321170806885,0.49148717522621155,50.34020096063614,0.5019129812717438,1,True,False,True,52.0,True,-0.7507716119289399,UNRANKED,,False,,,
2019-10-22,2019-10-23,2019-10-24,NOW,XLK,43.2599983215332,49.9900016784668,45.97742789132254,1,take_profit,LONG,LONG,0.5007475912570953,0.5003321170806885,0.5011630654335022,0.5003321170806885,0.4491818845272064,50.074759125709534,0.5019129812717438,2,False,True,True,52.0,True,0.6277421116828916,UNRANKED,,False,,,
2019-10-23,2019-10-24,2019-10-30,NOW,XLK,47.3120002746582,49.45199966430664,49.966858455113005,4,take_profit,LONG,LONG,0.5007475912570953,0.5003321170806885,0.5011630654335022,0.5003321170806885,0.5141099095344543,50.074759125709534,0.5019129812717438,2,False,True,True,52.0,True,0.7090654224157333,UNRANKED,,False,,,
2019-10-24,2019-10-25,2019-11-01,NOW,XLK,47.55400085449219,50.60599899291992,50.4562873840332,5,stop_loss,SHORT,SHORT,0.4956942945718765,0.4985247254371643,0.49286386370658875,0.4985247254371643,0.5436859130859375,50.43057054281235,0.5019129812717438,1,True,False,True,52.0,True,0.13741335272789007,UNRANKED,,False,,,
2019-10-25,2019-10-28,2019-11-04,NOW,XLK,48.68000030517578,49.15999984741211,49.15999984741211,5,time_exit,LONG,LONG,0.5007475912570953,0.5003321170806885,0.5011630654335022,0.5003321170806885,0.504812479019165,50.074759125709534,0.5019129812717438,2,False,True,True,52.0,True,0.43123653531074513,UNRANKED,,False,,,
2019-10-28,2019-10-29,2019-11-05,NOW,XLK,48.79800033569336,48.37200164794922,48.37200164794922,5,time_exit,LONG,LONG,0.5007475912570953,0.5003321170806885,0.5011630654335022,0.5003321170806885,0.5058926343917847,50.074759125709534,0.5019129812717438,2,False,True,True,52.0,True,0.34649026393890386,UNRANKED,,False,,,
2019-10-29,2019-10-30,2019-11-06,NOW,XLK,48.667999267578125,48.27000045776367,48.27000045776367,5,time_exit,LONG,LONG,0.5007475912570953,0.5003321170806885,0.5011630654335022,0.5003321170806885,0.5025558471679688,50.074759125709534,0.5019129812717438,2,False,True,True,52.0,True,0.3523169755935668,UNRANKED,,False,,,
2019-10-30,2019-10-31,2019-11-07,NOW,XLK,49.992000579833984,48.178001403808594,48.178001403808594,5,time_exit,SHORT,SHORT,0.49984389543533325,0.4985247254371643,0.5011630654335022,0.4985247254371643,0.560370922088623,50.015610456466675,0.5019129812717438,2,False,True,True,52.0,True,0.14370793104171753,UNRANKED,,False,,,
2019-10-31,2019-11-01,2019-11-08,NOW,XLK,49.78799819946289,49.689998626708984,49.689998626708984,5,time_exit,LONG,LONG,0.5007475912570953,0.5003321170806885,0.5011630654335022,0.5003321170806885,0.5083414912223816,50.074759125709534,0.5019129812717438,2,False,True,True,52.0,True,0.36144867539405817,UNRANKED,,False,,,
2019-11-01,2019-11-04,2019-11-11,NOW,XLK,50.89799880981445,49.709999084472656,49.709999084472656,5,time_exit,SHORT,SHORT,0.49618878960609436,0.4912145137786865,0.5011630654335022,0.4912145137786865,0.548015832901001,50.381121039390564,0.5019129812717438,1,True,False,True,52.0,True,0.3401533961296081,UNRANKED,,False,,,
2019-11-04,2019-11-05,2019-11-12,NOW,XLK,49.1619987487793,50.50600051879883,50.50600051879883,5,time_exit,LONG,LONG,0.5007475912570953,0.5003321170806885,0.5011630654335022,0.5003321170806885,0.45368459820747375,50.074759125709534,0.5019129812717438,2,False,True,True,52.0,True,1.2374759763479233,UNRANKED,,False,,,
2019-11-05,2019-11-06,2019-11-13,NOW,XLK,48.349998474121094,50.78799819946289,50.78799819946289,5,time_exit,LONG,LONG,0.5007475912570953,0.5003321170806885,0.5011630654335022,0.5003321170806885,0.48080456256866455,50.074759125709534,0.5019129812717438,2,False,True,True,52.0,True,0.032139509916305486,UNRANKED,,False,,,
2019-11-06,2019-11-07,2019-11-14,NOW,XLK,48.400001525878906,50.77000045776367,50.77000045776367,5,time_exit,SHORT,SHORT,0.499389186501503,0.5003321170806885,0.4984462559223175,0.5003321170806885,0.46033239364624023,50.0610813498497,0.5019129812717438,2,False,True,True,52.0,True,0.39526763558387756,UNRANKED,,False,,,
2019-11-07,2019-11-08,2019-11-12,NOW,XLK,47.98400115966797,51.992000579833984,50.294000898088726,2,take_profit,LONG,LONG,0.5007475912570953,0.5003321170806885,0.5011630654335022,0.5003321170806885,0.4882400631904602,50.074759125709534,0.5019129812717438,2,False,True,True,52.0,True,0.22426193952560428,UNRANKED,,False,,,
2019-11-08,2019-11-11,2019-11-15,NOW,XLK,49.46200180053711,53.262001037597656,51.928001403808594,4,stop_loss,SHORT,SHORT,0.49984389543533325,0.4985247254371643,0.5011630654335022,0.4985247254371643,0.44751566648483276,50.015610456466675,0.5019129812717438,2,False,True,True,52.0,True,0.39108845591545105,UNRANKED,,False,,,
2019-11-11,2019-11-12,2019-11-15,NOW,XLK,49.858001708984375,55.54800033569336,51.968001229422434,3,take_profit,LONG,LONG,0.5007475912570953,0.5003321170806885,0.5011630654335022,0.5003321170806885,0.3916609585285187,50.074759125709534,0.5019129812717438,2,False,True,True,52.0,True,0.6046155095100403,UNRANKED,,False,,,
2019-11-12,2019-11-13,2019-11-18,NOW,XLK,50.18600082397461,56.599998474121094,52.171714782714844,3,stop_loss,SHORT,SHORT,0.49984389543533325,0.4985247254371643,0.5011630654335022,0.4985247254371643,0.44440075755119324,50.015610456466675,0.5019129812717438,2,False,True,True,52.0,True,0.4702413976192473,UNRANKED,,False,,,
2019-11-13,2019-11-14,2019-11-18,NOW,XLK,50.55400085449219,55.82400131225586,52.07228578839983,2,take_profit,LONG,LONG,0.5007475912570953,0.5003321170806885,0.5011630654335022,0.5003321170806885,0.4845484793186188,50.074759125709534,0.5019129812717438,2,False,True,True,52.0,True,0.1615194082260133,UNRANKED,,False,,,
2019-11-14,2019-11-15,2019-11-18,NOW,XLK,51.099998474121094,55.99599838256836,52.52256883893694,1,stop_loss,SHORT,SHORT,0.4965979903936386,0.5003321170806885,0.49286386370658875,0.5003321170806885,0.4573337733745575,50.34020096063614,0.5019129812717438,1,True,False,True,52.0,True,0.42435240745544445,UNRANKED,,False,,,
2019-11-15,2019-11-18,2019-11-19,NOW,XLK,51.599998474121094,55.95000076293945,53.097711835588726,1,stop_loss,SHORT,SHORT,0.4956942945718765,0.4985247254371643,0.49286386370658875,0.4985247254371643,0.5121417045593262,50.43057054281235,0.5019129812717438,1,True,False,True,52.0,True,0.47595065832138056,UNRANKED,,False,,,
2019-11-18,2019-11-19,2019-11-26,NOW,XLK,55.45000076293945,55.77199935913086,55.77199935913086,5,time_exit,SHORT,SHORT,0.4984854906797409,0.4985247254371643,0.4984462559223175,0.4985247254371643,0.5430011749267578,50.15145093202591,0.5019129812717438,2,False,True,True,52.0,True,0.2595421969890597,UNRANKED,,False,,,
2019-11-19,2019-11-20,2019-11-27,NOW,XLK,55.375999450683594,56.25600051879883,56.25600051879883,5,time_exit,SHORT,SHORT,0.4984854906797409,0.4985247254371643,0.4984462559223175,0.4985247254371643,0.5757079124450684,50.15145093202591,0.5019129812717438,2,False,True,True,52.0,True,-0.19006174802780137,UNRANKED,,False,,,
2019-11-20,2019-11-21,2019-11-29,NOW,XLK,56.4640007019043,56.608001708984375,56.608001708984375,5,time_exit,SHORT,SHORT,0.4956942945718765,0.4985247254371643,0.49286386370658875,0.4985247254371643,0.5586479306221008,50.43057054281235,0.5019129812717438,1,True,False,True,52.0,True,-0.2992361485958101,UNRANKED,,False,,,
2019-11-21,2019-11-22,2019-12-02,NOW,XLK,56.0,55.470001220703125,55.470001220703125,5,time_exit,SHORT,SHORT,0.499389186501503,0.5003321170806885,0.4984462559223175,0.5003321170806885,0.46140795946121216,50.0610813498497,0.5019129812717438,2,False,True,True,52.0,True,0.039059877395629904,UNRANKED,,False,,,
2019-11-22,2019-11-25,2019-12-03,NOW,XLK,56.0,55.801998138427734,55.801998138427734,5,time_exit,SHORT,SHORT,0.499389186501503,0.5003321170806885,0.4984462559223175,0.5003321170806885,0.47146114706993103,50.0610813498497,0.5019129812717438,2,False,True,True,52.0,True,-0.08950212597846982,UNRANKED,,False,,,
2019-11-25,2019-11-26,2019-12-04,NOW,XLK,56.20000076293945,54.7599983215332,54.82200295584543,5,take_profit,SHORT,SHORT,0.4980870187282562,0.5003321170806885,0.495841920375824,0.5003321170806885,0.4876112937927246,50.19129812717438,0.5019129812717438,2,False,True,True,52.0,True,0.044234991073608364,UNRANKED,,False,,,
2019-11-26,2019-11-27,2019-12-05,NOW,XLK,55.902000427246094,54.625999450683594,54.625999450683594,5,time_exit,LONG,LONG,0.5007475912570953,0.5003321170806885,0.5011630654335022,0.5003321170806885,0.490281343460083,50.074759125709534,0.5019129812717438,2,False,True,True,52.0,True,0.20040842890739433,UNRANKED,,False,,,
2019-11-27,2019-11-29,2019-12-05,NOW,XLK,56.194000244140625,54.40800094604492,54.749144962855745,4,take_profit,SHORT,SHORT,0.499389186501503,0.5003321170806885,0.4984462559223175,0.5003321170806885,0.4383140206336975,50.0610813498497,0.5019129812717438,2,False,True,True,52.0,True,0.2917301654815674,UNRANKED,,False,,,
2019-11-29,2019-12-02,2019-12-04,NOW,XLK,56.599998474121094,53.939998626708984,55.32085691179548,2,take_profit,SHORT,SHORT,0.499389186501503,0.5003321170806885,0.4984462559223175,0.5003321170806885,0.45539790391921997,50.0610813498497,0.5019129812717438,2,False,True,True,52.0,True,0.23923775553703308,UNRANKED,,False,,,
2019-12-02,2019-12-03,2019-12-10,NOW,XLK,54.358001708984375,53.35599899291992,53.35599899291992,5,time_exit,SHORT,SHORT,0.499389186501503,0.5003321170806885,0.4984462559223175,0.5003321170806885,0.4414038360118866,50.0610813498497,0.5019129812717438,2,False,True,True,52.0,True,-0.05392339825630206,UNRANKED,,False,,,
2019-12-03,2019-12-04,2019-12-09,NOW,XLK,55.57400131225586,53.459999084472656,54.20143181937082,3,stop_loss,LONG,LONG,0.5007475912570953,0.5003321170806885,0.5011630654335022,0.5003321170806885,0.4375986158847809,50.074759125709534,0.5019129812717438,2,False,True,True,52.0,True,0.302776485681534,UNRANKED,,False,,,
2019-12-04,2019-12-05,2019-12-12,NOW,XLK,54.599998474121094,53.130001068115234,53.130001068115234,5,time_exit,LONG,LONG,0.5007475912570953,0.5003321170806885,0.5011630654335022,0.5003321170806885,0.3502553105354309,50.074759125709534,0.5019129812717438,2,False,True,True,52.0,True,0.40648895502090454,UNRANKED,,False,,,
2019-12-05,2019-12-06,2019-12-10,NOW,XLK,54.97999954223633,54.59600067138672,53.482286725725444,2,stop_loss,LONG,LONG,0.5007475912570953,0.5003321170806885,0.5011630654335022,0.5003321170806885,0.38431134819984436,50.074759125709534,0.5019129812717438,2,False,True,True,52.0,True,0.3855901062488556,UNRANKED,,False,,,
2019-12-06,2019-12-09,2019-12-16,NOW,XLK,54.354000091552734,56.358001708984375,55.708284105573384,5,stop_loss,SHORT,SHORT,0.499389186501503,0.5003321170806885,0.4984462559223175,0.5003321170806885,0.40262067317962646,50.0610813498497,0.5019129812717438,2,False,True,True,52.0,True,0.3777061700820924,UNRANKED,,False,,,
2019-12-09,2019-12-10,2019-12-16,NOW,XLK,54.0,55.22800064086914,55.23971285138811,4,stop_loss,SHORT,SHORT,0.499389186501503,0.5003321170806885,0.4984462559223175,0.5003321170806885,0.37975552678108215,50.0610813498497,0.5019129812717438,2,False,True,True,52.0,True,0.4158432483673096,UNRANKED,,False,,,
2019-12-10,2019-12-11,2019-12-13,NOW,XLK,53.20000076293945,55.4900016784668,54.1965708051409,2,stop_loss,SHORT,SHORT,0.499389186501503,0.5003321170806885,0.4984462559223175,0.5003321170806885,0.4687168598175049,50.0610813498497,0.5019129812717438,2,False,True,True,52.0,True,-0.044446587562561174,UNRANKED,,False,,,
2019-12-11,2019-12-12,2019-12-13,NOW,XLK,53.27199935913086,55.69599914550781,54.1331411089216,1,stop_loss,SHORT,SHORT,0.499389186501503,0.5003321170806885,0.4984462559223175,0.5003321170806885,0.4870918393135071,50.0610813498497,0.5019129812717438,2,False,True,True,52.0,True,-0.01326084136962901,UNRANKED,,False,,,
2019-12-12,2019-12-13,2019-12-16,NOW,XLK,53.12799835205078,56.5260009765625,53.92542593819754,1,stop_loss,SHORT,SHORT,0.4965979903936386,0.5003321170806885,0.49286386370658875,0.5003321170806885,0.48174840211868286,50.34020096063614,0.5019129812717438,1,True,False,True,52.0,True,-0.04885596036911001,UNRANKED,,False,,,
2019-12-13,2019-12-16,2019-12-20,NOW,XLK,54.86600112915039,56.6619987487793,55.84828622000558,4,stop_loss,SHORT,SHORT,0.49984389543533325,0.4985247254371643,0.5011630654335022,0.4985247254371643,0.45206671953201294,50.015610456466675,0.5019129812717438,2,False,True,True,52.0,True,0.3179567754268647,UNRANKED,,False,,,
2019-12-16,2019-12-17,2019-12-24,NOW,XLK,55.9900016784668,56.84000015258789,56.84000015258789,5,time_exit,SHORT,SHORT,0.49984389543533325,0.4985247254371643,0.5011630654335022,0.4985247254371643,0.505231499671936,50.015610456466675,0.5019129812717438,2,False,True,True,52.0,True,-0.03596517443656914,UNRANKED,,False,,,
2019-12-17,2019-12-18,2019-12-26,NOW,XLK,55.486000061035156,57.2400016784668,56.84942844935826,5,stop_loss,SHORT,SHORT,0.499389186501503,0.5003321170806885,0.4984462559223175,0.5003321170806885,0.38703396916389465,50.0610813498497,0.5019129812717438,2,False,True,True,52.0,True,0.07243481278419485,UNRANKED,,False,,,
2019-12-18,2019-12-19,2019-12-24,NOW,XLK,55.4900016784668,57.375999450683594,56.821715763636995,3,stop_loss,SHORT,SHORT,0.499389186501503,0.5003321170806885,0.4984462559223175,0.5003321170806885,0.3889653980731964,50.0610813498497,0.5019129812717438,2,False,True,True,52.0,True,0.4259260296821593,UNRANKED,,False,,,
2019-12-19,2019-12-20,2019-12-30,NOW,XLK,56.104000091552734,56.5620002746582,56.5620002746582,5,time_exit,LONG,LONG,0.5007475912570953,0.5003321170806885,0.5011630654335022,0.5003321170806885,0.4692979156970978,50.074759125709534,0.5019129812717438,2,False,True,True,52.0,True,-0.1901822090148925,UNRANKED,,False,,,
2019-12-20,2019-12-23,2019-12-31,NOW,XLK,56.61000061035156,56.4640007019043,56.4640007019043,5,time_exit,SHORT,SHORT,0.49984389543533325,0.4985247254371643,0.5011630654335022,0.4985247254371643,0.5048638582229614,50.015610456466675,0.5019129812717438,2,False,True,True,52.0,True,0.3975532352924348,UNRANKED,,False,,,
2019-12-23,2019-12-24,2020-01-02,NOW,XLK,56.779998779296875,58.24800109863281,58.01885550362723,5,take_profit,LONG,LONG,0.5007475912570953,0.5003321170806885,0.5011630654335022,0.5003321170806885,0.545821487903595,50.074759125709534,0.5019129812717438,2,False,True,True,52.0,True,0.09001055359840393,UNRANKED,,False,,,
2019-12-24,2019-12-26,2020-01-02,NOW,XLK,56.95199966430664,58.220001220703125,58.06742804391043,4,stop_loss,SHORT,SHORT,0.499389186501503,0.5003321170806885,0.4984462559223175,0.5003321170806885,0.4850533604621887,50.0610813498497,0.5019129812717438,2,False,True,True,52.0,True,0.2379398047924042,UNRANKED,,False,,,
2019-12-26,2019-12-27,2020-01-06,NOW,XLK,57.61399841308594,58.57400131225586,58.57400131225586,5,time_exit,LONG,LONG,0.5007475912570953,0.5003321170806885,0.5011630654335022,0.5003321170806885,0.47847649455070496,50.074759125709534,0.5019129812717438,2,False,True,True,52.0,True,0.12573799490928644,UNRANKED,,False,,,
2019-12-27,2019-12-30,2020-01-06,NOW,XLK,57.25600051879883,58.582000732421875,58.39771488734654,4,take_profit,LONG,LONG,0.5007475912570953,0.5003321170806885,0.5011630654335022,0.5003321170806885,0.4628196358680725,50.074759125709534,0.5019129812717438,2,False,True,True,52.0,True,-0.010035306215286192,UNRANKED,,False,,,
2019-12-30,2019-12-31,2020-01-02,NOW,XLK,56.082000732421875,59.130001068115234,57.27314322335379,1,stop_loss,SHORT,SHORT,0.499389186501503,0.5003321170806885,0.4984462559223175,0.5003321170806885,0.43421638011932373,50.0610813498497,0.5019129812717438,2,False,True,True,52.0,True,0.021590352058410787,UNRANKED,,False,,,
2019-12-31,2020-01-02,2020-01-03,NOW,XLK,56.992000579833984,59.86199951171875,58.11371449061802,1,take_profit,LONG,LONG,0.5007475912570953,0.5003321170806885,0.5011630654335022,0.5003321170806885,0.4181533455848694,50.074759125709534,0.5019129812717438,2,False,True,True,52.0,True,0.34866055846214306,UNRANKED,,False,,,
2020-01-02,2020-01-03,2020-01-08,NOW,XLK,57.380001068115234,59.7760009765625,58.74171502249582,3,stop_loss,SHORT,SHORT,0.49984389543533325,0.4985247254371643,0.5011630654335022,0.4985247254371643,0.5113967061042786,50.015610456466675,0.5019129812717438,2,False,True,True,52.0,True,0.020809441804885923,UNRANKED,,False,,,
2020-01-03,2020-01-06,2020-01-07,NOW,XLK,57.03799819946289,60.77000045776367,58.35656956263951,1,take_profit,LONG,LONG,0.5007475912570953,0.5003321170806885,0.5011630654335022,0.5003321170806885,0.44458112120628357,50.074759125709534,0.5019129812717438,2,False,True,True,52.0,True,0.14363530278205883,UNRANKED,,False,,,
2020-01-06,2020-01-07,2020-01-09,NOW,XLK,58.64400100708008,60.29999923706055,59.80371529715402,2,take_profit,LONG,LONG,0.5007475912570953,0.5003321170806885,0.5011630654335022,0.5003321170806885,0.44300541281700134,50.074759125709534,0.5019129812717438,2,False,True,True,52.0,True,0.19799131155014033,UNRANKED,,False,,,
2020-01-07,2020-01-08,2020-01-09,NOW,XLK,58.9119987487793,60.9739990234375,59.821141379220144,1,stop_loss,SHORT,SHORT,0.499389186501503,0.5003321170806885,0.4984462559223175,0.5003321170806885,0.4240403175354004,50.0610813498497,0.5019129812717438,2,False,True,True,52.0,True,0.12335631251335147,UNRANKED,,False,,,
2020-01-08,2020-01-09,2020-01-13,NOW,XLK,59.459999084472656,62.00400161743164,60.28599875313895,2,stop_loss,SHORT,SHORT,0.4980870187282562,0.5003321170806885,0.495841920375824,0.5003321170806885,0.4785904586315155,50.19129812717438,0.5019129812717438,2,False,True,True,52.0,True,-0.011684864759445301,UNRANKED,,False,,,
2020-01-09,2020-01-10,2020-01-16,NOW,XLK,60.14400100708008,62.50400161743164,61.037143162318635,4,stop_loss,SHORT,SHORT,0.4980870187282562,0.5003321170806885,0.495841920375824,0.5003321170806885,0.5268672704696655,50.19129812717438,0.5019129812717438,2,False,True,True,52.0,True,0.07451480627059942,UNRANKED,,False,,,
2020-01-10,2020-01-13,2020-01-16,NOW,XLK,60.470001220703125,62.59600067138672,61.34600067138672,3,stop_loss,SHORT,SHORT,0.4980870187282562,0.5003321170806885,0.495841920375824,0.5003321170806885,0.5271013975143433,50.19129812717438,0.5019129812717438,2,False,True,True,52.0,True,0.03797006607055668,UNRANKED,,False,,,
2020-01-13,2020-01-14,2020-01-16,NOW,XLK,60.77000045776367,62.56999969482422,61.669428144182476,2,stop_loss,SHORT,SHORT,0.4956942945718765,0.4985247254371643,0.49286386370658875,0.4985247254371643,0.598792314529419,50.43057054281235,0.5019129812717438,1,True,False,True,52.0,True,0.02863463759422303,UNRANKED,,False,,,
2020-01-14,2020-01-15,2020-01-16,NOW,XLK,60.400001525878906,62.29199981689453,61.3471439906529,1,stop_loss,SHORT,SHORT,0.4980870187282562,0.5003321170806885,0.495841920375824,0.5003321170806885,0.5458389520645142,50.19129812717438,0.5019129812717438,2,False,True,True,52.0,True,0.1368804275989532,UNRANKED,,False,,,
2020-01-15,2020-01-16,2020-01-17,NOW,XLK,61.20000076293945,61.87799835205078,62.21800013950893,1,stop_loss,SHORT,SHORT,0.4980870187282562,0.5003321170806885,0.495841920375824,0.5003321170806885,0.6297124028205872,50.19129812717438,0.5019129812717438,2,False,True,True,52.0,True,0.2579704821109773,UNRANKED,,False,,,
2020-01-16,2020-01-17,2020-01-27,NOW,XLK,62.0880012512207,61.5260009765625,61.5260009765625,5,time_exit,SHORT,SHORT,0.49718332290649414,0.4985247254371643,0.495841920375824,0.4985247254371643,0.6447016000747681,50.281667709350586,0.5019129812717438,1,True,False,True,52.0,True,0.5156852304935455,UNRANKED,,False,,,
2020-01-17,2020-01-21,2020-01-28,NOW,XLK,62.400001525878906,62.810001373291016,62.810001373291016,5,time_exit,SHORT,SHORT,0.4980870187282562,0.5003321170806885,0.495841920375824,0.5003321170806885,0.5534877777099609,50.19129812717438,0.5019129812717438,2,False,True,True,52.0,True,0.4355568885803222,UNRANKED,,False,,,
2020-01-21,2020-01-22,2020-01-23,NOW,XLK,63.40599822998047,62.58599853515625,62.34914125714983,1,take_profit,SHORT,SHORT,0.4965979903936386,0.5003321170806885,0.49286386370658875,0.5003321170806885,0.5080395340919495,50.34020096063614,0.5019129812717438,1,True,False,True,52.0,True,0.1429710984230041,UNRANKED,,False,,,
2020-01-22,2020-01-23,2020-01-27,NOW,XLK,62.599998474121094,68.3239974975586,61.553427015032085,2,stop_loss,LONG,LONG,0.5007475912570953,0.5003321170806885,0.5011630654335022,0.5003321170806885,0.5356849431991577,50.074759125709534,0.5019129812717438,2,False,True,True,52.0,True,0.15173268318176272,UNRANKED,,False,,,
2020-01-23,2020-01-24,2020-01-27,NOW,XLK,62.91600036621094,67.64600372314453,62.084571838378906,1,stop_loss,LONG,LONG,0.5007475912570953,0.5003321170806885,0.5011630654335022,0.5003321170806885,0.4967888593673706,50.074759125709534,0.5019129812717438,2,False,True,True,52.0,True,0.17584499716758722,UNRANKED,,False,,,
2020-01-24,2020-01-27,2020-01-28,NOW,XLK,60.09000015258789,68.63999938964844,60.97657176426479,1,stop_loss,SHORT,SHORT,0.4965979903936386,0.5003321170806885,0.49286386370658875,0.5003321170806885,0.5111138820648193,50.34020096063614,0.5019129812717438,1,True,False,True,52.0,True,0.07940158247947693,UNRANKED,,False,,,
2020-01-27,2020-01-28,2020-01-30,NOW,XLK,61.858001708984375,70.40599822998047,62.74428721836635,2,stop_loss,SHORT,SHORT,0.4965979903936386,0.5003321170806885,0.49286386370658875,0.5003321170806885,0.45140591263771057,50.34020096063614,0.5019129812717438,1,True,False,True,52.0,True,0.48691475391387934,UNRANKED,,False,,,
2020-01-28,2020-01-29,2020-01-30,NOW,XLK,63.104000091552734,67.69999694824219,64.17257145472935,1,take_profit,LONG,LONG,0.5025426149368286,0.5021072030067444,0.5029780268669128,0.5021072030067444,0.4825688898563385,50.25426149368286,0.5019129812717438,1,True,True,False,52.0,True,0.11128690838813782,UNRANKED,,False,,,
2020-01-29,2020-01-30,2020-02-03,NOW,XLK,66.74600219726562,68.33999633789062,67.76828820364815,2,take_profit,LONG,LONG,0.5016550719738007,0.5003321170806885,0.5029780268669128,0.5003321170806885,0.4495065212249756,50.165507197380066,0.5019129812717438,2,False,True,True,52.0,True,0.40610978007316595,UNRANKED,,False,,,
2020-01-30,2020-01-31,2020-02-04,NOW,XLK,67.9000015258789,68.21199798583984,69.63743046351841,2,take_profit,LONG,LONG,0.5025426149368286,0.5021072030067444,0.5029780268669128,0.5021072030067444,0.45487138628959656,50.25426149368286,0.5019129812717438,1,True,True,False,52.0,True,0.4558866918087005,UNRANKED,,False,,,
2020-01-31,2020-02-03,2020-02-04,NOW,XLK,67.68199920654297,68.55400085449219,69.50399889264789,1,take_profit,LONG,LONG,0.5055088996887207,0.5080397725105286,0.5029780268669128,0.5080397725105286,0.42340371012687683,50.55088996887207,0.5019129812717438,1,True,True,False,52.0,True,0.23245507478713984,UNRANKED,,False,,,
2020-02-03,2020-02-04,2020-02-11,NOW,XLK,69.19999694824219,68.71399688720703,68.71399688720703,5,time_exit,LONG,LONG,0.5017856061458588,0.5080397725105286,0.49553143978118896,0.5080397725105286,0.4913438856601715,50.17856061458588,0.5019129812717438,2,False,True,True,52.0,True,0.3238578140735625,UNRANKED,,False,,,
2020-02-04,2020-02-05,2020-02-06,NOW,XLK,70.63400268554688,69.95999908447266,68.62686102730888,1,take_profit,SHORT,SHORT,0.4970962703227997,0.4912145137786865,0.5029780268669128,0.4912145137786865,0.46632352471351624,50.29037296772003,0.5019129812717438,1,True,False,True,52.0,True,0.2691577672958373,UNRANKED,,False,,,
2020-02-05,2020-02-06,2020-02-13,NOW,XLK,68.00199890136719,70.36199951171875,70.29942648751395,5,stop_loss,SHORT,SHORT,0.49626627564430237,0.49669063091278076,0.495841920375824,0.49669063091278076,0.5139011144638062,50.37337243556976,0.5019129812717438,1,True,False,True,52.0,True,0.35889637470245367,UNRANKED,,False,,,
2020-02-06,2020-02-07,2020-02-14,NOW,XLK,68.34200286865234,71.23200225830078,70.58371571132115,5,stop_loss,SHORT,SHORT,0.4986857771873474,0.5015296339988708,0.495841920375824,0.5015296339988708,0.4954576790332794,50.13142228126526,0.5019129812717438,2,False,True,True,52.0,True,-0.15194398164749162,UNRANKED,,False,,,
2020-02-07,2020-02-10,2020-02-13,NOW,XLK,68.14399719238281,71.49800109863281,70.33256694248745,3,stop_loss,SHORT,SHORT,0.4986857771873474,0.5015296339988708,0.495841920375824,0.5015296339988708,0.4568970501422882,50.13142228126526,0.5019129812717438,2,False,True,True,52.0,True,-0.364501953125,UNRANKED,,False,,,
2020-02-10,2020-02-11,2020-02-18,NOW,XLK,69.19200134277344,71.54399871826172,71.41628592354911,4,take_profit,LONG,LONG,0.5024252086877823,0.512243926525116,0.4926064908504486,0.45268542199488493,0.47127434611320496,50.24252086877823,0.509083092212677,2,False,True,True,58.333333333333336,False,0.048666268587112434,UNRANKED,,False,,,
2020-02-11,2020-02-12,2020-02-18,NOW,XLK,69.00399780273438,70.58799743652344,71.24742453438895,3,take_profit,LONG,LONG,0.5034738034009933,0.5143411159515381,0.4926064908504486,0.46511627906976744,0.49294599890708923,50.347380340099335,0.509083092212677,2,False,True,True,58.333333333333336,False,0.06437358260154724,UNRANKED,,False,,,
2020-02-12,2020-02-13,2020-02-21,NOW,XLK,69.5,68.89600372314453,68.89600372314453,5,time_exit,SHORT,SHORT,0.4899235963821411,0.4872407019138336,0.4926064908504486,0.45090845562543685,0.5438732504844666,51.00764036178589,0.509083092212677,1,True,False,True,58.333333333333336,False,0.19327178597450273,UNRANKED,,False,,,
2020-02-13,2020-02-14,2020-02-24,NOW,XLK,70.72799682617188,66.71199798583984,68.3479984828404,5,take_profit,SHORT,SHORT,0.49115416407585144,0.4897018373012543,0.4926064908504486,0.45090845562543685,0.5096680521965027,50.884583592414856,0.509083092212677,2,False,True,True,58.333333333333336,False,-0.23270472884178153,UNRANKED,,False,,,
2020-02-14,2020-02-18,2020-02-24,NOW,XLK,71.19999694824219,65.94400024414062,68.74599783761161,4,take_profit,SHORT,SHORT,0.4924800395965576,0.4923535883426666,0.4926064908504486,0.45090845562543685,0.48453885316848755,50.75199604034424,0.509083092212677,2,False,True,True,58.333333333333336,False,0.2040437459945678,UNRANKED,,False,,,
2020-02-18,2020-02-19,2020-02-21,NOW,XLK,71.75,66.85399627685547,69.44142968314034,2,stop_loss,LONG,LONG,0.5100036263465881,0.5199264883995056,0.5000807642936707,0.4690939881456393,0.5025270581245422,51.00036263465881,0.509083092212677,1,True,True,False,58.333333333333336,False,0.2677210867404939,UNRANKED,,False,,,
2020-02-19,2020-02-20,2020-02-21,NOW,XLK,71.54399871826172,64.0199966430664,69.26085771833148,1,take_profit,SHORT,SHORT,0.4993311017751694,0.4985814392566681,0.5000807642936707,0.45268542199488493,0.44786354899406433,50.06688982248306,0.509083092212677,2,False,True,True,58.333333333333336,False,0.32420986890792847,UNRANKED,,False,,,
2020-02-20,2020-02-21,2020-02-24,NOW,XLK,70.09600067138672,65.21800231933594,68.49600219726562,1,take_profit,SHORT,SHORT,0.4965064972639084,0.48667439818382263,0.5063385963439941,0.45090845562543685,0.5210455060005188,50.34935027360916,0.509083092212677,2,False,True,True,58.333333333333336,False,0.36085605621337885,UNRANKED,,False,,,
2020-02-21,2020-02-24,2020-03-02,NOW,XLK,65.46800231933594,68.87999725341797,67.21285792759487,5,take_profit,LONG,LONG,0.5201415717601776,0.5339445471763611,0.5063385963439941,0.4690939881456393,0.546345055103302,52.01415717601776,0.509083092212677,1,True,True,False,58.333333333333336,False,0.595097005367279,UNRANKED,,False,,,
2020-02-24,2020-02-25,2020-02-27,NOW,XLK,67.71199798583984,65.9260025024414,65.79714093889508,2,stop_loss,LONG,LONG,0.5238236784934998,0.5341892838478088,0.5134580731391907,0.4690939881456393,0.6049519777297974,52.382367849349976,0.509083092212677,1,True,True,False,58.333333333333336,False,1.2925532311201096,LOW,,True,3.4992986499533467,1.0,0.022557122022362663
2020-02-25,2020-02-26,2020-02-27,NOW,XLK,66.19999694824219,69.01399993896484,64.4277114868164,1,stop_loss,LONG,LONG,0.5142012387514114,0.5394172668457031,0.48898521065711975,0.5623342175066313,0.5664482116699219,51.420123875141144,0.509083092212677,1,True,True,False,58.333333333333336,False,0.7804663032293321,UNRANKED,,False,,,
2020-02-26,2020-02-27,2020-03-02,NOW,XLK,64.73799896240234,65.86599731445312,66.2537122453962,2,take_profit,LONG,LONG,0.5024401098489761,0.5158950090408325,0.48898521065711975,0.4690939881456393,0.5283980965614319,50.24401098489761,0.509083092212677,2,False,True,True,58.333333333333336,False,0.5644127726554871,UNRANKED,,False,,,
2020-02-27,2020-02-28,2020-03-02,NOW,XLK,62.0,63.448001861572266,63.82914188929966,1,take_profit,LONG,LONG,0.5038705170154572,0.5029283165931702,0.5048127174377441,0.45268542199488493,0.5236485600471497,50.387051701545715,0.509083092212677,2,False,True,True,58.333333333333336,False,0.8879688382148744,UNRANKED,,False,,,
2020-02-28,2020-03-02,2020-03-04,NOW,XLK,66.76599884033203,58.417999267578125,68.7479989188058,2,take_profit,LONG,LONG,0.5026218295097351,0.494594931602478,0.5106487274169922,0.45268542199488493,0.5086788535118103,50.26218295097351,0.509083092212677,2,False,True,True,58.333333333333336,False,0.7727529257535936,UNRANKED,,False,,,
2020-03-02,2020-03-03,2020-03-05,NOW,XLK,68.87799835205078,62.560001373291016,66.42171369280133,2,take_profit,SHORT,SHORT,0.4893026798963547,0.4815938472747803,0.4970115125179291,0.45090845562543685,0.48116856813430786,51.06973201036453,0.509083092212677,1,True,False,True,58.333333333333336,False,0.27330321073532104,UNRANKED,,False,,,
2020-03-03,2020-03-04,2020-03-06,NOW,XLK,67.3479995727539,58.125999450683594,64.49257223946708,2,take_profit,SHORT,SHORT,0.49884064495563507,0.5006697773933411,0.4970115125179291,0.45268542199488493,0.5609269738197327,50.11593550443649,0.509083092212677,2,False,True,True,58.333333333333336,False,0.5976941585540771,UNRANKED,,False,,,
2020-03-04,2020-03-05,2020-03-06,NOW,XLK,67.49800109863281,52.42399978637695,64.37943158830915,1,take_profit,SHORT,SHORT,0.487848699092865,0.4786858856678009,0.4970115125179291,0.45090845562543685,0.5433596968650818,51.2151300907135,0.509083092212677,1,True,False,True,58.333333333333336,False,0.5443686842918397,UNRANKED,,False,,,
2020-03-05,2020-03-06,2020-03-09,NOW,XLK,63.87799835205078,57.534000396728516,60.367142813546316,1,take_profit,SHORT,SHORT,0.4664473831653595,0.4358832538127899,0.4970115125179291,0.45090845562543685,0.60817950963974,53.35526168346405,0.509083092212677,1,True,False,True,58.333333333333336,False,0.33171910047531145,UNRANKED,,False,,,
2020-03-06,2020-03-09,2020-03-12,NOW,XLK,58.87799835205078,53.08599853515625,55.14600099836077,3,take_profit,SHORT,SHORT,0.4943062663078308,0.47796380519866943,0.5106487274169922,0.45090845562543685,0.6662737727165222,50.56937336921692,0.509083092212677,2,False,True,True,58.333333333333336,False,0.6440400481224061,UNRANKED,,False,,,
2020-03-09,2020-03-10,2020-03-12,NOW,XLK,60.47600173950195,57.48400115966797,56.06343242100307,2,stop_loss,LONG,LONG,0.5051203817129135,0.49959203600883484,0.5106487274169922,0.45268542199488493,0.6013976335525513,50.51203817129135,0.509083092212677,2,False,True,True,58.333333333333336,False,0.3416305184364319,LOW,,True,0.4645731778068003,-1.0,-0.08948538092923118
2020-03-10,2020-03-11,2020-03-12,NOW,XLK,60.99599838256836,55.63199996948242,55.998285566057476,1,take_profit,SHORT,SHORT,0.4854736030101776,0.47393569350242615,0.4970115125179291,0.45090845562543685,0.5822612643241882,51.45263969898224,0.509083092212677,1,True,False,True,58.333333333333336,False,0.2232410609722138,UNRANKED,,False,,,
2020-03-11,2020-03-12,2020-03-19,NOW,XLK,54.007999420166016,55.53200149536133,55.53200149536133,5,time_exit,SHORT,SHORT,0.49159789085388184,0.4725470542907715,0.5106487274169922,0.45090845562543685,0.6476621031761169,50.840210914611816,0.509083092212677,2,False,True,True,58.333333333333336,False,0.6153261661529541,UNRANKED,,False,,,
2020-03-12,2020-03-13,2020-03-20,NOW,XLK,55.481998443603516,50.939998626708984,50.939998626708984,5,time_exit,LONG,LONG,0.5083736479282379,0.5060985684394836,0.5106487274169922,0.45268542199488493,0.5963154435157776,50.83736479282379,0.509083092212677,2,False,True,True,58.333333333333336,False,0.16382446885108948,UNRANKED,,False,,,
2020-03-13,2020-03-16,2020-03-17,NOW,XLK,50.20199966430664,51.06399917602539,56.6874269757952,1,stop_loss,SHORT,SHORT,0.47164057195186615,0.4462696313858032,0.4970115125179291,0.45090845562543685,0.5887656211853027,52.835942804813385,0.509083092212677,1,True,False,True,58.333333333333336,False,0.06616076827049254,UNRANKED,,False,,,
2020-03-16,2020-03-17,2020-03-24,NOW,XLK,54.28200149536133,54.400001525878906,54.400001525878906,5,time_exit,LONG,LONG,0.5097719132900238,0.5088950991630554,0.5106487274169922,0.45268542199488493,0.5305576920509338,50.97719132900238,0.509083092212677,1,True,True,False,58.333333333333336,False,0.13175114989280676,UNRANKED,,False,,,
2020-03-17,2020-03-18,2020-03-25,NOW,XLK,53.20000076293945,52.933998107910156,52.933998107910156,5,time_exit,SHORT,SHORT,0.4922506660223007,0.48748981952667236,0.4970115125179291,0.45090845562543685,0.5991166234016418,50.77493339776993,0.509083092212677,2,False,True,True,58.333333333333336,False,0.592862993478775,UNRANKED,,False,,,
2020-03-18,2020-03-19,2020-03-26,NOW,XLK,55.29199981689453,58.94599914550781,58.94599914550781,5,time_exit,SHORT,SHORT,0.4908137917518616,0.47097885608673096,0.5106487274169922,0.45090845562543685,0.6183150410652161,50.91862082481384,0.509083092212677,1,True,False,True,58.333333333333336,False,0.5650547146797181,UNRANKED,,False,,,
2020-03-19,2020-03-20,2020-03-27,NOW,XLK,55.21200180053711,54.79999923706055,54.79999923706055,5,time_exit,SHORT,SHORT,0.4822390675544739,0.4674666225910187,0.4970115125179291,0.45090845562543685,0.6011462211608887,51.77609324455261,0.509083092212677,1,True,False,True,58.333333333333336,False,0.36456650495529164,UNRANKED,,False,,,
2020-03-20,2020-03-23,2020-03-26,NOW,XLK,50.97999954223633,57.27799987792969,58.325142996651785,3,take_profit,LONG,LONG,0.5150047540664673,0.5236150026321411,0.5063945055007935,0.4690939881456393,0.5611635446548462,51.50047540664673,0.509083092212677,1,True,True,False,58.333333333333336,False,0.2691027224063872,UNRANKED,,False,,,
2020-03-23,2020-03-24,2020-03-31,NOW,XLK,55.11600112915039,57.316001892089844,57.316001892089844,5,time_exit,SHORT,SHORT,0.49934646487236023,0.5021799206733704,0.4965130090713501,0.45268542199488493,0.6243307590484619,50.06535351276398,0.509083092212677,2,False,True,True,58.333333333333336,False,0.6082508265972137,UNRANKED,,False,,,
2020-03-24,2020-03-25,2020-04-01,NOW,XLK,54.470001220703125,54.61399841308594,54.61399841308594,5,time_exit,SHORT,SHORT,0.494627982378006,0.486789345741272,0.50246661901474,0.45090845562543685,0.5565271973609924,50.5372017621994,0.509083092212677,2,False,True,True,58.333333333333336,False,-0.14561915397644049,UNRANKED,,False,,,
2020-03-25,2020-03-26,2020-04-02,NOW,XLK,53.9379997253418,51.79999923706055,51.79999923706055,5,time_exit,SHORT,SHORT,0.44662630558013916,0.39078599214553833,0.50246661901474,0.4,0.5265763401985168,55.337369441986084,0.509083092212677,1,True,False,True,58.333333333333336,False,-1.487344369292259,UNRANKED,,False,,,
2020-03-26,2020-03-27,2020-04-03,NOW,XLK,56.82600021362305,49.91400146484375,49.91400146484375,5,time_exit,SHORT,SHORT,0.4440702497959137,0.3856738805770874,0.50246661901474,0.4,0.5320632457733154,55.59297502040863,0.509083092212677,1,True,False,True,58.333333333333336,False,-1.8520676642656326,UNRANKED,,False,,,
2020-03-27,2020-03-30,2020-04-06,NOW,XLK,55.55400085449219,53.9900016784668,53.9900016784668,5,time_exit,SHORT,SHORT,0.46826784312725067,0.43406906723976135,0.50246661901474,0.45090845562543685,0.5235085487365723,53.17321568727493,0.509083092212677,1,True,False,True,58.333333333333336,False,-1.4556746780872345,UNRANKED,,False,,,
2020-03-30,2020-03-31,2020-04-03,NOW,XLK,57.917999267578125,52.470001220703125,51.03256825038365,3,take_profit,SHORT,SHORT,0.44976720213890076,0.3970677852630615,0.50246661901474,0.4,0.5381456017494202,55.023279786109924,0.509083092212677,1,True,False,True,58.333333333333336,False,-1.493156060576439,UNRANKED,,False,,,
2020-03-31,2020-04-01,2020-04-08,NOW,XLK,54.87799835205078,54.810001373291016,54.810001373291016,5,time_exit,LONG,LONG,0.5000023394823074,0.5029931664466858,0.4970115125179291,0.45268542199488493,0.5659889578819275,50.00023394823074,0.509083092212677,2,False,True,True,58.333333333333336,False,0.18989726901054385,UNRANKED,,False,,,
2020-04-01,2020-04-02,2020-04-09,NOW,XLK,53.0,55.61199951171875,55.61199951171875,5,time_exit,LONG,LONG,0.5246936678886414,0.5387386083602905,0.5106487274169922,0.5623342175066313,0.5072238445281982,52.469366788864136,0.509083092212677,1,True,True,False,58.333333333333336,False,1.139545738697052,UNRANKED,,False,,,
2020-04-02,2020-04-03,2020-04-13,NOW,XLK,51.77000045776367,56.71200180053711,56.71200180053711,5,time_exit,LONG,LONG,0.5134022384881973,0.5297929644584656,0.4970115125179291,0.4690939881456393,0.5580043196678162,51.34022384881973,0.509083092212677,1,True,True,False,58.333333333333336,False,0.8830030560493468,UNRANKED,,False,,,
2020-04-03,2020-04-06,2020-04-14,NOW,XLK,51.89799880981445,60.417999267578125,57.032858167375835,5,take_profit,LONG,LONG,0.5044810175895691,0.5025675296783447,0.5063945055007935,0.45268542199488493,0.6029682755470276,50.44810175895691,0.509083092212677,2,False,True,True,58.333333333333336,False,0.5393748581409454,LOW,,True,0.8848251960201934,1.0,0.23807208833946797
2020-04-06,2020-04-07,2020-04-15,NOW,XLK,55.400001525878906,59.183998107910156,59.183998107910156,5,time_exit,SHORT,SHORT,0.49354200065135956,0.49007248878479004,0.4970115125179291,0.45090845562543685,0.5816040635108948,50.645799934864044,0.509083092212677,2,False,True,True,58.333333333333336,False,0.7152530252933503,UNRANKED,,False,,,
2020-04-07,2020-04-08,2020-04-14,NOW,XLK,53.28799819946289,58.38800048828125,58.32942853655134,3,stop_loss,SHORT,SHORT,0.49828365445137024,0.49674487113952637,0.4998224377632141,0.45268542199488493,0.4912460446357727,50.171634554862976,0.509083092212677,2,False,True,True,58.333333333333336,False,-0.8366675227880479,UNRANKED,,False,,,
2020-04-08,2020-04-09,2020-04-17,NOW,XLK,55.215999603271484,59.917999267578125,59.917999267578125,5,time_exit,SHORT,SHORT,0.466383159160614,0.4329438805580139,0.4998224377632141,0.43243243243243246,0.5487054586410522,53.3616840839386,0.509083092212677,1,True,False,True,58.333333333333336,False,-0.99162320792675,UNRANKED,,False,,,
2020-04-09,2020-04-13,2020-04-14,NOW,XLK,55.35200119018555,60.492000579833984,60.172002519880024,1,stop_loss,SHORT,SHORT,0.4514336436986923,0.40304484963417053,0.4998224377632141,0.4,0.5588680505752563,54.85663563013077,0.509083092212677,1,True,False,True,58.333333333333336,False,-1.4198728650808337,UNRANKED,,False,,,
2020-04-13,2020-04-14,2020-04-21,NOW,XLK,59.400001525878906,57.75400161743164,57.75400161743164,5,time_exit,SHORT,SHORT,0.4450012445449829,0.3901800513267517,0.4998224377632141,0.4,0.6106564998626709,55.49987554550171,0.509083092212677,1,True,False,True,58.333333333333336,False,-0.7087872475385665,UNRANKED,,False,,,
2020-04-14,2020-04-15,2020-04-22,NOW,XLK,59.44200134277344,59.922000885009766,59.922000885009766,5,time_exit,LONG,LONG,0.5067092180252075,0.5135959982872009,0.4998224377632141,0.45268542199488493,0.5140609741210938,50.67092180252075,0.509083092212677,2,False,True,True,58.333333333333336,False,-0.576114594936371,UNRANKED,,False,,,
2020-04-15,2020-04-16,2020-04-23,NOW,XLK,60.09600067138672,59.46200180053711,59.46200180053711,5,time_exit,LONG,LONG,0.5427783131599426,0.5720985531806946,0.5134580731391907,0.6666666666666666,0.5241623520851135,54.27783131599426,0.509083092212677,1,True,True,False,58.333333333333336,False,0.3037280142307282,UNRANKED,,False,,,
2020-04-16,2020-04-17,2020-04-24,NOW,XLK,60.417999267578125,60.5880012512207,60.5880012512207,5,time_exit,LONG,LONG,0.5334054231643677,0.5533527731895447,0.5134580731391907,0.5634920634920635,0.4864276349544525,53.34054231643677,0.509083092212677,1,True,True,False,58.333333333333336,False,0.8144031167030336,UNRANKED,,False,,,
2020-04-17,2020-04-20,2020-04-27,NOW,XLK,59.63800048828125,61.720001220703125,61.720001220703125,5,time_exit,LONG,LONG,0.5116162300109863,0.5234100222587585,0.4998224377632141,0.4690939881456393,0.4753466546535492,51.16162300109863,0.509083092212677,1,True,True,False,58.333333333333336,False,-0.2700970768928529,UNRANKED,,False,,,
2020-04-20,2020-04-21,2020-04-28,NOW,XLK,59.79199981689453,59.20000076293945,59.20000076293945,5,time_exit,SHORT,SHORT,0.4991884231567383,0.4849187731742859,0.5134580731391907,0.45090845562543685,0.5662971138954163,50.08115768432617,0.509083092212677,2,False,True,True,58.333333333333336,False,-0.3674928545951844,UNRANKED,,False,,,
2020-04-21,2020-04-22,2020-04-29,NOW,XLK,59.183998107910156,64.39800262451172,63.15799767630441,5,take_profit,LONG,LONG,0.5415804386138916,0.5697028040885925,0.5134580731391907,0.5833333333333334,0.5370203852653503,54.15804386138916,0.509083092212677,1,True,True,False,58.333333333333336,False,0.5029151290655134,UNRANKED,,False,,,
2020-04-22,2020-04-23,2020-04-29,NOW,XLK,60.0,70.30799865722656,63.89771325247629,4,stop_loss,SHORT,SHORT,0.4683138430118561,0.4231696128845215,0.5134580731391907,0.42207792207792205,0.6068769097328186,53.16861569881439,0.509083092212677,1,True,False,True,58.333333333333336,False,-0.5651544183492662,UNRANKED,,False,,,
2020-04-23,2020-04-24,2020-04-29,NOW,XLK,59.50600051879883,67.9020004272461,63.06742804391043,3,stop_loss,SHORT,SHORT,0.4385457932949066,0.3772691488265991,0.4998224377632141,0.2972972972972973,0.6606179475784302,56.14542067050934,0.509083092212677,1,True,False,True,58.333333333333336,False,-1.346348375082016,UNRANKED,,False,,,
2020-04-24,2020-04-27,2020-04-30,NOW,XLK,61.50600051879883,70.9280014038086,64.95885685511998,3,stop_loss,SHORT,SHORT,0.497133269906044,0.500701904296875,0.493564635515213,0.45268542199488493,0.5137656927108765,50.2866730093956,0.509083092212677,2,False,True,True,58.333333333333336,False,0.299162745475769,UNRANKED,,False,,,
2020-04-27,2020-04-28,2020-04-30,NOW,XLK,62.55799865722656,74.12799835205078,65.59028353009906,2,stop_loss,SHORT,SHORT,0.4944772273302078,0.49538981914520264,0.493564635515213,0.45268542199488493,0.5607565641403198,50.55227726697922,0.509083092212677,2,False,True,True,58.333333333333336,False,-1.1536710113286972,UNRANKED,,False,,,
2020-04-28,2020-04-29,2020-04-30,NOW,XLK,60.31999969482422,73.0780029296875,63.49514171055385,1,stop_loss,SHORT,SHORT,0.4962328374385834,0.49890103936195374,0.493564635515213,0.45268542199488493,0.5432310700416565,50.37671625614166,0.509083092212677,2,False,True,True,58.333333333333336,False,-1.298113077878952,UNRANKED,,False,,,
2020-04-29,2020-04-30,2020-05-04,NOW,XLK,65.56800079345703,76.36599731445312,69.151428767613,2,stop_loss,SHORT,SHORT,0.45439326763153076,0.4089640974998474,0.4998224377632141,0.42207792207792205,0.5752317905426025,54.560673236846924,0.509083092212677,1,True,False,True,58.333333333333336,False,-0.836783066391945,UNRANKED,,False,,,
2020-04-30,2020-05-01,2020-05-05,NOW,XLK,68.41799926757812,75.4520034790039,72.73114122663226,2,stop_loss,SHORT,SHORT,0.47875480353832245,0.4440515339374542,0.5134580731391907,0.45090845562543685,0.6122477054595947,52.124519646167755,0.509083092212677,1,True,False,True,58.333333333333336,False,-0.4372763037681582,UNRANKED,,False,,,
2020-05-01,2020-05-04,2020-05-05,NOW,XLK,67.30400085449219,76.7300033569336,71.80371366228376,1,take_profit,LONG,LONG,0.5084210634231567,0.5033840537071228,0.5134580731391907,0.45268542199488493,0.5843161940574646,50.842106342315674,0.509083092212677,2,False,True,True,58.333333333333336,False,0.6911495476961137,UNRANKED,,False,,,
2020-05-04,2020-05-05,2020-05-11,NOW,XLK,72.0,73.12000274658203,76.40257045200893,4,take_profit,LONG,LONG,0.5238402485847473,0.534222424030304,0.5134580731391907,0.4690939881456393,0.4925925135612488,52.38402485847473,0.509083092212677,1,True,True,False,58.333333333333336,False,0.5564596801996231,UNRANKED,,False,,,
2020-05-05,2020-05-06,2020-05-13,NOW,XLK,74.9260025024414,72.25800323486328,72.25800323486328,5,time_exit,LONG,LONG,0.5131620764732361,0.5128660798072815,0.5134580731391907,0.45268542199488493,0.4726693332195282,51.31620764732361,0.509083092212677,1,True,True,False,58.333333333333336,False,-0.23572658002376545,UNRANKED,,False,,,
2020-05-06,2020-05-07,2020-05-14,NOW,XLK,73.79399871826172,73.56600189208984,73.56600189208984,5,time_exit,LONG,LONG,0.5250830948352814,0.5367081165313721,0.5134580731391907,0.4690939881456393,0.47825145721435547,52.50830948352814,0.509083092212677,1,True,True,False,58.333333333333336,False,-0.37134334444999684,UNRANKED,,False,,,
2020-05-07,2020-05-08,2020-05-15,NOW,XLK,76.80000305175781,74.09200286865234,74.09200286865234,5,time_exit,SHORT,SHORT,0.4912296235561371,0.48263680934906006,0.4998224377632141,0.45090845562543685,0.5356343984603882,50.87703764438629,0.509083092212677,2,False,True,True,58.333333333333336,False,-1.2911494225263596,UNRANKED,,False,,,
2020-05-08,2020-05-11,2020-05-18,NOW,XLK,75.0,74.9739990234375,74.9739990234375,5,time_exit,SHORT,SHORT,0.45368732511997223,0.40755221247673035,0.4998224377632141,0.4,0.5088449120521545,54.63126748800278,0.509083092212677,1,True,False,True,58.333333333333336,False,-0.516155645251274,UNRANKED,,False,,,
2020-05-11,2020-05-12,2020-05-19,NOW,XLK,76.82599639892578,76.57599639892578,76.57599639892578,5,time_exit,SHORT,SHORT,0.4826228469610214,0.46542325615882874,0.4998224377632141,0.45090845562543685,0.5308491587638855,51.73771530389786,0.509083092212677,1,True,False,True,58.333333333333336,False,-0.5413015484809874,UNRANKED,,False,,,
2020-05-12,2020-05-13,2020-05-20,NOW,XLK,73.2020034790039,78.03199768066406,78.03199768066406,5,time_exit,LONG,LONG,0.5133076906204224,0.513157308101654,0.5134580731391907,0.45268542199488493,0.5306122303009033,51.330769062042236,0.509083092212677,1,True,True,False,58.333333333333336,False,0.6180427372455597,UNRANKED,,False,,,
2020-05-13,2020-05-14,2020-05-20,NOW,XLK,71.74199676513672,76.72799682617188,76.81627927507672,4,take_profit,LONG,LONG,0.5303240716457367,0.5534454584121704,0.507202684879303,0.5634920634920635,0.5484175682067871,53.03240716457367,0.509083092212677,1,True,True,False,58.333333333333336,False,0.22929063439369196,UNRANKED,,False,,,
2020-05-14,2020-05-15,2020-05-22,NOW,XLK,73.08999633789062,77.59200286865234,77.59200286865234,5,time_exit,LONG,LONG,0.5073957443237305,0.5041427612304688,0.5106487274169922,0.45268542199488493,0.47034284472465515,50.73957443237305,0.509083092212677,2,False,True,True,58.333333333333336,False,0.14275898039340962,UNRANKED,,False,,,
2020-05-15,2020-05-18,2020-05-26,NOW,XLK,75.5999984741211,76.13400268554688,76.13400268554688,5,time_exit,SHORT,SHORT,0.4915022701025009,0.48599302768707275,0.4970115125179291,0.45090845562543685,0.5750399231910706,50.84977298974991,0.509083092212677,2,False,True,True,58.333333333333336,False,0.06346693634986886,UNRANKED,,False,,,
2020-05-18,2020-05-19,2020-05-27,NOW,XLK,75.0,74.23200225830078,74.23200225830078,5,time_exit,SHORT,SHORT,0.4635514169931412,0.43353819847106934,0.493564635515213,0.43243243243243246,0.522696852684021,53.64485830068588,0.509083092212677,1,True,False,True,58.333333333333336,False,-1.17785632610321,UNRANKED,,False,,,
2020-05-19,2020-05-20,2020-05-28,NOW,XLK,78.0,75.59600067138672,75.59600067138672,5,time_exit,SHORT,SHORT,0.4153478890657425,0.337131142616272,0.493564635515213,0.0,0.610507607460022,58.46521109342575,0.509083092212677,1,True,False,True,58.333333333333336,False,-1.3934825658798218,UNRANKED,,False,,,
2020-05-20,2020-05-21,2020-05-27,NOW,XLK,78.10399627685547,77.58599853515625,74.47428567068917,3,take_profit,SHORT,SHORT,0.4437858760356903,0.3940071165561676,0.493564635515213,0.4,0.543687105178833,55.62141239643097,0.509083092212677,1,True,False,True,58.333333333333336,False,-1.2854111045598982,UNRANKED,,False,,,
2020-05-21,2020-05-22,2020-05-27,NOW,XLK,77.80799865722656,76.67400360107422,74.3357162475586,2,take_profit,SHORT,SHORT,0.4769648462533951,0.45410725474357605,0.4998224377632141,0.45090845562543685,0.5353851318359375,52.30351537466049,0.509083092212677,1,True,False,True,58.333333333333336,False,-1.638107419013977,UNRANKED,,False,,,
2020-05-22,2020-05-26,2020-05-27,NOW,XLK,79.22599792480469,78.58000183105469,76.0625719342913,1,take_profit,SHORT,SHORT,0.49422208964824677,0.4909681975841522,0.4974759817123413,0.45090845562543685,0.6221609115600586,50.57779103517532,0.509083092212677,2,False,True,True,58.333333333333336,False,-0.35132017731666565,UNRANKED,,False,,,
2020-05-26,2020-05-27,2020-06-02,NOW,XLK,75.61000061035156,77.61799621582031,78.52456992013114,4,stop_loss,SHORT,SHORT,0.4931681752204895,0.4865139126777649,0.4998224377632141,0.45090845562543685,0.5641933083534241,50.68318247795105,0.509083092212677,2,False,True,True,58.333333333333336,False,-0.6625876575708392,UNRANKED,,False,,,
2020-05-27,2020-05-28,2020-05-29,NOW,XLK,74.0,75.38999938964844,77.03628431047711,1,stop_loss,SHORT,SHORT,0.4652678966522217,0.43071335554122925,0.4998224377632141,0.43243243243243246,0.5444056987762451,53.47321033477783,0.509083092212677,1,True,False,True,58.333333333333336,False,-0.7088278234004975,UNRANKED,,False,,,
2020-05-28,2020-05-29,2020-06-05,NOW,XLK,76.28199768066406,78.09200286865234,78.09200286865234,5,time_exit,LONG,LONG,0.5127102732658386,0.5255981087684631,0.4998224377632141,0.4690939881456393,0.544725239276886,51.27102732658386,0.509083092212677,1,True,True,False,58.333333333333336,False,0.04272836446762088,UNRANKED,,False,,,
2020-05-29,2020-06-01,2020-06-08,NOW,XLK,77.01200103759766,77.3280029296875,77.3280029296875,5,time_exit,LONG,LONG,0.5128061473369598,0.5257898569107056,0.4998224377632141,0.4690939881456393,0.4848044216632843,51.280614733695984,0.509083092212677,1,True,True,False,58.333333333333336,False,-0.9030400812625884,UNRANKED,,False,,,
2020-06-01,2020-06-02,2020-06-09,NOW,XLK,76.88999938964844,77.76599884033203,77.76599884033203,5,time_exit,LONG,LONG,0.5109055638313293,0.5219886898994446,0.4998224377632141,0.4690939881456393,0.5863673090934753,51.090556383132935,0.509083092212677,1,True,True,False,58.333333333333336,False,0.6196037232875824,UNRANKED,,False,,,
2020-06-02,2020-06-03,2020-06-10,NOW,XLK,77.99800109863281,80.33200073242188,80.33200073242188,5,time_exit,SHORT,SHORT,0.4916575103998184,0.48349258303642273,0.4998224377632141,0.45090845562543685,0.5572329163551331,50.83424896001816,0.509083092212677,2,False,True,True,58.333333333333336,False,-0.021990418434143007,UNRANKED,,False,,,
2020-06-03,2020-06-04,2020-06-10,NOW,XLK,77.13800048828125,75.01000213623047,79.77171434674945,4,take_profit,LONG,LONG,0.500452071428299,0.5010817050933838,0.4998224377632141,0.45268542199488493,0.4931410849094391,50.045207142829895,0.509083092212677,2,False,True,True,58.333333333333336,False,-0.052227228879928554,UNRANKED,,False,,,
2020-06-04,2020-06-05,2020-06-08,NOW,XLK,74.0,77.0260009765625,76.76514216831752,1,take_profit,LONG,LONG,0.5036648809909821,0.50750732421875,0.4998224377632141,0.45268542199488493,0.5294387936592102,50.366488099098206,0.509083092212677,2,False,True,True,58.333333333333336,False,-0.34932783246040344,UNRANKED,,False,,,
2020-06-05,2020-06-08,2020-06-15,NOW,XLK,77.31600189208984,78.5,78.5,5,time_exit,SHORT,SHORT,0.4711594730615616,0.44249650835990906,0.4998224377632141,0.45090845562543685,0.5470841526985168,52.88405269384384,0.509083092212677,1,True,False,True,58.333333333333336,False,-0.8868510425090789,UNRANKED,,False,,,
2020-06-08,2020-06-09,2020-06-11,NOW,XLK,78.19599914550781,79.69200134277344,75.13685607910156,2,take_profit,SHORT,SHORT,0.47279487550258636,0.4457673132419586,0.4998224377632141,0.45090845562543685,0.49824219942092896,52.72051244974136,0.509083092212677,1,True,False,True,58.333333333333336,False,-0.83317694067955,UNRANKED,,False,,,
2020-06-09,2020-06-10,2020-06-11,NOW,XLK,78.46800231933594,80.12999725341797,75.5751451764788,1,stop_loss,LONG,LONG,0.5317931175231934,0.550128161907196,0.5134580731391907,0.5634920634920635,0.4450809359550476,53.179311752319336,0.509083092212677,1,True,True,False,58.333333333333336,False,0.00577861070632929,UNRANKED,,False,,,
2020-06-10,2020-06-11,2020-06-18,NOW,XLK,78.76599884033203,80.20600128173828,80.20600128173828,5,time_exit,LONG,LONG,0.525471568107605,0.5374850630760193,0.5134580731391907,0.4690939881456393,0.43361184000968933,52.5471568107605,0.509083092212677,1,True,True,False,58.333333333333336,False,0.4033832848072051,UNRANKED,,False,,,
2020-06-11,2020-06-12,2020-06-19,NOW,XLK,77.52400207519531,79.9739990234375,79.9739990234375,5,time_exit,SHORT,SHORT,0.49369822442531586,0.47393837571144104,0.5134580731391907,0.45090845562543685,0.5665790438652039,50.630177557468414,0.509083092212677,2,False,True,True,58.333333333333336,False,0.635623812675476,UNRANKED,,False,,,
2020-06-12,2020-06-15,2020-06-16,NOW,XLK,75.63999938964844,80.56400299072266,79.42999812534877,1,take_profit,LONG,LONG,0.5141607224941254,0.5148633718490601,0.5134580731391907,0.4690939881456393,0.4567745625972748,51.41607224941254,0.509083092212677,1,True,True,False,58.333333333333336,False,0.4152954816818237,UNRANKED,,False,,,
2020-06-15,2020-06-16,2020-06-23,NOW,XLK,80.0,80.18800354003906,80.18800354003906,5,time_exit,SHORT,SHORT,0.4728451520204544,0.4458678662776947,0.4998224377632141,0.45090845562543685,0.5509357452392578,52.71548479795456,0.509083092212677,1,True,False,True,58.333333333333336,False,-0.7338220328092577,UNRANKED,,False,,,
2020-06-16,2020-06-17,2020-06-24,NOW,XLK,80.00199890136719,78.58599853515625,78.58599853515625,5,time_exit,SHORT,SHORT,0.49852703511714935,0.4972316324710846,0.4998224377632141,0.45268542199488493,0.46900051832199097,50.147296488285065,0.509083092212677,2,False,True,True,58.333333333333336,False,-0.3014694452285767,UNRANKED,,False,,,
2020-06-17,2020-06-18,2020-06-25,NOW,XLK,80.4520034790039,80.3280029296875,80.3280029296875,5,time_exit,SHORT,SHORT,0.4837061017751694,0.46758976578712463,0.4998224377632141,0.45090845562543685,0.5229454636573792,51.62938982248306,0.509083092212677,1,True,False,True,58.333333333333336,False,-1.2431010007858276,UNRANKED,,False,,,
2020-06-18,2020-06-19,2020-06-26,NOW,XLK,81.25,79.99400329589844,79.99400329589844,5,time_exit,SHORT,SHORT,0.47580650448799133,0.45179057121276855,0.4998224377632141,0.45090845562543685,0.49412891268730164,52.41934955120087,0.509083092212677,1,True,False,True,58.333333333333336,False,-0.4192354679107665,UNRANKED,,False,,,
2020-06-19,2020-06-22,2020-06-29,NOW,XLK,79.28399658203125,78.91000366210938,78.91000366210938,5,time_exit,SHORT,SHORT,0.49168847501277924,0.4761742651462555,0.507202684879303,0.45090845562543685,0.491593599319458,50.831152498722076,0.509083092212677,2,False,True,True,58.333333333333336,False,0.47013205289840687,UNRANKED,,False,,,
2020-06-22,2020-06-23,2020-06-24,NOW,XLK,81.5999984741211,81.01200103759766,78.59999738420758,1,take_profit,SHORT,SHORT,0.476437509059906,0.459310382604599,0.493564635515213,0.45090845562543685,0.509915828704834,52.3562490940094,0.509083092212677,1,True,False,True,58.333333333333336,False,0.190534085035324,UNRANKED,,False,,,
2020-06-23,2020-06-24,2020-07-01,NOW,XLK,79.95600128173828,83.35800170898438,82.87228720528739,5,stop_loss,SHORT,SHORT,0.4988933950662613,0.4913922846317291,0.5063945055007935,0.45090845562543685,0.48221126198768616,50.11066049337387,0.509083092212677,2,False,True,True,58.333333333333336,False,0.2441760450601578,UNRANKED,,False,,,
2020-06-24,2020-06-25,2020-07-01,NOW,XLK,78.34400177001953,82.84200286865234,81.17086029052734,4,take_profit,LONG,LONG,0.5086404979228973,0.5066322684288025,0.5106487274169922,0.45268542199488493,0.39126378297805786,50.864049792289734,0.509083092212677,2,False,True,True,58.333333333333336,False,-0.13970308005809787,UNRANKED,,False,,,
2020-06-25,2020-06-26,2020-07-01,NOW,XLK,80.36599731445312,83.28800201416016,83.0557131086077,3,stop_loss,SHORT,SHORT,0.49406176805496216,0.48172903060913086,0.5063945055007935,0.45090845562543685,0.46386921405792236,50.593823194503784,0.509083092212677,2,False,True,True,58.333333333333336,False,-0.5083992928266525,UNRANKED,,False,,,
2020-06-26,2020-06-29,2020-07-01,NOW,XLK,80.2959976196289,82.3479995727539,82.92428479875836,2,stop_loss,SHORT,SHORT,0.48365508019924164,0.45121023058891296,0.5160999298095703,0.45090845562543685,0.5275371670722961,51.634491980075836,0.509083092212677,1,True,False,True,58.333333333333336,False,0.7789373695850372,UNRANKED,,False,,,
2020-06-29,2020-06-30,2020-07-01,NOW,XLK,78.97599792480469,85.04000091552734,81.69657135009766,1,stop_loss,SHORT,SHORT,0.4699245095252991,0.43738240003585815,0.50246661901474,0.45090845562543685,0.43580472469329834,53.00754904747009,0.509083092212677,1,True,False,True,58.333333333333336,False,-0.50261989235878,UNRANKED,,False,,,
2020-06-30,2020-07-01,2020-07-08,NOW,XLK,81.07599639892578,85.27400207519531,83.73028346470424,4,stop_loss,SHORT,SHORT,0.43579068779945374,0.3691147565841675,0.50246661901474,0.2972972972972973,0.4996488094329834,56.42093122005463,0.509083092212677,1,True,False,True,58.333333333333336,False,0.19098258018493652,UNRANKED,,False,,,
2020-07-01,2020-07-02,2020-07-10,NOW,XLK,84.26200103759766,84.58200073242188,84.58200073242188,5,time_exit,SHORT,SHORT,0.45659178495407104,0.4107169508934021,0.50246661901474,0.42207792207792205,0.4682665765285492,54.340821504592896,0.509083092212677,1,True,False,True,58.333333333333336,False,-1.1303103268146515,UNRANKED,,False,,,
2020-07-02,2020-07-06,2020-07-13,NOW,XLK,83.85800170898438,80.3740005493164,81.84314291817802,5,stop_loss,LONG,LONG,0.507588267326355,0.51270991563797,0.50246661901474,0.45268542199488493,0.44977229833602905,50.7588267326355,0.509083092212677,2,False,True,True,58.333333333333336,False,-0.567030280828476,UNRANKED,,False,,,
2020-07-06,2020-07-07,2020-07-09,NOW,XLK,83.28800201416016,82.64600372314453,85.156003679548,2,take_profit,LONG,LONG,0.5039573609828949,0.5015202164649963,0.5063945055007935,0.45268542199488493,0.5050480365753174,50.39573609828949,0.509083092212677,2,False,True,True,58.333333333333336,False,0.8329567015171051,UNRANKED,,False,,,
2020-07-07,2020-07-08,2020-07-09,NOW,XLK,83.36000061035156,84.71199798583984,85.19200243268695,1,stop_loss,SHORT,SHORT,0.4950685054063797,0.48374250531196594,0.5063945055007935,0.45090845562543685,0.45067450404167175,50.49314945936203,0.509083092212677,2,False,True,True,58.333333333333336,False,0.17343354225158697,UNRANKED,,False,,,
2020-07-08,2020-07-09,2020-07-13,NOW,XLK,85.5999984741211,82.7760009765625,83.4459958757673,2,take_profit,SHORT,SHORT,0.49262869358062744,0.49169275164604187,0.493564635515213,0.45090845562543685,0.4511895775794983,50.737130641937256,0.509083092212677,2,False,True,True,58.333333333333336,False,0.13989177346229548,UNRANKED,,False,,,
2020-07-09,2020-07-10,2020-07-13,NOW,XLK,85.30000305175781,84.36199951171875,83.12342943464007,1,stop_loss,LONG,LONG,0.5044845342636108,0.5025745630264282,0.5063945055007935,0.45268542199488493,0.42260608077049255,50.448453426361084,0.509083092212677,2,False,True,True,58.333333333333336,False,0.2946901023387908,UNRANKED,,False,,,
2020-07-10,2020-07-13,2020-07-14,NOW,XLK,85.0,89.85399627685547,82.75771222795758,1,take_profit,SHORT,SHORT,0.4836440980434418,0.47372356057167053,0.493564635515213,0.45090845562543685,0.4724150598049164,51.63559019565582,0.509083092212677,1,True,False,True,58.333333333333336,False,-0.265087217092514,UNRANKED,,False,,,
2020-07-13,2020-07-14,2020-07-15,NOW,XLK,80.0,87.44400024414062,82.75914437430245,1,take_profit,LONG,LONG,0.5145541131496429,0.5266416072845459,0.50246661901474,0.4690939881456393,0.4480588436126709,51.455411314964294,0.509083092212677,1,True,True,False,58.333333333333336,False,0.44059035181999195,UNRANKED,,False,,,
2020-07-14,2020-07-15,2020-07-20,NOW,XLK,84.5780029296875,88.31999969482422,87.60800497872489,3,stop_loss,SHORT,SHORT,0.46951591968536377,0.4454672038555145,0.493564635515213,0.45090845562543685,0.47638654708862305,53.04840803146362,0.509083092212677,1,True,False,True,58.333333333333336,False,-0.48464912176132197,UNRANKED,,False,,,
2020-07-15,2020-07-16,2020-07-20,NOW,XLK,83.21199798583984,86.16999816894531,86.30828421456474,2,stop_loss,SHORT,SHORT,0.43600355088710785,0.3784424662590027,0.493564635515213,0.2972972972972973,0.5851801037788391,56.399644911289215,0.509083092212677,1,True,False,True,58.333333333333336,False,-1.2114936411380766,UNRANKED,,False,,,
2020-07-16,2020-07-17,2020-07-20,NOW,XLK,83.1500015258789,85.03800201416016,86.2740009852818,1,stop_loss,SHORT,SHORT,0.4649849981069565,0.43640536069869995,0.493564635515213,0.45090845562543685,0.45855966210365295,53.50150018930435,0.509083092212677,1,True,False,True,58.333333333333336,False,-0.9539290070533755,UNRANKED,,False,,,
2020-07-17,2020-07-20,2020-07-22,NOW,XLK,85.0,86.76200103759766,88.3028564453125,2,stop_loss,SHORT,SHORT,0.4458164572715759,0.39806827902793884,0.493564635515213,0.4,0.49705344438552856,55.41835427284241,0.509083092212677,1,True,False,True,58.333333333333336,False,-0.969286561012268,UNRANKED,,False,,,
2020-07-20,2020-07-21,2020-07-24,NOW,XLK,89.44599914550781,87.00800323486328,85.51342882428851,3,take_profit,SHORT,SHORT,0.4962981641292572,0.4927738904953003,0.4998224377632141,0.45090845562543685,0.5622021555900574,50.37018358707428,0.509083092212677,2,False,True,True,58.333333333333336,False,-0.31723687052726757,UNRANKED,,False,,,
2020-07-21,2020-07-22,2020-07-29,NOW,XLK,88.0,89.14199829101562,89.14199829101562,5,time_exit,LONG,LONG,0.503390908241272,0.5069593787193298,0.4998224377632141,0.45268542199488493,0.5421071648597717,50.3390908241272,0.509083092212677,2,False,True,True,58.333333333333336,False,-0.2735918909311294,UNRANKED,,False,,,
2020-07-22,2020-07-23,2020-07-30,NOW,XLK,88.22000122070312,86.27999877929688,86.27999877929688,5,time_exit,LONG,LONG,0.5055104792118073,0.5111985206604004,0.4998224377632141,0.45268542199488493,0.463815301656723,50.551047921180725,0.509083092212677,2,False,True,True,58.333333333333336,False,-0.4069685637950896,UNRANKED,,False,,,
2020-07-23,2020-07-24,2020-07-29,NOW,XLK,84.05599975585938,87.83999633789062,88.05599866594586,3,take_profit,LONG,LONG,0.5070874691009521,0.5143525004386902,0.4998224377632141,0.46611317390019685,0.4823051393032074,50.708746910095215,0.509083092212677,2,False,True,True,58.333333333333336,False,-0.3184662461280821,UNRANKED,,False,,,
2020-07-24,2020-07-27,2020-08-03,NOW,XLK,86.0,87.99199676513672,87.99199676513672,5,time_exit,LONG,LONG,0.518305629491806,0.536788821220398,0.4998224377632141,0.4690939881456393,0.3888365924358368,51.8305629491806,0.509083092212677,1,True,True,False,58.333333333333336,False,-0.13412430882453907,UNRANKED,,False,,,
2020-07-27,2020-07-28,2020-08-04,NOW,XLK,87.0,87.62999725341797,87.62999725341797,5,time_exit,LONG,LONG,0.5041109621524811,0.508399486541748,0.4998224377632141,0.45268542199488493,0.4737488925457001,50.41109621524811,0.509083092212677,2,False,True,True,58.333333333333336,False,-0.41033700108528137,UNRANKED,,False,,,
2020-07-28,2020-07-29,2020-08-05,NOW,XLK,88.51399993896484,87.14800262451172,87.14800262451172,5,time_exit,LONG,LONG,0.5145947933197021,0.5293671488761902,0.4998224377632141,0.4690939881456393,0.3972485661506653,51.459479331970215,0.509083092212677,1,True,True,False,58.333333333333336,False,-0.37689509987831116,UNRANKED,,False,,,
2020-07-29,2020-07-30,2020-08-06,NOW,XLK,86.54399871826172,86.06600189208984,86.06600189208984,5,time_exit,LONG,LONG,0.5120431184768677,0.5242637991905212,0.4998224377632141,0.4690939881456393,0.4506259858608246,51.20431184768677,0.509083092212677,1,True,True,False,58.333333333333336,False,-0.3253750205039978,UNRANKED,,False,,,
2020-07-30,2020-07-31,2020-08-07,NOW,XLK,87.39800262451172,86.24199676513672,86.24199676513672,5,time_exit,LONG,LONG,0.5065643787384033,0.5133063197135925,0.4998224377632141,0.45268542199488493,0.43097013235092163,50.65643787384033,0.509083092212677,2,False,True,True,58.333333333333336,False,0.03179433941841127,UNRANKED,,False,,,
2020-07-31,2020-08-03,2020-08-10,NOW,XLK,88.74400329589844,87.73600006103516,87.73600006103516,5,time_exit,LONG,LONG,0.5055890679359436,0.5113556981086731,0.4998224377632141,0.45268542199488493,0.4369812607765198,50.55890679359436,0.509083092212677,2,False,True,True,58.333333333333336,False,0.20691588521003734,UNRANKED,,False,,,
2020-08-03,2020-08-04,2020-08-11,NOW,XLK,87.48400115966797,84.27200317382812,84.27200317382812,5,time_exit,LONG,LONG,0.5147474110126495,0.529672384262085,0.4998224377632141,0.4690939881456393,0.4133204519748688,51.474741101264954,0.509083092212677,1,True,True,False,58.333333333333336,False,-0.5473736822605133,UNRANKED,,False,,,
2020-08-04,2020-08-05,2020-08-11,NOW,XLK,88.0,85.4260025024414,84.48257446289062,4,take_profit,SHORT,SHORT,0.4922332167625427,0.48699045181274414,0.4974759817123413,0.45090845562543685,0.4991411566734314,50.77667832374573,0.509083092212677,2,False,True,True,58.333333333333336,False,-1.0323486179113388,UNRANKED,,False,,,
2020-08-05,2020-08-06,2020-08-13,NOW,XLK,87.57599639892578,87.68399810791016,87.68399810791016,5,time_exit,SHORT,SHORT,0.4768557697534561,0.46029210090637207,0.49341943860054016,0.45090845562543685,0.5137945413589478,52.31442302465439,0.509083092212677,1,True,False,True,58.333333333333336,False,-1.6080242693424223,UNRANKED,,False,,,
2020-08-06,2020-08-07,2020-08-14,NOW,XLK,86.40799713134766,87.14600372314453,87.14600372314453,5,time_exit,SHORT,SHORT,0.4974927753210068,0.5014209151268005,0.493564635515213,0.45268542199488493,0.526766836643219,50.25072246789932,0.509083092212677,2,False,True,True,58.333333333333336,False,-0.5482057929039,UNRANKED,,False,,,
2020-08-07,2020-08-10,2020-08-17,NOW,XLK,86.08799743652344,88.4739990234375,88.4739990234375,5,time_exit,SHORT,SHORT,0.4983743578195572,0.5031840801239014,0.493564635515213,0.45268542199488493,0.5021154284477234,50.16256421804428,0.509083092212677,2,False,True,True,58.333333333333336,False,0.1590774357318879,UNRANKED,,False,,,
2020-08-10,2020-08-11,2020-08-18,NOW,XLK,86.87000274658203,87.51599884033203,87.51599884033203,5,time_exit,SHORT,SHORT,0.4892185181379318,0.48034200072288513,0.4980950355529785,0.42846441947565544,0.5753847360610962,51.07814818620682,0.5104126334190369,1,True,False,True,57.0,True,-0.7817758023738862,UNRANKED,,False,,,
2020-08-11,2020-08-12,2020-08-17,NOW,XLK,85.02799987792969,87.4260025024414,87.7451400756836,3,stop_loss,SHORT,SHORT,0.4892185181379318,0.48034200072288513,0.4980950355529785,0.42846441947565544,0.5866805911064148,51.07814818620682,0.5104126334190369,1,True,False,True,57.0,True,-1.0887488126754763,UNRANKED,,False,,,
2020-08-12,2020-08-13,2020-08-17,NOW,XLK,85.5719985961914,90.66799926757812,88.1468527657645,2,take_profit,LONG,LONG,0.5025937855243683,0.5070925354957581,0.4980950355529785,0.45666440371124695,0.430413156747818,50.25937855243683,0.5104126334190369,2,False,True,True,57.0,True,-0.09403431415557877,UNRANKED,,False,,,
2020-08-13,2020-08-14,2020-08-20,NOW,XLK,87.6719970703125,89.88400268554688,90.40770830426898,4,take_profit,LONG,LONG,0.5019510388374329,0.5058070421218872,0.4980950355529785,0.45666440371124695,0.38794222474098206,50.195103883743286,0.5104126334190369,2,False,True,True,57.0,True,-0.37170732021331776,UNRANKED,,False,,,
2020-08-14,2020-08-17,2020-08-20,NOW,XLK,87.39600372314453,89.62000274658203,89.96228572300502,3,take_profit,LONG,LONG,0.5002935528755188,0.5024920701980591,0.4980950355529785,0.45666440371124695,0.4564457833766937,50.02935528755188,0.5104126334190369,2,False,True,True,57.0,True,-0.06506970524787917,UNRANKED,,False,,,
2020-08-17,2020-08-18,2020-08-25,NOW,XLK,88.34400177001953,91.58599853515625,91.06485421316964,5,stop_loss,SHORT,SHORT,0.4952300786972046,0.4883841872215271,0.5020759701728821,0.42846441947565544,0.5977368354797363,50.47699213027954,0.5104126334190369,2,False,True,True,57.0,True,-0.1337696909904481,UNRANKED,,False,,,
2020-08-18,2020-08-19,2020-08-20,NOW,XLK,87.5999984741211,97.54000091552734,90.15285164969308,1,take_profit,LONG,LONG,0.5025174021720886,0.5069397687911987,0.4980950355529785,0.45666440371124695,0.46936237812042236,50.25174021720886,0.5104126334190369,2,False,True,True,57.0,True,-0.13718944787979104,UNRANKED,,False,,,
2020-08-19,2020-08-20,2020-08-21,NOW,XLK,87.08399963378906,96.11000061035156,89.24085235595703,1,take_profit,LONG,LONG,0.5048307478427887,0.5075855255126953,0.5020759701728821,0.45666440371124695,0.37326398491859436,50.48307478427887,0.5104126334190369,2,False,True,True,57.0,True,-0.8065384924411775,UNRANKED,,False,,,
2020-08-20,2020-08-21,2020-08-26,NOW,XLK,90.55599975585938,97.5739974975586,92.95313807896206,3,stop_loss,SHORT,SHORT,0.4978685826063156,0.49366119503974915,0.5020759701728821,0.42846441947565544,0.594010591506958,50.21314173936844,0.5104126334190369,2,False,True,True,57.0,True,-0.46267661452293407,UNRANKED,,False,,,
2020-08-21,2020-08-24,2020-08-26,NOW,XLK,90.61000061035156,96.40399932861328,93.09742409842355,2,stop_loss,SHORT,SHORT,0.49450498819351196,0.4909149408340454,0.4980950355529785,0.42846441947565544,0.6082238554954529,50.549501180648804,0.5104126334190369,2,False,True,True,57.0,True,-0.67407363653183,UNRANKED,,False,,,
2020-08-24,2020-08-25,2020-08-26,NOW,XLK,90.0,99.43800354003906,92.47342354910714,1,take_profit,LONG,LONG,0.5013563334941864,0.5046176314353943,0.4980950355529785,0.45666440371124695,0.5244834423065186,50.13563334941864,0.5104126334190369,2,False,True,True,57.0,True,-0.5727809071540833,UNRANKED,,False,,,
2020-08-25,2020-08-26,2020-08-27,NOW,XLK,93.0,99.93800354003906,95.68542371477399,1,stop_loss,SHORT,SHORT,0.4983039051294327,0.49851277470588684,0.4980950355529785,0.45666440371124695,0.5756667852401733,50.16960948705673,0.5104126334190369,2,False,True,True,57.0,True,-0.766925632953644,UNRANKED,,False,,,
2020-08-26,2020-08-27,2020-09-03,NOW,XLK,97.0,93.76799774169922,93.76799774169922,5,time_exit,SHORT,SHORT,0.4924546778202057,0.48681432008743286,0.4980950355529785,0.42846441947565544,0.6915035843849182,50.75453221797943,0.5104126334190369,2,False,True,True,57.0,True,-0.22307741641998285,UNRANKED,,False,,,
2020-08-27,2020-08-28,2020-09-04,NOW,XLK,97.0,90.06999969482422,93.43943241664341,5,take_profit,SHORT,SHORT,0.4965580403804779,0.4950210452079773,0.4980950355529785,0.42846441947565544,0.6658304333686829,50.34419596195221,0.5104126334190369,2,False,True,True,57.0,True,-0.8754849135875702,UNRANKED,,False,,,
2020-08-28,2020-08-31,2020-09-03,NOW,XLK,97.6500015258789,88.62799835205078,94.09372057233539,3,take_profit,SHORT,SHORT,0.49782055616378784,0.49754607677459717,0.4980950355529785,0.4384858044164038,0.6785901784896851,50.217944383621216,0.5104126334190369,2,False,True,True,57.0,True,0.26733091473579407,UNRANKED,,False,,,
2020-08-31,2020-09-01,2020-09-03,NOW,XLK,97.0,91.63999938964844,93.77143314906529,2,take_profit,SHORT,SHORT,0.49717016518116,0.49624529480934143,0.4980950355529785,0.42846441947565544,0.7247000932693481,50.282983481884,0.5104126334190369,2,False,True,True,57.0,True,0.41135048866271967,UNRANKED,,False,,,
2020-09-01,2020-09-02,2020-09-03,NOW,XLK,100.0,90.59600067138672,96.50286102294922,1,take_profit,SHORT,SHORT,0.49717016518116,0.49624529480934143,0.4980950355529785,0.42846441947565544,0.7063457369804382,50.282983481884,0.5104126334190369,2,False,True,True,57.0,True,0.3921862542629241,UNRANKED,,False,,,
2020-09-02,2020-09-03,2020-09-04,NOW,XLK,97.0,89.18000030517578,93.7540032523019,1,take_profit,SHORT,SHORT,0.4858578145503998,0.47362059354782104,0.4980950355529785,0.40998217468805703,0.6619254350662231,51.41421854496002,0.5104126334190369,1,True,False,True,57.0,True,-0.32396528124809254,UNRANKED,,False,,,
2020-09-03,2020-09-04,2020-09-08,NOW,XLK,93.19999694824219,91.61199951171875,89.14942714146206,1,take_profit,SHORT,SHORT,0.48670993745326996,0.4753248393535614,0.4980950355529785,0.42846441947565544,0.5807843804359436,51.329006254673004,0.5104126334190369,1,True,False,True,57.0,True,-0.9958017468452455,UNRANKED,,False,,,
2020-09-04,2020-09-08,2020-09-15,NOW,XLK,87.99800109863281,94.79199981689453,92.38714272635323,5,stop_loss,SHORT,SHORT,0.48670993745326996,0.4753248393535614,0.4980950355529785,0.42846441947565544,0.5652740001678467,51.329006254673004,0.5104126334190369,1,True,False,True,57.0,True,-0.9542699605226518,UNRANKED,,False,,,
2020-09-08,2020-09-09,2020-09-16,NOW,XLK,90.41799926757812,91.2020034790039,91.2020034790039,5,time_exit,SHORT,SHORT,0.4811175465583801,0.46034151315689087,0.5018935799598694,0.40699815837937386,0.5283074975013733,51.88824534416199,0.5104126334190369,1,True,False,True,57.0,True,-1.006026938557625,UNRANKED,,False,,,
2020-09-09,2020-09-10,2020-09-17,NOW,XLK,92.19999694824219,90.76000213623047,90.76000213623047,5,time_exit,SHORT,SHORT,0.49563904106616974,0.4803776443004608,0.5109004378318787,0.42846441947565544,0.49078643321990967,50.436095893383026,0.5104126334190369,2,False,True,True,57.0,True,-1.303695946931839,UNRANKED,,False,,,
2020-09-10,2020-09-11,2020-09-18,NOW,XLK,91.5260009765625,90.61799621582031,90.61799621582031,5,time_exit,LONG,LONG,0.5196249783039093,0.5283495187759399,0.5109004378318787,0.4816983894582723,0.48420289158821106,51.96249783039093,0.5104126334190369,1,True,True,False,57.0,True,0.39229241013526917,UNRANKED,,False,,,
2020-09-11,2020-09-14,2020-09-21,NOW,XLK,90.28399658203125,92.3759994506836,92.3759994506836,5,time_exit,LONG,LONG,0.513798862695694,0.5166972875595093,0.5109004378318787,0.473970473970474,0.41778042912483215,51.3798862695694,0.5104126334190369,1,True,True,False,57.0,True,0.6693014800548553,UNRANKED,,False,,,
2020-09-14,2020-09-15,2020-09-22,NOW,XLK,92.64600372314453,94.11399841308594,94.11399841308594,5,time_exit,LONG,LONG,0.5082845687866211,0.5056686997413635,0.5109004378318787,0.45666440371124695,0.39495569467544556,50.82845687866211,0.5104126334190369,2,False,True,True,57.0,True,0.6098237335681916,UNRANKED,,False,,,
2020-09-15,2020-09-16,2020-09-23,NOW,XLK,95.29399871826172,92.09400177001953,92.09400177001953,5,time_exit,SHORT,SHORT,0.4980454295873642,0.4940148890018463,0.5020759701728821,0.42846441947565544,0.5876579284667969,50.19545704126358,0.5104126334190369,2,False,True,True,57.0,True,-0.3979861736297606,UNRANKED,,False,,,
2020-09-16,2020-09-17,2020-09-22,NOW,XLK,89.13999938964844,92.02400207519531,93.9374280657087,3,take_profit,LONG,LONG,0.5095847547054291,0.5170935392379761,0.5020759701728821,0.473970473970474,0.4866863787174225,50.95847547054291,0.5104126334190369,2,False,True,True,57.0,True,-0.12731236219406128,UNRANKED,,False,,,
2020-09-17,2020-09-18,2020-09-25,NOW,XLK,90.83000183105469,95.99400329589844,95.48628779820034,5,take_profit,LONG,LONG,0.5095847547054291,0.5170935392379761,0.5020759701728821,0.473970473970474,0.5083931088447571,50.95847547054291,0.5104126334190369,2,False,True,True,57.0,True,-0.04236429929733252,UNRANKED,,False,,,
2020-09-18,2020-09-21,2020-09-22,NOW,XLK,89.36399841308594,96.84200286865234,93.83142852783203,1,take_profit,LONG,LONG,0.5090051591396332,0.5159343481063843,0.5020759701728821,0.473970473970474,0.45675474405288696,50.90051591396332,0.5104126334190369,2,False,True,True,57.0,True,0.15170210599899284,UNRANKED,,False,,,
2020-09-21,2020-09-22,2020-09-29,NOW,XLK,93.1500015258789,97.59600067138672,97.59600067138672,5,time_exit,SHORT,SHORT,0.4994630366563797,0.48802563548088074,0.5109004378318787,0.42846441947565544,0.5965586304664612,50.05369633436203,0.5104126334190369,2,False,True,True,57.0,True,0.9337833672761916,UNRANKED,,False,,,
2020-09-22,2020-09-23,2020-09-30,NOW,XLK,94.0,97.0,97.0,5,time_exit,LONG,LONG,0.5017354190349579,0.4925704002380371,0.5109004378318787,0.42846441947565544,0.5283330082893372,50.17354190349579,0.5104126334190369,2,False,True,True,57.0,True,0.06084819138050066,UNRANKED,,False,,,
2020-09-23,2020-09-24,2020-09-28,NOW,XLK,91.75800323486328,98.50399780273438,96.3414328438895,2,take_profit,LONG,LONG,0.5094633102416992,0.5080261826515198,0.5109004378318787,0.45666440371124695,0.3893659710884094,50.94633102416992,0.5104126334190369,2,False,True,True,57.0,True,-0.0029821693897246274,UNRANKED,,False,,,
2020-09-24,2020-09-25,2020-09-29,NOW,XLK,93.78199768066406,98.62999725341797,97.49399784633091,2,take_profit,LONG,LONG,0.5012445598840714,0.49906036257743835,0.5034287571907043,0.45666440371124695,0.4130558669567108,50.124455988407135,0.5104126334190369,2,False,True,True,57.0,True,-0.3499569147825241,UNRANKED,,False,,,
2020-09-25,2020-09-28,2020-10-05,NOW,XLK,97.3219985961914,100.35800170898438,100.35800170898438,5,time_exit,LONG,LONG,0.5008495301008224,0.49827030301094055,0.5034287571907043,0.45666440371124695,0.49494773149490356,50.084953010082245,0.5104126334190369,2,False,True,True,57.0,True,-0.3248699903488159,UNRANKED,,False,,,
2020-09-28,2020-09-29,2020-10-06,NOW,XLK,97.2699966430664,98.30799865722656,98.30799865722656,5,time_exit,SHORT,SHORT,0.4964444935321808,0.4999545216560364,0.4929344654083252,0.45666440371124695,0.564002275466919,50.35555064678192,0.5104126334190369,2,False,True,True,57.0,True,0.46677206456661224,UNRANKED,,False,,,
2020-09-29,2020-09-30,2020-10-07,NOW,XLK,97.13400268554688,100.0,100.0,5,time_exit,LONG,LONG,0.5007630586624146,0.5085916519165039,0.4929344654083252,0.45666440371124695,0.47878170013427734,50.076305866241455,0.5104126334190369,2,False,True,True,57.0,True,0.5327486395835878,UNRANKED,,False,,,
2020-09-30,2020-10-01,2020-10-08,NOW,XLK,98.31400299072266,99.30000305175781,99.30000305175781,5,time_exit,SHORT,SHORT,0.49996717274188995,0.4980407655239105,0.5018935799598694,0.45666440371124695,0.5550832748413086,50.003282725811005,0.5104126334190369,2,False,True,True,57.0,True,-0.16424584388732913,UNRANKED,,False,,,
2020-10-01,2020-10-02,2020-10-05,NOW,XLK,96.0979995727539,101.72200012207031,99.38999938964844,1,stop_loss,SHORT,SHORT,0.49899524450302124,0.4960969090461731,0.5018935799598694,0.42846441947565544,0.5790521502494812,50.100475549697876,0.5104126334190369,2,False,True,True,57.0,True,0.14040529727935794,UNRANKED,,False,,,
2020-10-02,2020-10-05,2020-10-12,NOW,XLK,99.12200164794922,101.81800079345703,101.81800079345703,5,time_exit,SHORT,SHORT,0.4846976697444916,0.47130030393600464,0.4980950355529785,0.40998217468805703,0.5889573693275452,51.53023302555084,0.5104126334190369,1,True,False,True,57.0,True,-0.877107948064804,UNRANKED,,False,,,
2020-10-05,2020-10-06,2020-10-13,NOW,XLK,100.0,103.66000366210938,102.75514330182757,5,stop_loss,SHORT,SHORT,0.4907681494951248,0.4834412634372711,0.4980950355529785,0.42846441947565544,0.5483992099761963,50.92318505048752,0.5104126334190369,2,False,True,True,57.0,True,0.34966212511062617,UNRANKED,,False,,,
2020-10-06,2020-10-07,2020-10-13,NOW,XLK,99.5260009765625,103.37799835205078,102.06114523751395,4,stop_loss,SHORT,SHORT,0.4941529482603073,0.4902108609676361,0.4980950355529785,0.42846441947565544,0.5505125522613525,50.58470517396927,0.5104126334190369,2,False,True,True,57.0,True,-0.991350442171097,UNRANKED,,False,,,
2020-10-07,2020-10-08,2020-10-15,NOW,XLK,101.0,104.13600158691406,103.71371568952289,5,stop_loss,SHORT,SHORT,0.4850158244371414,0.4719366133213043,0.4980950355529785,0.40998217468805703,0.5833069086074829,51.49841755628586,0.5104126334190369,1,True,False,True,57.0,True,-0.3120042979717255,UNRANKED,,False,,,
2020-10-08,2020-10-09,2020-10-13,NOW,XLK,100.71199798583984,104.9739990234375,103.50542667933873,2,stop_loss,SHORT,SHORT,0.4890601933002472,0.4760444164276123,0.5020759701728821,0.42846441947565544,0.6020776033401489,51.09398066997528,0.5104126334190369,1,True,False,True,57.0,True,-0.7594081461429594,UNRANKED,,False,,,
2020-10-09,2020-10-12,2020-10-19,NOW,XLK,102.70999908447266,104.38999938964844,104.38999938964844,5,time_exit,LONG,LONG,0.501520574092865,0.5009651780128479,0.5020759701728821,0.45666440371124695,0.43751025199890137,50.1520574092865,0.5104126334190369,2,False,True,True,57.0,True,-0.30035898089408875,UNRANKED,,False,,,
2020-10-12,2020-10-13,2020-10-20,NOW,XLK,103.302001953125,103.63800048828125,103.63800048828125,5,time_exit,LONG,LONG,0.5041894018650055,0.5063028335571289,0.5020759701728821,0.45666440371124695,0.46029379963874817,50.41894018650055,0.5104126334190369,2,False,True,True,57.0,True,-0.5040430724620818,UNRANKED,,False,,,
2020-10-13,2020-10-14,2020-10-21,NOW,XLK,104.0,102.05599975585938,102.05599975585938,5,time_exit,SHORT,SHORT,0.4992211312055588,0.4963662922382355,0.5020759701728821,0.42846441947565544,0.5466201901435852,50.07788687944412,0.5104126334190369,2,False,True,True,57.0,True,-0.42319735884666454,UNRANKED,,False,,,
2020-10-14,2020-10-15,2020-10-16,NOW,XLK,101.89600372314453,101.19200134277344,104.55457632882255,1,take_profit,LONG,LONG,0.5051175653934479,0.5081591606140137,0.5020759701728821,0.45666440371124695,0.3990921080112457,50.51175653934479,0.5104126334190369,2,False,True,True,57.0,True,0.04239571094512952,UNRANKED,,False,,,
2020-10-15,2020-10-16,2020-10-21,NOW,XLK,104.83000183105469,102.802001953125,102.63028608049665,3,stop_loss,LONG,LONG,0.5033464729785919,0.5046169757843018,0.5020759701728821,0.45666440371124695,0.4091947078704834,50.33464729785919,0.5104126334190369,2,False,True,True,57.0,True,-0.38639137148857133,UNRANKED,,False,,,
2020-10-16,2020-10-19,2020-10-21,NOW,XLK,105.28800201416016,100.3219985961914,103.08971514020648,2,stop_loss,LONG,LONG,0.503186047077179,0.5042961239814758,0.5020759701728821,0.45666440371124695,0.3991311490535736,50.318604707717896,0.5104126334190369,2,False,True,True,57.0,True,-0.13207563757896434,UNRANKED,,False,,,
2020-10-19,2020-10-20,2020-10-21,NOW,XLK,104.5999984741211,99.96199798583984,102.42599705287388,1,take_profit,SHORT,SHORT,0.4857071042060852,0.46933823823928833,0.5020759701728821,0.40998217468805703,0.5516237616539001,51.42928957939148,0.5104126334190369,1,True,False,True,57.0,True,-0.10747396945953377,UNRANKED,,False,,,
2020-10-20,2020-10-21,2020-10-22,NOW,XLK,103.73600006103516,96.80999755859375,101.53971317836216,1,take_profit,SHORT,SHORT,0.4857071042060852,0.46933823823928833,0.5020759701728821,0.40998217468805703,0.5961223244667053,51.42928957939148,0.5104126334190369,1,True,False,True,57.0,True,-0.25938555598258967,UNRANKED,,False,,,
2020-10-21,2020-10-22,2020-10-27,NOW,XLK,102.33999633789062,102.11799621582031,100.132566179548,3,stop_loss,LONG,LONG,0.502506822347641,0.5029376745223999,0.5020759701728821,0.45666440371124695,0.4044259488582611,50.2506822347641,0.5104126334190369,2,False,True,True,57.0,True,0.2565924227237701,UNRANKED,,False,,,
2020-10-22,2020-10-23,2020-10-28,NOW,XLK,101.81800079345703,99.51399993896484,99.50514221191406,3,take_profit,SHORT,SHORT,0.4988316148519516,0.4995681941509247,0.4980950355529785,0.45666440371124695,0.5300107002258301,50.11683851480484,0.5104126334190369,2,False,True,True,57.0,True,0.290978193283081,UNRANKED,,False,,,
2020-10-23,2020-10-26,2020-10-27,NOW,XLK,103.60199737548828,95.19999694824219,101.30599648611886,1,take_profit,SHORT,SHORT,0.49726249277591705,0.4964299499988556,0.4980950355529785,0.42846441947565544,0.5806001424789429,50.273750722408295,0.5104126334190369,2,False,True,True,57.0,True,0.38795211911201477,UNRANKED,,False,,,
2020-10-26,2020-10-27,2020-10-28,NOW,XLK,101.75800323486328,96.01000213623047,99.40057373046875,1,stop_loss,LONG,LONG,0.5038757026195526,0.5056754350662231,0.5020759701728821,0.45666440371124695,0.4302579164505005,50.38757026195526,0.5104126334190369,2,False,True,True,57.0,True,0.7958602011203766,UNRANKED,,False,,,
2020-10-27,2020-10-28,2020-10-29,NOW,XLK,97.38999938964844,102.71600341796875,99.55714307512555,1,stop_loss,SHORT,SHORT,0.49779415130615234,0.4935123324394226,0.5020759701728821,0.42846441947565544,0.5613277554512024,50.220584869384766,0.5104126334190369,2,False,True,True,57.0,True,0.4492546617984771,UNRANKED,,False,,,
2020-10-28,2020-10-29,2020-11-02,NOW,XLK,99.4000015258789,106.21600341796875,96.88257162911552,2,stop_loss,LONG,LONG,0.511803388595581,0.5127063393592834,0.5109004378318787,0.45666440371124695,0.3681759834289551,51.180338859558105,0.5104126334190369,1,True,True,False,57.0,True,1.047183245420456,UNRANKED,,False,,,
2020-10-29,2020-10-30,2020-11-02,NOW,XLK,100.87999725341797,107.03600311279297,97.95028141566685,1,stop_loss,LONG,LONG,0.503501832485199,0.5035749077796936,0.5034287571907043,0.45666440371124695,0.4055858850479126,50.3501832485199,0.5104126334190369,2,False,True,True,57.0,True,0.48385572433471674,UNRANKED,,False,,,
2020-10-30,2020-11-02,2020-11-03,NOW,XLK,99.84200286865234,100.39199829101562,96.5540019444057,1,stop_loss,LONG,LONG,0.5122643113136292,0.521099865436554,0.5034287571907043,0.4816983894582723,0.42570582032203674,51.226431131362915,0.5104126334190369,1,True,True,False,57.0,True,0.8305650055408479,UNRANKED,,False,,,
2020-11-02,2020-11-03,2020-11-04,NOW,XLK,95.52200317382812,96.25599670410156,99.16314697265625,1,stop_loss,SHORT,SHORT,0.4931291192770004,0.4828294813632965,0.5034287571907043,0.42846441947565544,0.6146256923675537,50.68708807229996,0.5104126334190369,2,False,True,True,57.0,True,-0.19285216927528384,UNRANKED,,False,,,
2020-11-03,2020-11-04,2020-11-05,NOW,XLK,101.2699966430664,100.6719970703125,104.98656899588448,1,stop_loss,SHORT,SHORT,0.4981679469347,0.48543545603752136,0.5109004378318787,0.42846441947565544,0.6077921986579895,50.18320530653,0.5104126334190369,2,False,True,True,57.0,True,-0.3601189553737642,UNRANKED,,False,,,
2020-11-04,2020-11-05,2020-11-10,NOW,XLK,104.66200256347656,101.95600128173828,100.09571620396206,3,stop_loss,LONG,LONG,0.5120582282543182,0.5220404863357544,0.5020759701728821,0.4816983894582723,0.42745718359947205,51.205822825431824,0.5104126334190369,1,True,True,False,57.0,True,0.11346274614334115,UNRANKED,,False,,,
2020-11-05,2020-11-06,2020-11-09,NOW,XLK,105.90599822998047,101.60199737548828,100.9594257899693,1,stop_loss,LONG,LONG,0.5113494992256165,0.5206230282783508,0.5020759701728821,0.4816983894582723,0.4477602243423462,51.134949922561646,0.5104126334190369,1,True,True,False,57.0,True,0.07579359412193294,UNRANKED,,False,,,
2020-11-06,2020-11-09,2020-11-10,NOW,XLK,101.93000030517578,100.45600128173828,96.94971357073102,1,take_profit,SHORT,SHORT,0.4918489009141922,0.4816218316555023,0.5020759701728821,0.42846441947565544,0.5498215556144714,50.81510990858078,0.5104126334190369,2,False,True,True,57.0,True,-1.497857391834259,UNRANKED,,False,,,
2020-11-09,2020-11-10,2020-11-17,NOW,XLK,99.10600280761719,102.62000274658203,102.62000274658203,5,time_exit,LONG,LONG,0.5059937238693237,0.5099114775657654,0.5020759701728821,0.45666440371124695,0.4364291727542877,50.59937238693237,0.5104126334190369,2,False,True,True,57.0,True,0.3063702881336212,UNRANKED,,False,,,
2020-11-10,2020-11-11,2020-11-18,NOW,XLK,98.74199676513672,101.42400360107422,101.42400360107422,5,time_exit,SHORT,SHORT,0.4978818893432617,0.49368780851364136,0.5020759701728821,0.42846441947565544,0.5760849118232727,50.21181106567383,0.5104126334190369,2,False,True,True,57.0,True,-0.3256731629371644,UNRANKED,,False,,,
2020-11-11,2020-11-12,2020-11-19,NOW,XLK,104.08999633789062,102.86599731445312,102.86599731445312,5,time_exit,SHORT,SHORT,0.48864370584487915,0.4752114415168762,0.5020759701728821,0.42846441947565544,0.554921567440033,51.135629415512085,0.5104126334190369,1,True,False,True,57.0,True,-1.4782008528709412,UNRANKED,,False,,,
2020-11-12,2020-11-13,2020-11-20,NOW,XLK,102.31999969482422,103.61199951171875,103.61199951171875,5,time_exit,LONG,LONG,0.5078320801258087,0.5135881900787354,0.5020759701728821,0.45666440371124695,0.4737718403339386,50.78320801258087,0.5104126334190369,2,False,True,True,57.0,True,-0.1425304114818572,UNRANKED,,False,,,
2020-11-13,2020-11-16,2020-11-23,NOW,XLK,99.49800109863281,104.4219970703125,104.4219970703125,5,time_exit,LONG,LONG,0.5010106265544891,0.4999452829360962,0.5020759701728821,0.45666440371124695,0.4611472189426422,50.101062655448914,0.5104126334190369,2,False,True,True,57.0,True,-1.1970872879028323,UNRANKED,,False,,,
2020-11-16,2020-11-17,2020-11-24,NOW,XLK,101.0,102.93800354003906,102.93800354003906,5,time_exit,LONG,LONG,0.5133174061775208,0.5245588421821594,0.5020759701728821,0.4816983894582723,0.455601304769516,51.331740617752075,0.5104126334190369,1,True,True,False,57.0,True,-0.020162403583526625,UNRANKED,,False,,,
2020-11-17,2020-11-18,2020-11-25,NOW,XLK,102.25,103.84400177001953,103.84400177001953,5,time_exit,LONG,LONG,0.5039862990379333,0.5058966279029846,0.5020759701728821,0.45666440371124695,0.39641785621643066,50.398629903793335,0.5104126334190369,2,False,True,True,57.0,True,-0.3267369270324706,UNRANKED,,False,,,
2020-11-18,2020-11-19,2020-11-27,NOW,XLK,101.63999938964844,105.49600219726562,105.49600219726562,5,time_exit,LONG,LONG,0.508989006280899,0.515902042388916,0.5020759701728821,0.473970473970474,0.4149549901485443,50.898900628089905,0.5104126334190369,2,False,True,True,57.0,True,0.14768001437187195,UNRANKED,,False,,,
2020-11-19,2020-11-20,2020-11-30,NOW,XLK,103.12200164794922,106.91000366210938,106.91000366210938,5,time_exit,LONG,LONG,0.5047618448734283,0.5074477195739746,0.5020759701728821,0.45666440371124695,0.4518078565597534,50.476184487342834,0.5104126334190369,2,False,True,True,57.0,True,-0.071024626493454,UNRANKED,,False,,,
2020-11-20,2020-11-23,2020-12-01,NOW,XLK,104.0199966430664,107.91799926757812,107.91799926757812,5,time_exit,LONG,LONG,0.5001767575740814,0.49827754497528076,0.5020759701728821,0.45666440371124695,0.4272777736186981,50.01767575740814,0.5104126334190369,2,False,True,True,57.0,True,-0.13849553465843195,UNRANKED,,False,,,
2020-11-23,2020-11-24,2020-12-02,NOW,XLK,104.54199981689453,105.30400085449219,105.30400085449219,5,time_exit,SHORT,SHORT,0.49023203551769257,0.47838810086250305,0.5020759701728821,0.42846441947565544,0.5827354192733765,50.97679644823074,0.5104126334190369,2,False,True,True,57.0,True,-0.13037815690040577,UNRANKED,,False,,,
2020-11-24,2020-11-25,2020-12-03,NOW,XLK,103.80000305175781,105.0479965209961,105.0479965209961,5,time_exit,SHORT,SHORT,0.4965948313474655,0.49111369252204895,0.5020759701728821,0.42846441947565544,0.6403754353523254,50.34051686525345,0.5104126334190369,2,False,True,True,57.0,True,0.10288885235786444,UNRANKED,,False,,,
2020-11-25,2020-11-27,2020-12-04,NOW,XLK,104.19999694824219,105.13999938964844,105.13999938964844,5,time_exit,SHORT,SHORT,0.49657922983169556,0.49108248949050903,0.5020759701728821,0.42846441947565544,0.5832616686820984,50.342077016830444,0.5104126334190369,2,False,True,True,57.0,True,-0.08912035822868343,UNRANKED,,False,,,
2020-11-27,2020-11-30,2020-12-07,NOW,XLK,106.0,106.6500015258789,106.6500015258789,5,time_exit,SHORT,SHORT,0.4965262860059738,0.49097660183906555,0.5020759701728821,0.42846441947565544,0.6023727655410767,50.34737139940262,0.5104126334190369,2,False,True,True,57.0,True,0.0010740458965303665,UNRANKED,,False,,,
2020-11-30,2020-12-01,2020-12-08,NOW,XLK,107.19999694824219,108.44999694824219,108.44999694824219,5,time_exit,SHORT,SHORT,0.4969935566186905,0.4919111430644989,0.5020759701728821,0.42846441947565544,0.5741389989852905,50.30064433813095,0.5104126334190369,2,False,True,True,57.0,True,0.5096514374017715,UNRANKED,,False,,,
2020-12-01,2020-12-02,2020-12-09,NOW,XLK,106.15399932861328,105.5979995727539,105.5979995727539,5,time_exit,SHORT,SHORT,0.493466317653656,0.48485666513442993,0.5020759701728821,0.42846441947565544,0.5361287593841553,50.6533682346344,0.5104126334190369,2,False,True,True,57.0,True,-1.3639526069164278,UNRANKED,,False,,,
2020-12-02,2020-12-03,2020-12-08,NOW,XLK,105.55799865722656,107.5999984741211,108.16085379464286,3,take_profit,LONG,LONG,0.5033770203590393,0.5046780705451965,0.5020759701728821,0.45666440371124695,0.37025049328804016,50.33770203590393,0.5104126334190369,2,False,True,True,57.0,True,-0.44961282610893233,UNRANKED,,False,,,
2020-12-03,2020-12-04,2020-12-08,NOW,XLK,105.10800170898438,107.47200012207031,107.56399972098214,2,take_profit,LONG,LONG,0.5025336146354675,0.502991259098053,0.5020759701728821,0.45666440371124695,0.3925251066684723,50.25336146354675,0.5104126334190369,2,False,True,True,57.0,True,-0.4469121098518371,UNRANKED,,False,,,
2020-12-04,2020-12-07,2020-12-08,NOW,XLK,105.75199890136719,106.49600219726562,108.17056819370815,1,take_profit,LONG,LONG,0.5017918348312378,0.5015076994895935,0.5020759701728821,0.45666440371124695,0.41521191596984863,50.17918348312378,0.5104126334190369,2,False,True,True,57.0,True,0.2663308680057526,UNRANKED,,False,,,
2020-12-07,2020-12-08,2020-12-15,NOW,XLK,107.35800170898438,105.47599792480469,105.47599792480469,5,time_exit,LONG,LONG,0.502288281917572,0.502500593662262,0.5020759701728821,0.45666440371124695,0.4174865782260895,50.2288281917572,0.5104126334190369,2,False,True,True,57.0,True,-0.7238709330558778,UNRANKED,,False,,,
2020-12-08,2020-12-09,2020-12-15,NOW,XLK,108.88600158691406,109.0,106.4674322945731,4,take_profit,SHORT,SHORT,0.4915124624967575,0.48094895482063293,0.5020759701728821,0.42846441947565544,0.5518450140953064,50.84875375032425,0.5104126334190369,2,False,True,True,57.0,True,-0.4639557898044587,UNRANKED,,False,,,
2020-12-09,2020-12-10,2020-12-16,NOW,XLK,105.30000305175781,110.81400299072266,107.95514351981026,4,stop_loss,SHORT,SHORT,0.48973605036735535,0.4773961305618286,0.5020759701728821,0.42846441947565544,0.6091317534446716,51.026394963264465,0.5104126334190369,2,False,True,True,57.0,True,-0.5677237808704376,UNRANKED,,False,,,
2020-12-10,2020-12-11,2020-12-17,NOW,XLK,107.63800048828125,113.08599853515625,110.37314169747489,4,take_profit,LONG,LONG,0.5006753355264664,0.49927470088005066,0.5020759701728821,0.45666440371124695,0.4165129065513611,50.06753355264664,0.5104126334190369,2,False,True,True,57.0,True,0.07690045237541193,UNRANKED,,False,,,
2020-12-11,2020-12-14,2020-12-17,NOW,XLK,107.69999694824219,110.16400146484375,110.3468518938337,3,stop_loss,SHORT,SHORT,0.4997277408838272,0.49737951159477234,0.5020759701728821,0.4384858044164038,0.5821419358253479,50.02722591161728,0.5104126334190369,2,False,True,True,57.0,True,-0.5322587490081786,UNRANKED,,False,,,
2020-12-14,2020-12-15,2020-12-17,NOW,XLK,106.4000015258789,112.34400177001953,109.07057080950055,2,stop_loss,SHORT,SHORT,0.49797603487968445,0.4938760995864868,0.5020759701728821,0.42846441947565544,0.5596761107444763,50.202396512031555,0.5104126334190369,2,False,True,True,57.0,True,-0.5243009775877,UNRANKED,,False,,,
2020-12-15,2020-12-16,2020-12-17,NOW,XLK,106.58999633789062,110.01200103759766,109.19428144182477,1,take_profit,LONG,LONG,0.5028974115848541,0.5037188529968262,0.5020759701728821,0.45666440371124695,0.4936780035495758,50.28974115848541,0.5104126334190369,2,False,True,True,57.0,True,0.2893596887588501,UNRANKED,,False,,,
2020-12-16,2020-12-17,2020-12-18,NOW,XLK,109.89399719238281,110.77799987792969,112.87228284563336,1,take_profit,LONG,LONG,0.5011506676673889,0.5002253651618958,0.5020759701728821,0.45666440371124695,0.45011693239212036,50.11506676673889,0.5104126334190369,2,False,True,True,57.0,True,0.0417504608631135,UNRANKED,,False,,,
2020-12-17,2020-12-18,2020-12-28,NOW,XLK,111.69400024414062,108.74800109863281,108.74800109863281,5,time_exit,SHORT,SHORT,0.4978685826063156,0.49366119503974915,0.5020759701728821,0.42846441947565544,0.5932062864303589,50.21314173936844,0.5104126334190369,2,False,True,True,57.0,True,-0.09221500158309955,UNRANKED,,False,,,
2020-12-18,2020-12-21,2020-12-29,NOW,XLK,111.60399627685547,109.19599914550781,109.19599914550781,5,time_exit,LONG,LONG,0.5082108676433563,0.5143457651138306,0.5020759701728821,0.473970473970474,0.40593063831329346,50.82108676433563,0.5104126334190369,2,False,True,True,57.0,True,-0.025087147951126116,UNRANKED,,False,,,
2020-12-21,2020-12-22,2020-12-30,NOW,XLK,110.14199829101562,109.47599792480469,109.47599792480469,5,time_exit,LONG,LONG,0.5057118237018585,0.509347677230835,0.5020759701728821,0.45666440371124695,0.4050936996936798,50.57118237018585,0.5104126334190369,2,False,True,True,57.0,True,-0.07850402593612667,UNRANKED,,False,,,
2020-12-22,2020-12-23,2020-12-28,NOW,XLK,112.3219985961914,110.08599853515625,108.986570085798,2,take_profit,SHORT,SHORT,0.49386681616306305,0.4896385967731476,0.4980950355529785,0.42846441947565544,0.6361984014511108,50.613318383693695,0.5104126334190369,2,False,True,True,57.0,True,0.22348910570144662,UNRANKED,,False,,,
2020-12-23,2020-12-24,2021-01-04,NOW,XLK,111.05999755859375,105.36599731445312,107.42799813406808,5,stop_loss,LONG,LONG,0.5032804608345032,0.5084658861160278,0.4980950355529785,0.45666440371124695,0.5072139501571655,50.32804608345032,0.5104126334190369,2,False,True,True,57.0,True,0.3167968690395356,UNRANKED,,False,,,
2020-12-24,2020-12-28,2021-01-04,NOW,XLK,112.5999984741211,106.39399719238281,108.87171391078404,4,take_profit,SHORT,SHORT,0.49975091218948364,0.5014067888259888,0.4980950355529785,0.45666440371124695,0.6070520281791687,50.024908781051636,0.5104126334190369,2,False,True,True,57.0,True,0.2755705416202545,UNRANKED,,False,,,
2020-12-28,2020-12-29,2021-01-04,NOW,XLK,110.04399871826172,101.44999694824219,106.24142892020089,3,take_profit,SHORT,SHORT,0.49862219393253326,0.499149352312088,0.4980950355529785,0.45666440371124695,0.6288694143295288,50.137780606746674,0.5104126334190369,2,False,True,True,57.0,True,0.2534636557102203,UNRANKED,,False,,,
2020-12-29,2020-12-30,2021-01-04,NOW,XLK,110.16400146484375,102.28199768066406,106.55457414899554,2,take_profit,SHORT,SHORT,0.49917730689048767,0.5002595782279968,0.4980950355529785,0.45666440371124695,0.5991741418838501,50.08226931095123,0.5104126334190369,2,False,True,True,57.0,True,0.3049668669700623,UNRANKED,,False,,,
2020-12-30,2020-12-31,2021-01-04,NOW,XLK,109.4020004272461,105.9280014038086,106.16000148228237,1,stop_loss,LONG,LONG,0.5036192238330841,0.5091434121131897,0.4980950355529785,0.45666440371124695,0.49485233426094055,50.36192238330841,0.5104126334190369,2,False,True,True,57.0,True,0.27687898278236395,UNRANKED,,False,,,
2020-12-31,2021-01-04,2021-01-05,NOW,XLK,111.38800048828125,104.61199951171875,108.34485844203404,1,stop_loss,LONG,LONG,0.5029883086681366,0.5078815817832947,0.4980950355529785,0.45666440371124695,0.45203179121017456,50.29883086681366,0.5104126334190369,2,False,True,True,57.0,True,0.12801459431648257,UNRANKED,,False,,,
2021-01-04,2021-01-05,2021-01-06,NOW,XLK,105.20800018310547,102.64199829101562,101.50885772705078,1,stop_loss,LONG,LONG,0.5001313984394073,0.5021677613258362,0.4980950355529785,0.45666440371124695,0.564720869064331,50.013139843940735,0.5104126334190369,2,False,True,True,57.0,True,0.31938460469245905,UNRANKED,,False,,,
2021-01-05,2021-01-06,2021-01-13,NOW,XLK,103.9540023803711,104.34200286865234,104.34200286865234,5,time_exit,LONG,LONG,0.5010618269443512,0.5040286183357239,0.4980950355529785,0.45666440371124695,0.46874111890792847,50.10618269443512,0.5104126334190369,2,False,True,True,57.0,True,0.47240787744522095,UNRANKED,,False,,,
2021-01-06,2021-01-07,2021-01-14,NOW,XLK,102.0,102.86799621582031,102.86799621582031,5,time_exit,SHORT,SHORT,0.4934767484664917,0.4888584613800049,0.4980950355529785,0.42846441947565544,0.6281276941299438,50.65232515335083,0.5104126334190369,2,False,True,True,57.0,True,-0.512359917163849,UNRANKED,,False,,,
2021-01-07,2021-01-08,2021-01-15,NOW,XLK,104.3280029296875,102.75199890136719,102.75199890136719,5,time_exit,LONG,LONG,0.5086032748222351,0.5151305794715881,0.5020759701728821,0.473970473970474,0.5071489810943604,50.86032748222351,0.5104126334190369,2,False,True,True,57.0,True,0.29885900020599376,UNRANKED,,False,,,
2021-01-08,2021-01-11,2021-01-19,NOW,XLK,105.0,103.88400268554688,103.88400268554688,5,time_exit,LONG,LONG,0.507143497467041,0.5122110247612,0.5020759701728821,0.45666440371124695,0.482337087392807,50.7143497467041,0.5104126334190369,2,False,True,True,57.0,True,0.13186305761337297,UNRANKED,,False,,,
2021-01-11,2021-01-12,2021-01-20,NOW,XLK,104.0,108.43800354003906,108.0077144077846,5,take_profit,LONG,LONG,0.5019381940364838,0.5018004179000854,0.5020759701728821,0.45666440371124695,0.4388595521450043,50.19381940364838,0.5104126334190369,2,False,True,True,57.0,True,0.059039503335952745,UNRANKED,,False,,,
2021-01-12,2021-01-13,2021-01-20,NOW,XLK,103.64199829101562,108.86599731445312,107.51371329171317,4,take_profit,LONG,LONG,0.5101146399974823,0.5181533098220825,0.5020759701728821,0.473970473970474,0.45998603105545044,51.01146399974823,0.5104126334190369,2,False,True,True,57.0,True,0.244241863489151,UNRANKED,,False,,,
2021-01-13,2021-01-14,2021-01-22,NOW,XLK,105.44000244140625,108.21800231933594,108.21800231933594,5,time_exit,SHORT,SHORT,0.49201154708862305,0.481947124004364,0.5020759701728821,0.42846441947565544,0.5750167965888977,50.798845291137695,0.5104126334190369,2,False,True,True,57.0,True,-0.7281003296375275,UNRANKED,,False,,,
2021-01-14,2021-01-15,2021-01-20,NOW,XLK,103.68199920654297,107.57599639892578,107.3625728062221,2,take_profit,LONG,LONG,0.5050951540470123,0.5081143379211426,0.5020759701728821,0.45666440371124695,0.3886070251464844,50.50951540470123,0.5104126334190369,2,False,True,True,57.0,True,0.18335565924644456,UNRANKED,,False,,,
2021-01-15,2021-01-19,2021-01-20,NOW,XLK,103.12000274658203,106.49199676513672,106.70771898542132,1,take_profit,LONG,LONG,0.5074887275695801,0.5129014849662781,0.5020759701728821,0.45666440371124695,0.40169453620910645,50.74887275695801,0.5104126334190369,2,False,True,True,57.0,True,0.1270205080509186,UNRANKED,,False,,,
2021-01-19,2021-01-20,2021-01-27,NOW,XLK,105.5979995727539,103.30000305175781,103.30000305175781,5,time_exit,LONG,LONG,0.5048622488975525,0.5076485276222229,0.5020759701728821,0.45666440371124695,0.4003065526485443,50.48622488975525,0.5104126334190369,2,False,True,True,57.0,True,0.2509953379631043,UNRANKED,,False,,,
2021-01-20,2021-01-21,2021-01-27,NOW,XLK,108.69999694824219,110.8479995727539,104.65399387904576,4,stop_loss,LONG,LONG,0.5025736689567566,0.5030713677406311,0.5020759701728821,0.45666440371124695,0.3909812867641449,50.25736689567566,0.5104126334190369,2,False,True,True,57.0,True,-0.1206509470939636,UNRANKED,,False,,,
2021-01-21,2021-01-22,2021-01-27,NOW,XLK,109.94999694824219,108.63200378417969,105.88285173688617,3,stop_loss,LONG,LONG,0.5025736689567566,0.5030713677406311,0.5020759701728821,0.45666440371124695,0.4061499834060669,50.25736689567566,0.5104126334190369,2,False,True,True,57.0,True,-0.26719912886619573,UNRANKED,,False,,,
2021-01-22,2021-01-25,2021-01-27,NOW,XLK,109.5459976196289,111.71199798583984,105.47342463902065,2,stop_loss,LONG,LONG,0.5005340278148651,0.49899208545684814,0.5020759701728821,0.45666440371124695,0.4196125864982605,50.05340278148651,0.5104126334190369,2,False,True,True,57.0,True,-0.23957878351211553,UNRANKED,,False,,,
2021-01-25,2021-01-26,2021-01-27,NOW,XLK,108.0,116.7020034790039,104.50999777657645,1,stop_loss,LONG,LONG,0.5008569806814194,0.49963799118995667,0.5020759701728821,0.45666440371124695,0.5153168439865112,50.08569806814194,0.5104126334190369,2,False,True,True,57.0,True,-0.08844345808029169,UNRANKED,,False,,,
2021-01-26,2021-01-27,2021-01-28,NOW,XLK,104.97599792480469,115.33000183105469,108.47400011335101,1,take_profit,LONG,LONG,0.5020392835140228,0.5059835314750671,0.4980950355529785,0.45666440371124695,0.5247122645378113,50.20392835140228,0.5104126334190369,2,False,True,True,57.0,True,-0.8451614081859589,UNRANKED,,False,,,
2021-01-27,2021-01-28,2021-02-02,NOW,XLK,109.0,117.7959976196289,112.24771554129464,3,take_profit,LONG,LONG,0.5007084906101227,0.5033219456672668,0.4980950355529785,0.45666440371124695,0.5300613045692444,50.07084906101227,0.5104126334190369,2,False,True,True,57.0,True,-0.11381378769874576,UNRANKED,,False,,,
2021-01-28,2021-01-29,2021-02-02,NOW,XLK,109.81600189208984,117.94599914550781,114.0231454031808,2,stop_loss,SHORT,SHORT,0.4977795034646988,0.4936654269695282,0.5018935799598694,0.42846441947565544,0.6210912466049194,50.22204965353012,0.5104126334190369,2,False,True,True,57.0,True,0.08215975761413555,UNRANKED,,False,,,
2021-01-29,2021-02-01,2021-02-02,NOW,XLK,109.2020034790039,117.58200073242188,113.20486014229911,1,stop_loss,SHORT,SHORT,0.4994402378797531,0.49698689579963684,0.5018935799598694,0.4384858044164038,0.5499535799026489,50.05597621202469,0.5104126334190369,2,False,True,True,57.0,True,-0.10825172066688521,UNRANKED,,False,,,
2021-02-01,2021-02-02,2021-02-04,NOW,XLK,112.57599639892578,116.35600280761719,116.83085196358817,2,take_profit,LONG,LONG,0.5014002323150635,0.5009068846702576,0.5018935799598694,0.45666440371124695,0.4823051989078522,50.14002323150635,0.5104126334190369,2,False,True,True,57.0,True,0.1384099423885345,UNRANKED,,False,,,
2021-02-02,2021-02-03,2021-02-10,NOW,XLK,116.5999984741211,117.87200164794922,117.87200164794922,5,time_exit,LONG,LONG,0.5065127909183502,0.511132001876831,0.5018935799598694,0.45666440371124695,0.3976359963417053,50.65127909183502,0.5104126334190369,2,False,True,True,57.0,True,0.3912875354290007,UNRANKED,,False,,,
2021-02-03,2021-02-04,2021-02-11,NOW,XLK,115.97799682617188,118.89399719238281,118.89399719238281,5,time_exit,LONG,LONG,0.5054178833961487,0.508942186832428,0.5018935799598694,0.45666440371124695,0.42170703411102295,50.54178833961487,0.5104126334190369,2,False,True,True,57.0,True,0.02962037920951864,UNRANKED,,False,,,
2021-02-04,2021-02-05,2021-02-12,NOW,XLK,117.73600006103516,118.25800323486328,118.25800323486328,5,time_exit,LONG,LONG,0.5040986239910126,0.5101022124290466,0.4980950355529785,0.45666440371124695,0.4701143205165863,50.40986239910126,0.5104126334190369,2,False,True,True,57.0,True,0.008324086666107282,UNRANKED,,False,,,
2021-02-05,2021-02-08,2021-02-16,NOW,XLK,118.26200103759766,117.14800262451172,117.14800262451172,5,time_exit,LONG,LONG,0.5040986239910126,0.5101022124290466,0.4980950355529785,0.45666440371124695,0.4743287265300751,50.40986239910126,0.5104126334190369,2,False,True,True,57.0,True,0.03961142897605883,UNRANKED,,False,,,
2021-02-08,2021-02-09,2021-02-17,NOW,XLK,117.4280014038086,116.18800354003906,116.18800354003906,5,time_exit,SHORT,SHORT,0.49937567114830017,0.5006563067436218,0.4980950355529785,0.45666440371124695,0.5250685811042786,50.06243288516998,0.5104126334190369,2,False,True,True,57.0,True,0.13768625259399403,UNRANKED,,False,,,
2021-02-09,2021-02-10,2021-02-18,NOW,XLK,117.1520004272461,115.16000366210938,115.16000366210938,5,time_exit,SHORT,SHORT,0.4971378892660141,0.4990954101085663,0.4951803684234619,0.4850407978241159,0.5178549885749817,50.28621107339859,0.5100642442703247,2,False,True,True,59.0,False,-0.06399634480476393,UNRANKED,,False,,,
2021-02-10,2021-02-11,2021-02-19,NOW,XLK,118.80000305175781,114.14600372314453,114.44372013636998,5,take_profit,SHORT,SHORT,0.4998331516981125,0.4990954101085663,0.5005708932876587,0.4850407978241159,0.5135213136672974,50.01668483018875,0.5100642442703247,2,False,True,True,59.0,False,0.24720540642738342,UNRANKED,,False,,,
2021-02-11,2021-02-12,2021-02-22,NOW,XLK,118.26399993896484,110.052001953125,113.85428837367466,5,take_profit,SHORT,SHORT,0.49909281730651855,0.4976147413253784,0.5005708932876587,0.4569517161140198,0.5666303634643555,50.090718269348145,0.5100642442703247,2,False,True,True,59.0,False,0.4295223951339722,UNRANKED,,False,,,
2021-02-12,2021-02-16,2021-02-22,NOW,XLK,118.36399841308594,110.3499984741211,113.95514569963727,4,take_profit,SHORT,SHORT,0.4981157034635544,0.4956605136394501,0.5005708932876587,0.4569517161140198,0.5515717267990112,50.18842965364456,0.5100642442703247,2,False,True,True,59.0,False,0.570780724287033,UNRANKED,,False,,,
2021-02-16,2021-02-17,2021-02-22,NOW,XLK,116.0,110.36599731445312,111.58743286132812,3,take_profit,SHORT,SHORT,0.49909281730651855,0.4976147413253784,0.5005708932876587,0.4569517161140198,0.5296799540519714,50.090718269348145,0.5100642442703247,2,False,True,True,59.0,False,0.6028081476688384,UNRANKED,,False,,,
2021-02-17,2021-02-18,2021-02-25,NOW,XLK,113.99199676513672,105.75800323486328,109.89828600202289,5,stop_loss,LONG,LONG,0.5000730156898499,0.499575138092041,0.5005708932876587,0.4850407978241159,0.471038818359375,50.007301568984985,0.5100642442703247,2,False,True,True,59.0,False,0.6312824487686157,UNRANKED,,False,,,
2021-02-18,2021-02-19,2021-02-22,NOW,XLK,115.43199920654297,106.69200134277344,112.26971653529576,1,stop_loss,LONG,LONG,0.5006676018238068,0.5007643103599548,0.5005708932876587,0.4850407978241159,0.432433158159256,50.066760182380676,0.5100642442703247,2,False,True,True,59.0,False,0.6630261540412904,UNRANKED,,False,,,
2021-02-19,2021-02-22,2021-02-25,NOW,XLK,113.20600128173828,111.29399871826172,110.21543230329242,3,stop_loss,LONG,LONG,0.5024860501289368,0.5044012069702148,0.5005708932876587,0.4850407978241159,0.49625569581985474,50.24860501289368,0.5100642442703247,2,False,True,True,59.0,False,0.6778216660022737,UNRANKED,,False,,,
2021-02-22,2021-02-23,2021-03-01,NOW,XLK,107.86799621582031,109.86000061035156,111.00342341831752,4,take_profit,LONG,LONG,0.5076134502887726,0.5146560072898865,0.5005708932876587,0.4850407978241159,0.4729207158088684,50.76134502887726,0.5100642442703247,2,False,True,True,59.0,False,-0.1467935144901275,UNRANKED,,False,,,
2021-02-23,2021-02-24,2021-02-25,NOW,XLK,109.0999984741211,103.19999694824219,106.63485826764789,1,stop_loss,LONG,LONG,0.5076134502887726,0.5146560072898865,0.5005708932876587,0.4850407978241159,0.46677377820014954,50.76134502887726,0.5100642442703247,2,False,True,True,59.0,False,0.5040344297885894,UNRANKED,,False,,,
2021-02-24,2021-02-25,2021-02-26,NOW,XLK,110.0,98.1259994506836,107.72857448032924,1,stop_loss,LONG,LONG,0.5076134502887726,0.5146560072898865,0.5005708932876587,0.4850407978241159,0.45605191588401794,50.76134502887726,0.5100642442703247,2,False,True,True,59.0,False,0.20990133285522447,UNRANKED,,False,,,
2021-02-25,2021-02-26,2021-03-01,NOW,XLK,106.5,97.39199829101562,109.07742527553013,1,take_profit,LONG,LONG,0.5015149116516113,0.502458930015564,0.5005708932876587,0.4850407978241159,0.5276762843132019,50.15149116516113,0.5100642442703247,2,False,True,True,59.0,False,0.5869024097919465,UNRANKED,,False,,,
2021-02-26,2021-03-01,2021-03-03,NOW,XLK,108.96399688720703,92.80999755859375,106.27457209995815,2,take_profit,SHORT,SHORT,0.4930848330259323,0.48559877276420593,0.5005708932876587,0.4569517161140198,0.5589720606803894,50.69151669740677,0.5100642442703247,2,False,True,True,59.0,False,1.206661656498909,UNRANKED,,False,,,
2021-03-01,2021-03-02,2021-03-03,NOW,XLK,111.91200256347656,97.79000091552734,108.61714935302734,1,take_profit,SHORT,SHORT,0.49016447365283966,0.47975805401802063,0.5005708932876587,0.4569517161140198,0.5391265153884888,50.983552634716034,0.5100642442703247,2,False,True,True,59.0,False,0.6262884438037875,UNRANKED,,False,,,
2021-03-02,2021-03-03,2021-03-04,NOW,XLK,108.85800170898438,94.80000305175781,105.53343418666294,1,take_profit,SHORT,SHORT,0.4742465913295746,0.4479222893714905,0.5005708932876587,0.4444189777675911,0.5711032748222351,52.57534086704254,0.5100642442703247,1,True,False,True,59.0,False,0.5880961120128634,UNRANKED,,False,,,
2021-03-03,2021-03-04,2021-03-05,NOW,XLK,102.18800354003906,100.5739974975586,98.12857818603516,1,take_profit,SHORT,SHORT,0.483930841088295,0.4672907888889313,0.5005708932876587,0.4444189777675911,0.5991356372833252,51.6069158911705,0.5100642442703247,1,True,False,True,59.0,False,0.377714067697525,UNRANKED,,False,,,
2021-03-04,2021-03-05,2021-03-08,NOW,XLK,99.24800109863281,97.84400177001953,94.6097183227539,1,stop_loss,LONG,LONG,0.5155827403068542,0.5305945873260498,0.5005708932876587,0.5138888888888888,0.534595787525177,51.558274030685425,0.5100642442703247,1,True,True,False,59.0,False,0.6506173312664032,UNRANKED,,False,,,
2021-03-05,2021-03-08,2021-03-15,NOW,XLK,98.15599822998047,99.35399627685547,99.35399627685547,5,time_exit,LONG,LONG,0.5162957012653351,0.5320205092430115,0.5005708932876587,0.5138888888888888,0.5360751748085022,51.62957012653351,0.5100642442703247,1,True,True,False,59.0,False,0.5942271053791047,UNRANKED,,False,,,
2021-03-08,2021-03-09,2021-03-16,NOW,XLK,96.14199829101562,99.7979965209961,99.7979965209961,5,time_exit,SHORT,SHORT,0.4974902421236038,0.49440959095954895,0.5005708932876587,0.4569517161140198,0.5296125411987305,50.25097578763962,0.5100642442703247,2,False,True,True,59.0,False,0.07624796032905598,UNRANKED,,False,,,
2021-03-09,2021-03-10,2021-03-17,NOW,XLK,99.4219970703125,97.0,97.0,5,time_exit,SHORT,SHORT,0.49312829971313477,0.48568570613861084,0.5005708932876587,0.4569517161140198,0.5246825814247131,50.68717002868652,0.5100642442703247,2,False,True,True,59.0,False,-0.10442158579826358,UNRANKED,,False,,,
2021-03-10,2021-03-11,2021-03-18,NOW,XLK,98.89800262451172,93.23600006103516,93.23600006103516,5,time_exit,SHORT,SHORT,0.4940134733915329,0.4874560534954071,0.5005708932876587,0.4569517161140198,0.49867624044418335,50.59865266084671,0.5100642442703247,2,False,True,True,59.0,False,0.10915750265121457,UNRANKED,,False,,,
2021-03-11,2021-03-12,2021-03-19,NOW,XLK,97.80000305175781,94.16799926757812,94.16799926757812,5,time_exit,LONG,LONG,0.5000307708978653,0.4994906485080719,0.5005708932876587,0.4850407978241159,0.4586458206176758,50.00307708978653,0.5100642442703247,2,False,True,True,59.0,False,0.44618991017341614,UNRANKED,,False,,,
2021-03-12,2021-03-15,2021-03-22,NOW,XLK,98.0,95.33000183105469,95.33000183105469,5,time_exit,LONG,LONG,0.5095354318618774,0.5184999704360962,0.5005708932876587,0.4850407978241159,0.5355658531188965,50.953543186187744,0.5100642442703247,2,False,True,True,59.0,False,0.43148136138916016,UNRANKED,,False,,,
2021-03-15,2021-03-16,2021-03-18,NOW,XLK,100.85600280761719,95.63400268554688,94.19486345563617,2,stop_loss,LONG,LONG,0.5025902688503265,0.5046096444129944,0.5005708932876587,0.4850407978241159,0.5242966413497925,50.259026885032654,0.5100642442703247,2,False,True,True,59.0,False,1.1432416141033173,UNRANKED,,False,,,
2021-03-16,2021-03-17,2021-03-24,NOW,XLK,98.29199981689453,94.46399688720703,94.46399688720703,5,time_exit,LONG,LONG,0.5081619322299957,0.5157529711723328,0.5005708932876587,0.4850407978241159,0.48174870014190674,50.81619322299957,0.5100642442703247,2,False,True,True,59.0,False,0.5559588968753816,UNRANKED,,False,,,
2021-03-17,2021-03-18,2021-03-25,NOW,XLK,95.93800354003906,94.43599700927734,94.43599700927734,5,time_exit,LONG,LONG,0.5014871656894684,0.5024034380912781,0.5005708932876587,0.4850407978241159,0.5080437660217285,50.14871656894684,0.5100642442703247,2,False,True,True,59.0,False,0.6015522181987764,UNRANKED,,False,,,
2021-03-18,2021-03-19,2021-03-26,NOW,XLK,93.697998046875,99.0,99.0,5,time_exit,LONG,LONG,0.5065233111381531,0.5124757289886475,0.5005708932876587,0.4850407978241159,0.5439368486404419,50.65233111381531,0.5100642442703247,2,False,True,True,59.0,False,0.6348578929901124,UNRANKED,,False,,,
2021-03-19,2021-03-22,2021-03-29,NOW,XLK,94.32599639892578,97.0780029296875,97.0780029296875,5,time_exit,LONG,LONG,0.5058079361915588,0.511044979095459,0.5005708932876587,0.4850407978241159,0.52840256690979,50.580793619155884,0.5100642442703247,2,False,True,True,59.0,False,0.36115446686744684,UNRANKED,,False,,,
2021-03-22,2021-03-23,2021-03-30,NOW,XLK,96.02200317382812,97.51399993896484,97.51399993896484,5,time_exit,LONG,LONG,0.5089145302772522,0.5172581672668457,0.5005708932876587,0.4850407978241159,0.4865277409553528,50.89145302772522,0.5100642442703247,2,False,True,True,59.0,False,0.4109534919261932,UNRANKED,,False,,,
2021-03-23,2021-03-24,2021-03-31,NOW,XLK,96.1259994506836,100.02200317382812,100.02200317382812,5,time_exit,LONG,LONG,0.5061981678009033,0.5172159671783447,0.4951803684234619,0.4850407978241159,0.46098142862319946,50.61981678009033,0.5100642442703247,2,False,True,True,59.0,False,0.2860431224107742,UNRANKED,,False,,,
2021-03-24,2021-03-25,2021-03-26,NOW,XLK,93.57599639892578,101.4020004272461,98.4151382446289,1,stop_loss,SHORT,SHORT,0.49792855978012085,0.5006767511367798,0.4951803684234619,0.4850407978241159,0.4938811659812927,50.207144021987915,0.5100642442703247,2,False,True,True,59.0,False,0.07326298952102656,UNRANKED,,False,,,
2021-03-25,2021-03-26,2021-03-31,NOW,XLK,94.697998046875,102.80400085449219,99.43628256661552,3,take_profit,LONG,LONG,0.5004897713661194,0.5057991743087769,0.4951803684234619,0.4850407978241159,0.48687461018562317,50.04897713661194,0.5100642442703247,2,False,True,True,59.0,False,0.43171605467796326,UNRANKED,,False,,,
2021-03-26,2021-03-29,2021-04-05,NOW,XLK,97.89199829101562,101.81600189208984,102.62771170479911,4,take_profit,LONG,LONG,0.5037780106067657,0.5123756527900696,0.4951803684234619,0.4850407978241159,0.5008492469787598,50.377801060676575,0.5100642442703247,2,False,True,True,59.0,False,0.48511698842048645,UNRANKED,,False,,,
2021-03-29,2021-03-30,2021-04-01,NOW,XLK,96.0,102.14600372314453,100.29885537283761,2,take_profit,LONG,LONG,0.5005658268928528,0.5059512853622437,0.4951803684234619,0.4850407978241159,0.47414684295654297,50.05658268928528,0.5100642442703247,2,False,True,True,59.0,False,0.3234696984291076,UNRANKED,,False,,,
2021-03-30,2021-03-31,2021-04-05,NOW,XLK,98.68800354003906,104.80799865722656,102.62200164794922,2,take_profit,LONG,LONG,0.5005658268928528,0.5059512853622437,0.4951803684234619,0.4850407978241159,0.4560053050518036,50.05658268928528,0.5100642442703247,2,False,True,True,59.0,False,-0.4496628940105437,UNRANKED,,False,,,
2021-03-31,2021-04-01,2021-04-09,NOW,XLK,101.5999984741211,106.0,105.06742640904018,5,stop_loss,SHORT,SHORT,0.4992634952068329,0.5033466219902039,0.4951803684234619,0.4850407978241159,0.5012977719306946,50.07365047931671,0.5100642442703247,2,False,True,True,59.0,False,-0.10306912660598758,UNRANKED,,False,,,
2021-04-01,2021-04-05,2021-04-09,NOW,XLK,102.39399719238281,107.4000015258789,105.66856820242745,4,take_profit,LONG,LONG,0.5051926970481873,0.5152050256729126,0.4951803684234619,0.4850407978241159,0.4364261031150818,50.519269704818726,0.5100642442703247,2,False,True,True,59.0,False,0.16561800241470334,UNRANKED,,False,,,
2021-04-05,2021-04-06,2021-04-09,NOW,XLK,102.27999877929688,109.78600311279297,105.53914206368583,3,take_profit,LONG,LONG,0.5062808394432068,0.5173813104629517,0.4951803684234619,0.4850407978241159,0.4491855204105377,50.62808394432068,0.5100642442703247,2,False,True,True,59.0,False,0.5629720091819764,UNRANKED,,False,,,
2021-04-06,2021-04-07,2021-04-09,NOW,XLK,102.21199798583984,108.96800231933594,105.54885537283761,2,stop_loss,SHORT,SHORT,0.49720388650894165,0.4992274045944214,0.4951803684234619,0.4850407978241159,0.5305277109146118,50.279611349105835,0.5100642442703247,2,False,True,True,59.0,False,0.3069448769092559,UNRANKED,,False,,,
2021-04-07,2021-04-08,2021-04-12,NOW,XLK,104.0,111.87000274658203,106.98428671700614,2,stop_loss,SHORT,SHORT,0.4963522106409073,0.49752405285835266,0.4951803684234619,0.4569517161140198,0.5660772919654846,50.36477893590927,0.5100642442703247,2,False,True,True,59.0,False,0.4824247062206267,UNRANKED,,False,,,
2021-04-08,2021-04-09,2021-04-12,NOW,XLK,103.61799621582031,111.38200378417969,106.44485364641461,1,stop_loss,SHORT,SHORT,0.4975775480270386,0.49997472763061523,0.4951803684234619,0.4850407978241159,0.5119755268096924,50.24224519729614,0.5100642442703247,2,False,True,True,59.0,False,0.4406377375125885,UNRANKED,,False,,,
2021-04-09,2021-04-12,2021-04-13,NOW,XLK,105.83599853515625,109.8740005493164,108.6999991280692,1,stop_loss,SHORT,SHORT,0.4975775480270386,0.49997472763061523,0.4951803684234619,0.4850407978241159,0.5119755268096924,50.24224519729614,0.5100642442703247,2,False,True,True,59.0,False,0.4343046545982361,UNRANKED,,False,,,
2021-04-12,2021-04-13,2021-04-15,NOW,XLK,107.80000305175781,108.15599822998047,110.69800349644252,2,stop_loss,SHORT,SHORT,0.4975775480270386,0.49997472763061523,0.4951803684234619,0.4850407978241159,0.5319748520851135,50.24224519729614,0.5100642442703247,2,False,True,True,59.0,False,0.13315308094024644,UNRANKED,,False,,,
2021-04-13,2021-04-14,2021-04-21,NOW,XLK,110.19999694824219,109.29399871826172,109.29399871826172,5,time_exit,LONG,LONG,0.5004170835018158,0.5056537985801697,0.4951803684234619,0.4850407978241159,0.4982616603374481,50.04170835018158,0.5100642442703247,2,False,True,True,59.0,False,0.15907397866249084,UNRANKED,,False,,,
2021-04-14,2021-04-15,2021-04-22,NOW,XLK,110.69200134277344,109.697998046875,109.697998046875,5,time_exit,SHORT,SHORT,0.49720388650894165,0.4992274045944214,0.4951803684234619,0.4850407978241159,0.5359633564949036,50.279611349105835,0.5100642442703247,2,False,True,True,59.0,False,0.07183793187141418,UNRANKED,,False,,,
2021-04-15,2021-04-16,2021-04-20,NOW,XLK,112.11199951171875,110.54000091552734,108.55628531319755,2,take_profit,SHORT,SHORT,0.49720388650894165,0.4992274045944214,0.4951803684234619,0.4850407978241159,0.5169714689254761,50.279611349105835,0.5100642442703247,2,False,True,True,59.0,False,0.24117928743362416,UNRANKED,,False,,,
2021-04-16,2021-04-19,2021-04-26,NOW,XLK,110.68399810791016,111.84200286865234,111.84200286865234,5,time_exit,LONG,LONG,0.5001921951770782,0.5052040219306946,0.4951803684234619,0.4850407978241159,0.49893712997436523,50.019219517707825,0.5100642442703247,2,False,True,True,59.0,False,0.19251474738121027,UNRANKED,,False,,,
2021-04-19,2021-04-20,2021-04-27,NOW,XLK,109.79199981689453,112.5260009765625,112.5260009765625,5,time_exit,SHORT,SHORT,0.49922919273376465,0.5032780170440674,0.4951803684234619,0.4850407978241159,0.535394012928009,50.077080726623535,0.5100642442703247,2,False,True,True,59.0,False,0.1312985420227052,UNRANKED,,False,,,
2021-04-20,2021-04-21,2021-04-27,NOW,XLK,109.03199768066406,111.447998046875,112.12942722865513,4,stop_loss,SHORT,SHORT,0.49844035506248474,0.5017003417015076,0.4951803684234619,0.4850407978241159,0.49603304266929626,50.155964493751526,0.5100642442703247,2,False,True,True,59.0,False,0.21471592783927915,UNRANKED,,False,,,
2021-04-21,2021-04-22,2021-04-27,NOW,XLK,109.4000015258789,101.0,112.30171639578683,3,take_profit,LONG,LONG,0.5020389556884766,0.5088975429534912,0.4951803684234619,0.4850407978241159,0.48597028851509094,50.203895568847656,0.5100642442703247,2,False,True,True,59.0,False,0.2506648302078248,UNRANKED,,False,,,
2021-04-22,2021-04-23,2021-04-29,NOW,XLK,110.65599822998047,101.27400207519531,107.89371163504464,4,stop_loss,LONG,LONG,0.5005658268928528,0.5059512853622437,0.4951803684234619,0.4850407978241159,0.48709410429000854,50.05658268928528,0.5100642442703247,2,False,True,True,59.0,False,0.22457158565521232,UNRANKED,,False,,,
2021-04-23,2021-04-26,2021-04-29,NOW,XLK,110.80000305175781,98.06400299072266,108.11771610804966,3,take_profit,SHORT,SHORT,0.4992634952068329,0.5033466219902039,0.4951803684234619,0.4850407978241159,0.5017265677452087,50.07365047931671,0.5100642442703247,2,False,True,True,59.0,False,0.23602831363677992,UNRANKED,,False,,,
2021-04-26,2021-04-27,2021-04-29,NOW,XLK,111.58999633789062,96.66000366210938,108.86285182407924,2,take_profit,SHORT,SHORT,0.49639755487442017,0.4976147413253784,0.4951803684234619,0.4569517161140198,0.5979078412055969,50.36024451255798,0.5100642442703247,2,False,True,True,59.0,False,0.17551109194755554,UNRANKED,,False,,,
2021-04-27,2021-04-28,2021-04-29,NOW,XLK,111.8499984741211,95.99400329589844,109.07228306361607,1,stop_loss,LONG,LONG,0.5034320652484894,0.5062932372093201,0.5005708932876587,0.4850407978241159,0.4988137185573578,50.34320652484894,0.5100642442703247,2,False,True,True,59.0,False,0.4843284189701081,UNRANKED,,False,,,
2021-04-28,2021-04-29,2021-04-30,NOW,XLK,104.19999694824219,97.16799926757812,101.64856610979352,1,stop_loss,LONG,LONG,0.504558265209198,0.5085456371307373,0.5005708932876587,0.4850407978241159,0.4626815617084503,50.4558265209198,0.5100642442703247,2,False,True,True,59.0,False,0.5712502002716064,UNRANKED,,False,,,
2021-04-29,2021-04-30,2021-05-05,NOW,XLK,100.05599975585938,96.7020034790039,96.18228367396763,3,stop_loss,LONG,LONG,0.5029801428318024,0.5010155439376831,0.5049447417259216,0.4850407978241159,0.500943124294281,50.29801428318024,0.5100642442703247,2,False,True,True,59.0,False,0.5699895322322848,UNRANKED,,False,,,
2021-04-30,2021-05-03,2021-05-04,NOW,XLK,101.49199676513672,93.36000061035156,97.77913774762835,1,stop_loss,LONG,LONG,0.5039572715759277,0.5029698014259338,0.5049447417259216,0.4850407978241159,0.49349746108055115,50.39572715759277,0.5100642442703247,2,False,True,True,59.0,False,0.7321444451808929,UNRANKED,,False,,,
2021-05-03,2021-05-04,2021-05-11,NOW,XLK,97.10399627685547,96.30000305175781,96.30000305175781,5,time_exit,LONG,LONG,0.5010607242584229,0.5018417835235596,0.5002796649932861,0.4850407978241159,0.48970159888267517,50.106072425842285,0.5100642442703247,2,False,True,True,59.0,False,0.6394464969635009,UNRANKED,,False,,,
2021-05-04,2021-05-05,2021-05-10,NOW,XLK,97.83599853515625,92.94200134277344,93.92171151297433,3,take_profit,SHORT,SHORT,0.4974386394023895,0.5032733082771301,0.4916039705276489,0.4850407978241159,0.5322605967521667,50.25613605976105,0.5100642442703247,2,False,True,True,59.0,False,0.5985675752162932,UNRANKED,,False,,,
2021-05-05,2021-05-06,2021-05-13,NOW,XLK,95.41999816894531,90.99600219726562,91.82513972691127,5,stop_loss,LONG,LONG,0.5046729743480682,0.5044012069702148,0.5049447417259216,0.4850407978241159,0.5327689051628113,50.467297434806824,0.5100642442703247,2,False,True,True,59.0,False,0.423164188861847,UNRANKED,,False,,,
2021-05-06,2021-05-07,2021-05-10,NOW,XLK,98.68000030517578,92.06600189208984,94.98714229038784,1,stop_loss,LONG,LONG,0.5029801428318024,0.5010155439376831,0.5049447417259216,0.4850407978241159,0.5302966833114624,50.29801428318024,0.5100642442703247,2,False,True,True,59.0,False,0.4886622428894043,UNRANKED,,False,,,
2021-05-07,2021-05-10,2021-05-12,NOW,XLK,96.5,90.87999725341797,92.95600019182477,2,stop_loss,LONG,LONG,0.5086750686168671,0.5124053955078125,0.5049447417259216,0.4850407978241159,0.5438806414604187,50.86750686168671,0.5100642442703247,2,False,True,True,59.0,False,0.7364871501922607,UNRANKED,,False,,,
2021-05-10,2021-05-11,2021-05-18,NOW,XLK,90.76000213623047,91.44400024414062,91.44400024414062,5,time_exit,LONG,LONG,0.5064881443977356,0.5124053955078125,0.5005708932876587,0.4850407978241159,0.472305566072464,50.64881443977356,0.5100642442703247,2,False,True,True,59.0,False,0.6203759908676147,UNRANKED,,False,,,
2021-05-11,2021-05-12,2021-05-19,NOW,XLK,94.64600372314453,91.9520034790039,91.9520034790039,5,time_exit,LONG,LONG,0.505189836025238,0.5098087787628174,0.5005708932876587,0.4850407978241159,0.4391748607158661,50.518983602523804,0.5100642442703247,2,False,True,True,59.0,False,0.6992985904216767,UNRANKED,,False,,,
2021-05-12,2021-05-13,2021-05-20,NOW,XLK,94.0,94.22599792480469,94.22599792480469,5,time_exit,LONG,LONG,0.5154771208763123,0.5160699486732483,0.5148842930793762,0.4850407978241159,0.48400208353996277,51.547712087631226,0.5100642442703247,1,True,True,False,59.0,False,0.7509641349315643,UNRANKED,,False,,,
2021-05-13,2021-05-14,2021-05-21,NOW,XLK,92.38200378417969,93.89399719238281,93.89399719238281,5,time_exit,SHORT,SHORT,0.49333374202251434,0.4930614233016968,0.4936060607433319,0.4569517161140198,0.4814212918281555,50.666625797748566,0.5100642442703247,2,False,True,True,59.0,False,-0.6533099114894869,UNRANKED,,False,,,
2021-05-14,2021-05-17,2021-05-24,NOW,XLK,91.89399719238281,95.27200317382812,95.27200317382812,5,time_exit,LONG,LONG,0.502957820892334,0.5009709000587463,0.5049447417259216,0.4850407978241159,0.5643530488014221,50.2957820892334,0.5100642442703247,2,False,True,True,59.0,False,0.990905225276947,UNRANKED,,False,,,
2021-05-17,2021-05-18,2021-05-25,NOW,XLK,91.09200286865234,95.9800033569336,95.74371773856026,5,take_profit,LONG,LONG,0.5007975697517395,0.5010242462158203,0.5005708932876587,0.4850407978241159,0.4716077744960785,50.07975697517395,0.5100642442703247,2,False,True,True,59.0,False,0.744311511516571,UNRANKED,,False,,,
2021-05-18,2021-05-19,2021-05-24,NOW,XLK,90.05000305175781,97.08200073242188,94.62828935895648,3,take_profit,LONG,LONG,0.5007708966732025,0.5009709000587463,0.5005708932876587,0.4850407978241159,0.48556679487228394,50.07708966732025,0.5100642442703247,2,False,True,True,59.0,False,0.5724704265594482,UNRANKED,,False,,,
2021-05-19,2021-05-20,2021-05-26,NOW,XLK,92.93399810791016,95.84400177001953,96.09228515625,4,take_profit,LONG,LONG,0.5007708966732025,0.5009709000587463,0.5005708932876587,0.4850407978241159,0.46160492300987244,50.07708966732025,0.5100642442703247,2,False,True,True,59.0,False,0.5605066418647766,UNRANKED,,False,,,
2021-05-20,2021-05-21,2021-05-28,NOW,XLK,94.77799987792969,94.7760009765625,94.7760009765625,5,time_exit,LONG,LONG,0.5008627474308014,0.5011546015739441,0.5005708932876587,0.4850407978241159,0.465634822845459,50.08627474308014,0.5100642442703247,2,False,True,True,59.0,False,0.47021472454071045,UNRANKED,,False,,,
2021-05-21,2021-05-24,2021-06-01,NOW,XLK,95.0,93.83399963378906,93.83399963378906,5,time_exit,LONG,LONG,0.50229811668396,0.5040253400802612,0.5005708932876587,0.4850407978241159,0.450627863407135,50.229811668395996,0.5100642442703247,2,False,True,True,59.0,False,0.44481188058853144,UNRANKED,,False,,,
2021-05-24,2021-05-25,2021-06-02,NOW,XLK,95.75,93.4020004272461,93.4020004272461,5,time_exit,SHORT,SHORT,0.4959740787744522,0.4913772642612457,0.5005708932876587,0.4569517161140198,0.48920467495918274,50.40259212255478,0.5100642442703247,2,False,True,True,59.0,False,0.2759016752243041,UNRANKED,,False,,,
2021-05-25,2021-05-26,2021-06-03,NOW,XLK,95.76200103759766,91.83999633789062,92.7268567766462,5,take_profit,SHORT,SHORT,0.49765270948410034,0.5001250505447388,0.4951803684234619,0.4850407978241159,0.4846554100513458,50.234729051589966,0.5100642442703247,2,False,True,True,59.0,False,0.271319657564163,UNRANKED,,False,,,
2021-05-26,2021-05-27,2021-06-03,NOW,XLK,96.19400024414062,92.12999725341797,93.1691414969308,4,take_profit,SHORT,SHORT,0.4989950358867645,0.5028097033500671,0.4951803684234619,0.4850407978241159,0.4951397478580475,50.10049641132355,0.5100642442703247,2,False,True,True,59.0,False,0.34948715567588823,UNRANKED,,False,,,
2021-05-27,2021-05-28,2021-06-03,NOW,XLK,96.0,91.89199829101562,92.86485508510044,3,take_profit,SHORT,SHORT,0.49906617403030396,0.502951979637146,0.4951803684234619,0.4850407978241159,0.5086660385131836,50.093382596969604,0.5100642442703247,2,False,True,True,59.0,False,0.20485121011734,UNRANKED,,False,,,
2021-05-28,2021-06-01,2021-06-03,NOW,XLK,95.5199966430664,92.1520004272461,92.70970916748047,2,take_profit,SHORT,SHORT,0.4994398057460785,0.5036992430686951,0.4951803684234619,0.4850407978241159,0.5091469883918762,50.05601942539215,0.5100642442703247,2,False,True,True,59.0,False,0.29870510101318365,UNRANKED,,False,,,
2021-06-01,2021-06-02,2021-06-09,NOW,XLK,92.91400146484375,92.94200134277344,92.94200134277344,5,time_exit,SHORT,SHORT,0.4994398057460785,0.5036992430686951,0.4951803684234619,0.4850407978241159,0.4840245544910431,50.05601942539215,0.5100642442703247,2,False,True,True,59.0,False,-0.2539318799972535,UNRANKED,,False,,,
2021-06-02,2021-06-03,2021-06-10,NOW,XLK,92.86199951171875,97.82599639892578,94.96885790143695,5,stop_loss,SHORT,SHORT,0.49813738465309143,0.501094400882721,0.4951803684234619,0.4850407978241159,0.46505746245384216,50.18626153469086,0.5100642442703247,2,False,True,True,59.0,False,-0.5827474594116212,UNRANKED,,False,,,
2021-06-03,2021-06-04,2021-06-10,NOW,XLK,92.0,99.60199737548828,94.052001953125,4,take_profit,LONG,LONG,0.5028162598609924,0.510452151298523,0.4951803684234619,0.4850407978241159,0.45941877365112305,50.28162598609924,0.5100642442703247,2,False,True,True,59.0,False,-0.09980475902557367,UNRANKED,,False,,,
2021-06-04,2021-06-07,2021-06-10,NOW,XLK,92.00399780273438,101.86799621582031,93.94457135881696,3,stop_loss,SHORT,SHORT,0.4977358281612396,0.5002912878990173,0.4951803684234619,0.4850407978241159,0.45193520188331604,50.22641718387604,0.5100642442703247,2,False,True,True,59.0,False,0.16531825065612796,UNRANKED,,False,,,
2021-06-07,2021-06-08,2021-06-10,NOW,XLK,92.79399871826172,101.08599853515625,94.59914289202008,2,take_profit,LONG,LONG,0.500431090593338,0.5002912878990173,0.5005708932876587,0.4850407978241159,0.4159211218357086,50.0431090593338,0.5100642442703247,2,False,True,True,59.0,False,0.36006397008895885,UNRANKED,,False,,,
2021-06-08,2021-06-09,2021-06-10,NOW,XLK,92.99199676513672,102.01599884033203,94.7537122453962,1,take_profit,LONG,LONG,0.5000955164432526,0.49962013959884644,0.5005708932876587,0.4850407978241159,0.4453596770763397,50.009551644325256,0.5100642442703247,2,False,True,True,59.0,False,0.21616429090499872,UNRANKED,,False,,,
2021-06-09,2021-06-10,2021-06-11,NOW,XLK,97.14199829101562,106.08000183105469,98.94399915422711,1,stop_loss,SHORT,SHORT,0.4969434589147568,0.49331602454185486,0.5005708932876587,0.4569517161140198,0.5208039879798889,50.30565410852432,0.5100642442703247,2,False,True,True,59.0,False,0.25710418820381176,UNRANKED,,False,,,
2021-06-10,2021-06-11,2021-06-14,NOW,XLK,98.0,106.74800109863281,100.17485809326172,1,stop_loss,SHORT,SHORT,0.49916887283325195,0.4977668523788452,0.5005708932876587,0.4569517161140198,0.5281550884246826,50.083112716674805,0.5100642442703247,2,False,True,True,59.0,False,0.31960344314575195,UNRANKED,,False,,,
2021-06-11,2021-06-14,2021-06-17,NOW,XLK,100.0,106.94999694824219,102.38114384242466,3,stop_loss,SHORT,SHORT,0.49973297119140625,0.4988950490951538,0.5005708932876587,0.4850407978241159,0.4667675495147705,50.026702880859375,0.5100642442703247,2,False,True,True,59.0,False,0.15286245942115795,UNRANKED,,False,,,
2021-06-14,2021-06-15,2021-06-17,NOW,XLK,102.10399627685547,109.20600128173828,104.61199624197823,2,stop_loss,SHORT,SHORT,0.49646206200122833,0.49774375557899475,0.4951803684234619,0.4569517161140198,0.570654034614563,50.35379379987717,0.5100642442703247,2,False,True,True,59.0,False,0.30092856287956243,UNRANKED,,False,,,
2021-06-15,2021-06-16,2021-06-17,NOW,XLK,101.54000091552734,110.04000091552734,104.05857195172992,1,stop_loss,SHORT,SHORT,0.49703770875930786,0.4988950490951538,0.4951803684234619,0.4850407978241159,0.4984956979751587,50.296229124069214,0.5100642442703247,2,False,True,True,59.0,False,0.15836980938911446,UNRANKED,,False,,,
2021-06-16,2021-06-17,2021-06-18,NOW,XLK,101.16000366210938,110.41400146484375,103.6540036882673,1,stop_loss,SHORT,SHORT,0.49646206200122833,0.49774375557899475,0.4951803684234619,0.4569517161140198,0.5724705457687378,50.35379379987717,0.5100642442703247,2,False,True,True,59.0,False,0.27573707699775707,UNRANKED,,False,,,
2021-06-17,2021-06-18,2021-06-22,NOW,XLK,105.76399993896484,108.99800109863281,108.66171482631138,2,stop_loss,SHORT,SHORT,0.4986758828163147,0.5021713972091675,0.4951803684234619,0.4850407978241159,0.49965012073516846,50.13241171836853,0.5100642442703247,2,False,True,True,59.0,False,0.3357027471065522,UNRANKED,,False,,,
2021-06-18,2021-06-21,2021-06-22,NOW,XLK,106.26399993896484,110.43399810791016,109.10457175118583,1,take_profit,LONG,LONG,0.5038776099681854,0.510716438293457,0.4970387816429138,0.4850407978241159,0.4689832627773285,50.38776099681854,0.5100642442703247,2,False,True,True,59.0,False,0.6107893884181975,UNRANKED,,False,,,
2021-06-21,2021-06-22,2021-06-23,NOW,XLK,107.19999694824219,111.71800231933594,109.93485369001117,1,stop_loss,SHORT,SHORT,0.4970153719186783,0.49885037541389465,0.4951803684234619,0.4850407978241159,0.5186963081359863,50.29846280813217,0.5100642442703247,2,False,True,True,59.0,False,0.3515650928020478,UNRANKED,,False,,,
2021-06-22,2021-06-23,2021-06-30,NOW,XLK,109.0,109.91000366210938,109.91000366210938,5,time_exit,SHORT,SHORT,0.4970153719186783,0.49885037541389465,0.4951803684234619,0.4850407978241159,0.48655933141708374,50.29846280813217,0.5100642442703247,2,False,True,True,59.0,False,0.62957763671875,UNRANKED,,False,,,
2021-06-23,2021-06-24,2021-07-01,NOW,XLK,110.4000015258789,109.03399658203125,109.03399658203125,5,time_exit,SHORT,SHORT,0.4970153719186783,0.49885037541389465,0.4951803684234619,0.4850407978241159,0.49948960542678833,50.29846280813217,0.5100642442703247,2,False,True,True,59.0,False,0.3362227976322176,UNRANKED,,False,,,
2021-06-24,2021-06-25,2021-07-02,NOW,XLK,111.052001953125,110.36599731445312,110.36599731445312,5,time_exit,SHORT,SHORT,0.4982297420501709,0.5012791156768799,0.4951803684234619,0.4850407978241159,0.50507652759552,50.17702579498291,0.5100642442703247,2,False,True,True,59.0,False,0.022739410400390587,UNRANKED,,False,,,
2021-06-25,2021-06-28,2021-07-06,NOW,XLK,109.5999984741211,111.697998046875,111.697998046875,5,time_exit,SHORT,SHORT,0.49906617403030396,0.502951979637146,0.4951803684234619,0.4850407978241159,0.46929454803466797,50.093382596969604,0.5100642442703247,2,False,True,True,59.0,False,-0.49042743444442755,UNRANKED,,False,,,
2021-06-28,2021-06-29,2021-07-07,NOW,XLK,111.0479965209961,112.35600280761719,112.35600280761719,5,time_exit,SHORT,SHORT,0.49838849902153015,0.5015966296195984,0.4951803684234619,0.4850407978241159,0.4623027741909027,50.161150097846985,0.5100642442703247,2,False,True,True,59.0,False,0.019036352634429956,UNRANKED,,False,,,
2021-06-29,2021-06-30,2021-07-08,NOW,XLK,111.37799835205078,112.09400177001953,112.09400177001953,5,time_exit,SHORT,SHORT,0.49838849902153015,0.5015966296195984,0.4951803684234619,0.4850407978241159,0.4605702757835388,50.161150097846985,0.5100642442703247,2,False,True,True,59.0,False,0.004625916481018101,UNRANKED,,False,,,
2021-06-30,2021-07-01,2021-07-07,NOW,XLK,109.0,113.27400207519531,111.87085723876953,3,stop_loss,SHORT,SHORT,0.4986257553100586,0.5020711421966553,0.4951803684234619,0.4850407978241159,0.45729488134384155,50.13742446899414,0.5100642442703247,2,False,True,True,59.0,False,-0.12813034653663627,UNRANKED,,False,,,
2021-07-01,2021-07-02,2021-07-09,NOW,XLK,109.6500015258789,112.38600158691406,112.39228820800781,4,stop_loss,SHORT,SHORT,0.49805009365081787,0.5009198188781738,0.4951803684234619,0.4850407978241159,0.43612727522850037,50.19499063491821,0.5100642442703247,2,False,True,True,59.0,False,0.1706940531730653,UNRANKED,,False,,,
2021-07-02,2021-07-06,2021-07-13,NOW,XLK,110.85800170898438,111.86599731445312,111.86599731445312,5,time_exit,SHORT,SHORT,0.49647361040115356,0.4977668523788452,0.4951803684234619,0.4569517161140198,0.5088610053062439,50.352638959884644,0.5100642442703247,2,False,True,True,59.0,False,0.3609896302223206,UNRANKED,,False,,,
2021-07-06,2021-07-07,2021-07-14,NOW,XLK,112.18000030517578,112.58799743652344,112.58799743652344,5,time_exit,SHORT,SHORT,0.49647361040115356,0.4977668523788452,0.4951803684234619,0.4569517161140198,0.49768972396850586,50.352638959884644,0.5100642442703247,2,False,True,True,59.0,False,0.4517392814159392,UNRANKED,,False,,,
2021-07-07,2021-07-08,2021-07-09,NOW,XLK,110.55000305175781,111.65599822998047,113.19857679094586,1,stop_loss,SHORT,SHORT,0.49683572351932526,0.4984910786151886,0.4951803684234619,0.4850407978241159,0.4582440257072449,50.316427648067474,0.5100642442703247,2,False,True,True,59.0,False,0.3780409395694733,UNRANKED,,False,,,
2021-07-08,2021-07-09,2021-07-16,NOW,XLK,111.94400024414062,111.27200317382812,111.27200317382812,5,time_exit,SHORT,SHORT,0.49683572351932526,0.4984910786151886,0.4951803684234619,0.4850407978241159,0.45528846979141235,50.316427648067474,0.5100642442703247,2,False,True,True,59.0,False,0.40107384324073786,UNRANKED,,False,,,
2021-07-09,2021-07-12,2021-07-15,NOW,XLK,114.0,111.01799774169922,111.82142639160156,3,take_profit,SHORT,SHORT,0.4973890334367752,0.4995976984500885,0.4951803684234619,0.4850407978241159,0.45300495624542236,50.26109665632248,0.5100642442703247,2,False,True,True,59.0,False,0.4424338340759279,UNRANKED,,False,,,
2021-07-12,2021-07-13,2021-07-20,NOW,XLK,112.19999694824219,113.05000305175781,113.05000305175781,5,time_exit,SHORT,SHORT,0.4973890334367752,0.4995976984500885,0.4951803684234619,0.4850407978241159,0.4680384397506714,50.26109665632248,0.5100642442703247,2,False,True,True,59.0,False,-0.09405097365379331,UNRANKED,,False,,,
2021-07-13,2021-07-14,2021-07-21,NOW,XLK,112.79199981689453,113.4260025024414,113.4260025024414,5,time_exit,SHORT,SHORT,0.4973890334367752,0.4995976984500885,0.4951803684234619,0.4850407978241159,0.46856847405433655,50.26109665632248,0.5100642442703247,2,False,True,True,59.0,False,-0.03295326232910156,UNRANKED,,False,,,
2021-07-14,2021-07-15,2021-07-22,NOW,XLK,112.6760025024414,115.33999633789062,114.68857683454242,5,stop_loss,SHORT,SHORT,0.4973890334367752,0.4995976984500885,0.4951803684234619,0.4850407978241159,0.45869967341423035,50.26109665632248,0.5100642442703247,2,False,True,True,59.0,False,0.07913225889205942,UNRANKED,,False,,,
2021-07-15,2021-07-16,2021-07-22,NOW,XLK,112.30400085449219,117.23600006103516,114.3962892804827,4,stop_loss,SHORT,SHORT,0.4990226626396179,0.4984910786151886,0.49955424666404724,0.4850407978241159,0.5017939805984497,50.09773373603821,0.5100642442703247,2,False,True,True,59.0,False,0.0553038716316223,UNRANKED,,False,,,
2021-07-16,2021-07-19,2021-07-20,NOW,XLK,110.3479995727539,116.83999633789062,112.29285866873605,1,stop_loss,SHORT,SHORT,0.4974578469991684,0.5000265836715698,0.49488911032676697,0.4850407978241159,0.4743470847606659,50.25421530008316,0.5100642442703247,2,False,True,True,59.0,False,0.2882573008537292,UNRANKED,,False,,,
2021-07-19,2021-07-20,2021-07-22,NOW,XLK,112.0,116.45800018310547,113.7760031563895,2,stop_loss,SHORT,SHORT,0.4987020343542099,0.5025149583816528,0.49488911032676697,0.4850407978241159,0.47267475724220276,50.12979656457901,0.5100642442703247,2,False,True,True,59.0,False,-0.0614060461521149,UNRANKED,,False,,,
2021-07-20,2021-07-21,2021-07-22,NOW,XLK,112.49800109863281,116.66999816894531,114.380861554827,1,take_profit,LONG,LONG,0.5007903426885605,0.5020264387130737,0.49955424666404724,0.4850407978241159,0.5051696300506592,50.07903426885605,0.5100642442703247,2,False,True,True,59.0,False,0.5054371058940887,UNRANKED,,False,,,
2021-07-21,2021-07-22,2021-07-23,NOW,XLK,114.41600036621094,117.28600311279297,116.09428950718471,1,stop_loss,SHORT,SHORT,0.49844035506248474,0.5017003417015076,0.4951803684234619,0.4850407978241159,0.4718698561191559,50.155964493751526,0.5100642442703247,2,False,True,True,59.0,False,0.4288441836833952,UNRANKED,,False,,,
2021-07-22,2021-07-23,2021-07-30,NOW,XLK,116.0,117.5780029296875,117.5780029296875,5,time_exit,SHORT,SHORT,0.4986034035682678,0.5020264387130737,0.4951803684234619,0.4850407978241159,0.5184979438781738,50.13965964317322,0.5100642442703247,2,False,True,True,59.0,False,0.17010930180549627,UNRANKED,,False,,,
2021-07-23,2021-07-26,2021-08-02,NOW,XLK,116.95999908447266,116.93399810791016,116.93399810791016,5,time_exit,SHORT,SHORT,0.4977938234806061,0.5004072785377502,0.4951803684234619,0.4850407978241159,0.4579010009765625,50.22061765193939,0.5100642442703247,2,False,True,True,59.0,False,0.3211444020271302,UNRANKED,,False,,,
2021-07-26,2021-07-27,2021-08-03,NOW,XLK,116.80000305175781,116.93199920654297,116.93199920654297,5,time_exit,SHORT,SHORT,0.49632684886455536,0.4974733293056488,0.4951803684234619,0.4569517161140198,0.5606479644775391,50.367315113544464,0.5100642442703247,2,False,True,True,59.0,False,0.05066365003585814,UNRANKED,,False,,,
2021-07-27,2021-07-28,2021-08-04,NOW,XLK,116.4000015258789,118.69400024414062,118.13400268554688,5,stop_loss,SHORT,SHORT,0.49805009365081787,0.5009198188781738,0.4951803684234619,0.4850407978241159,0.4799036383628845,50.19499063491821,0.5100642442703247,2,False,True,True,59.0,False,0.10757514834403994,UNRANKED,,False,,,
2021-07-28,2021-07-29,2021-08-04,NOW,XLK,116.91999816894531,119.0999984741211,118.64685603550502,4,stop_loss,SHORT,SHORT,0.49683572351932526,0.4984910786151886,0.4951803684234619,0.4850407978241159,0.4824010133743286,50.316427648067474,0.5100642442703247,2,False,True,True,59.0,False,0.16511979699134813,UNRANKED,,False,,,
2021-07-29,2021-07-30,2021-08-04,NOW,XLK,115.94200134277344,118.13600158691406,117.58828844342914,3,stop_loss,SHORT,SHORT,0.4978870451450348,0.5005937218666077,0.4951803684234619,0.4850407978241159,0.49649712443351746,50.21129548549652,0.5100642442703247,2,False,True,True,59.0,False,0.25623911619186407,UNRANKED,,False,,,
2021-07-30,2021-08-02,2021-08-09,NOW,XLK,117.5780029296875,117.59200286865234,117.59200286865234,5,time_exit,SHORT,SHORT,0.4978870451450348,0.5005937218666077,0.4951803684234619,0.4850407978241159,0.487954705953598,50.21129548549652,0.5100642442703247,2,False,True,True,59.0,False,0.3350410163402555,UNRANKED,,False,,,
2021-08-02,2021-08-03,2021-08-04,NOW,XLK,116.97799682617188,115.16000366210938,118.55685533796039,1,stop_loss,SHORT,SHORT,0.4992798715829849,0.49798884987831116,0.5005708932876587,0.4569517161140198,0.5339560508728027,50.07201284170151,0.5100642442703247,2,False,True,True,59.0,False,0.2250660657882689,UNRANKED,,False,,,
2021-08-03,2021-08-04,2021-08-05,NOW,XLK,117.0,114.04000091552734,118.4760011945452,1,stop_loss,SHORT,SHORT,0.4992798715829849,0.49798884987831116,0.5005708932876587,0.4569517161140198,0.5550503730773926,50.07201284170151,0.5100642442703247,2,False,True,True,59.0,False,0.2774476110935211,UNRANKED,,False,,,
2021-08-04,2021-08-05,2021-08-10,NOW,XLK,119.0,116.31400299072266,117.40542711530414,3,take_profit,SHORT,SHORT,0.4971780329942703,0.49378517270088196,0.5005708932876587,0.4569517161140198,0.5107586979866028,50.28219670057297,0.5100642442703247,2,False,True,True,59.0,False,0.20078521966934212,UNRANKED,,False,,,
2021-08-05,2021-08-06,2021-08-10,NOW,XLK,118.80000305175781,117.56600189208984,117.20228685651507,2,take_profit,SHORT,SHORT,0.49848033487796783,0.496389776468277,0.5005708932876587,0.4569517161140198,0.5071827173233032,50.15196651220322,0.5100642442703247,2,False,True,True,59.0,False,0.39530107378959667,UNRANKED,,False,,,
2021-08-06,2021-08-09,2021-08-10,NOW,XLK,117.98999786376953,116.04399871826172,116.29085431780133,1,take_profit,SHORT,SHORT,0.4988424479961395,0.49711400270462036,0.5005708932876587,0.4569517161140198,0.5328453779220581,50.11575520038605,0.5100642442703247,2,False,True,True,59.0,False,0.35886341333389293,UNRANKED,,False,,,
2021-08-09,2021-08-10,2021-08-11,NOW,XLK,117.5999984741211,116.447998046875,116.1134272984096,1,take_profit,SHORT,SHORT,0.49947690963745117,0.49838292598724365,0.5005708932876587,0.4850407978241159,0.47639700770378113,50.05230903625488,0.5100642442703247,2,False,True,True,59.0,False,0.1791546046733857,UNRANKED,,False,,,
2021-08-10,2021-08-11,2021-08-13,NOW,XLK,115.68800354003906,116.38999938964844,117.46828896658761,2,take_profit,LONG,LONG,0.5005177110433578,0.4995577037334442,0.5014777183532715,0.4995577037334442,0.5304016470909119,50.051771104335785,0.5082714259624481,2,False,True,True,52.0,True,0.23312127590179432,UNRANKED,,False,,,
2021-08-11,2021-08-12,2021-08-13,NOW,XLK,113.85399627685547,117.38400268554688,115.52085440499442,1,stop_loss,SHORT,SHORT,0.4911472797393799,0.4995577037334442,0.48273685574531555,0.4995577037334442,0.4658015966415405,50.88527202606201,0.5082714259624481,1,True,False,True,52.0,True,0.23772472143173215,UNRANKED,,False,,,
2021-08-12,2021-08-13,2021-08-20,NOW,XLK,115.80799865722656,120.10399627685547,117.5288565499442,5,stop_loss,SHORT,SHORT,0.49470245838165283,0.4995577037334442,0.48984721302986145,0.4995577037334442,0.4889105558395386,50.52975416183472,0.5082714259624481,2,False,True,True,52.0,True,0.3022313416004182,UNRANKED,,False,,,
2021-08-13,2021-08-16,2021-08-20,NOW,XLK,117.19999694824219,123.88600158691406,119.0431398664202,4,take_profit,LONG,LONG,0.5015359669923782,0.4995577037334442,0.5035142302513123,0.4995577037334442,0.39908260107040405,50.15359669923782,0.5082714259624481,2,False,True,True,52.0,True,0.3872422873973846,UNRANKED,,False,,,
2021-08-16,2021-08-17,2021-08-20,NOW,XLK,115.88999938964844,124.37000274658203,117.89600045340401,3,stop_loss,SHORT,SHORT,0.4973612576723099,0.4995577037334442,0.49516481161117554,0.4995577037334442,0.46885570883750916,50.26387423276901,0.5082714259624481,2,False,True,True,52.0,True,0.4076118767261505,UNRANKED,,False,,,
2021-08-17,2021-08-18,2021-08-20,NOW,XLK,116.09400177001953,124.21399688720703,118.12743159702846,2,stop_loss,SHORT,SHORT,0.49569860100746155,0.4995577037334442,0.4918394982814789,0.4995577037334442,0.5505568981170654,50.430139899253845,0.5082714259624481,2,False,True,True,52.0,True,0.3642534613609314,UNRANKED,,False,,,
2021-08-18,2021-08-19,2021-08-20,NOW,XLK,115.9000015258789,124.80599975585938,117.85371616908482,1,stop_loss,SHORT,SHORT,0.4956638664007187,0.4995577037334442,0.49177002906799316,0.4995577037334442,0.6194719672203064,50.43361335992813,0.5082714259624481,2,False,True,True,52.0,True,0.298903375864029,UNRANKED,,False,,,
2021-08-19,2021-08-20,2021-08-23,NOW,XLK,118.20999908447266,126.4800033569336,120.26399993896484,1,take_profit,LONG,LONG,0.5092140287160873,0.4995577037334442,0.5188703536987305,0.4995577037334442,0.43800970911979675,50.921402871608734,0.5082714259624481,1,True,True,False,52.0,True,0.5457246899604797,UNRANKED,,False,,,
2021-08-20,2021-08-23,2021-08-24,NOW,XLK,120.4000015258789,128.3300018310547,122.75057220458984,1,take_profit,LONG,LONG,0.5092140287160873,0.4995577037334442,0.5188703536987305,0.4995577037334442,0.40685319900512695,50.921402871608734,0.5082714259624481,1,True,True,False,52.0,True,0.4005019068717956,UNRANKED,,False,,,
2021-08-23,2021-08-24,2021-08-30,NOW,XLK,124.0,128.72799682617188,126.89057159423828,4,take_profit,LONG,LONG,0.5112028270959854,0.4995577037334442,0.5228479504585266,0.4995577037334442,0.520200252532959,51.12028270959854,0.5082714259624481,1,True,True,False,52.0,True,0.4100807607173919,UNRANKED,,False,,,
2021-08-24,2021-08-25,2021-08-30,NOW,XLK,124.5999984741211,130.1699981689453,127.30799865722656,3,stop_loss,SHORT,SHORT,0.4762575030326843,0.4995577037334442,0.45295730233192444,0.4995577037334442,0.5721587538719177,52.37424969673157,0.5082714259624481,1,True,False,True,52.0,True,0.2073414027690887,UNRANKED,,False,,,
2021-08-25,2021-08-26,2021-08-30,NOW,XLK,124.52400207519531,132.06199645996094,127.1962890625,2,stop_loss,SHORT,SHORT,0.49085746705532074,0.4995577037334442,0.48215723037719727,0.4995577037334442,0.5362248420715332,50.914253294467926,0.5082714259624481,1,True,False,True,52.0,True,0.20106241106987002,UNRANKED,,False,,,
2021-08-26,2021-08-27,2021-08-30,NOW,XLK,125.0,135.7259979248047,127.61914498465401,1,stop_loss,SHORT,SHORT,0.4972616881132126,0.4995577037334442,0.49496567249298096,0.4995577037334442,0.5586152076721191,50.27383118867874,0.5082714259624481,2,False,True,True,52.0,True,0.2563329935073853,UNRANKED,,False,,,
2021-08-27,2021-08-30,2021-09-01,NOW,XLK,126.80000305175781,132.21800231933594,129.58057730538505,2,stop_loss,SHORT,SHORT,0.49903203547000885,0.4995577037334442,0.4985063672065735,0.4995577037334442,0.5724509358406067,50.096796452999115,0.5082714259624481,2,False,True,True,52.0,True,0.3254945278167725,UNRANKED,,False,,,
2021-08-30,2021-08-31,2021-09-02,NOW,XLK,129.0,130.75999450683594,131.69743129185267,2,take_profit,LONG,LONG,0.5113690048456192,0.4995577037334442,0.5231803059577942,0.4995577037334442,0.43750277161598206,51.13690048456192,0.5082714259624481,1,True,True,False,52.0,True,0.394295483827591,UNRANKED,,False,,,
2021-08-31,2021-09-01,2021-09-02,NOW,XLK,128.72000122070312,130.03799438476562,131.31428854806083,1,take_profit,LONG,LONG,0.5089730471372604,0.4995577037334442,0.5183883905410767,0.4995577037334442,0.4694502353668213,50.897304713726044,0.5082714259624481,1,True,True,False,52.0,True,0.34664741158485407,UNRANKED,,False,,,
2021-09-01,2021-09-02,2021-09-03,NOW,XLK,130.8000030517578,129.5959930419922,133.27543313162667,1,take_profit,LONG,LONG,0.5089730471372604,0.4995577037334442,0.5183883905410767,0.4995577037334442,0.42028921842575073,50.897304713726044,0.5082714259624481,1,True,True,False,52.0,True,0.2767996191978454,UNRANKED,,False,,,
2021-09-02,2021-09-03,2021-09-13,NOW,XLK,132.0,127.81600189208984,129.43314143589564,5,take_profit,SHORT,SHORT,0.4963209331035614,0.4995577037334442,0.4930841624736786,0.4995577037334442,0.48931756615638733,50.36790668964386,0.5082714259624481,2,False,True,True,52.0,True,0.30287992954254156,UNRANKED,,False,,,
2021-09-03,2021-09-07,2021-09-08,NOW,XLK,135.7259979248047,129.08399963378906,132.85313960484095,1,stop_loss,LONG,LONG,0.5029979795217514,0.4995577037334442,0.5064382553100586,0.4995577037334442,0.5565860271453857,50.29979795217514,0.5082714259624481,2,False,True,True,52.0,True,0.340207427740097,UNRANKED,,False,,,
2021-09-07,2021-09-08,2021-09-13,NOW,XLK,132.06199645996094,130.42999267578125,128.74571010044642,3,stop_loss,LONG,LONG,0.5049843043088913,0.4995577037334442,0.5104109048843384,0.4995577037334442,0.4517568051815033,50.49843043088913,0.5082714259624481,2,False,True,True,52.0,True,0.3718465268611908,UNRANKED,,False,,,
2021-09-08,2021-09-09,2021-09-16,NOW,XLK,131.156005859375,131.27000427246094,131.27000427246094,5,time_exit,SHORT,SHORT,0.4997665137052536,0.4995577037334442,0.499975323677063,0.4995577037334442,0.49889516830444336,50.02334862947464,0.5082714259624481,2,False,True,True,52.0,True,0.30554068088531494,UNRANKED,,False,,,
2021-09-09,2021-09-10,2021-09-17,NOW,XLK,130.6219940185547,130.20599365234375,130.20599365234375,5,time_exit,SHORT,SHORT,0.49355360865592957,0.4995577037334442,0.4875495135784149,0.4995577037334442,0.5555287003517151,50.64463913440704,0.5082714259624481,2,False,True,True,52.0,True,0.41319033503532415,UNRANKED,,False,,,
2021-09-10,2021-09-13,2021-09-20,NOW,XLK,129.8000030517578,129.74600219726562,129.74600219726562,5,time_exit,SHORT,SHORT,0.4817899763584137,0.4995577037334442,0.4640222489833832,0.4995577037334442,0.5258129835128784,51.82100236415863,0.5082714259624481,1,True,False,True,52.0,True,0.28684738278388977,UNRANKED,,False,,,
2021-09-13,2021-09-14,2021-09-16,NOW,XLK,128.3979949951172,130.83999633789062,131.26399557931083,2,stop_loss,SHORT,SHORT,0.4872095584869385,0.4995577037334442,0.47486141324043274,0.4995577037334442,0.6424828767776489,51.27904415130615,0.5082714259624481,1,True,False,True,52.0,True,0.12106966972351088,UNRANKED,,False,,,
2021-09-14,2021-09-15,2021-09-22,NOW,XLK,128.8179931640625,132.52999877929688,131.7959932599749,5,take_profit,LONG,LONG,0.5193391293287277,0.4995577037334442,0.5391205549240112,0.4995577037334442,0.49369680881500244,51.93391293287277,0.5082714259624481,1,True,True,False,52.0,True,0.3328413367271425,UNRANKED,,False,,,
2021-09-15,2021-09-16,2021-09-23,NOW,XLK,130.05999755859375,132.843994140625,132.843994140625,5,time_exit,LONG,LONG,0.5193391293287277,0.4995577037334442,0.5391205549240112,0.4995577037334442,0.4833037257194519,51.93391293287277,0.5082714259624481,1,True,True,False,52.0,True,0.2726309895515443,UNRANKED,,False,,,
2021-09-16,2021-09-17,2021-09-24,NOW,XLK,130.67799377441406,133.26199340820312,133.26199340820312,5,time_exit,LONG,LONG,0.5361216515302658,0.4995577037334442,0.5726855993270874,0.4995577037334442,0.4228086471557617,53.61216515302658,0.5082714259624481,1,True,True,False,52.0,True,0.45167601108551036,UNRANKED,,False,,,
2021-09-17,2021-09-20,2021-09-22,NOW,XLK,128.8719940185547,129.91200256347656,131.96828024727958,2,take_profit,LONG,LONG,0.5337690562009811,0.4995577037334442,0.5679804086685181,0.4995577037334442,0.5443762540817261,53.376905620098114,0.5082714259624481,1,True,True,False,52.0,True,0.3365005552768707,UNRANKED,,False,,,
2021-09-20,2021-09-21,2021-09-24,NOW,XLK,130.0,122.50399780273438,132.89771379743303,3,take_profit,LONG,LONG,0.5361216515302658,0.4995577037334442,0.5726855993270874,0.4995577037334442,0.46540510654449463,53.61216515302658,0.5082714259624481,1,True,True,False,52.0,True,0.2311211526393891,UNRANKED,,False,,,
2021-09-21,2021-09-22,2021-09-28,NOW,XLK,131.60000610351562,123.60399627685547,128.60286385672433,4,stop_loss,LONG,LONG,0.5421595424413681,0.4995577037334442,0.584761381149292,0.4995577037334442,0.48883897066116333,54.21595424413681,0.5082714259624481,1,True,True,False,52.0,True,0.35485970973968506,UNRANKED,,False,,,
2021-09-22,2021-09-23,2021-09-27,NOW,XLK,133.60000610351562,124.4540023803711,130.56743512834822,2,stop_loss,LONG,LONG,0.5509169399738312,0.5060219168663025,0.5958119630813599,0.5060219168663025,0.4819985330104828,55.09169399738312,0.5082714259624481,1,True,True,False,52.0,True,0.6343966275453568,UNRANKED,,False,,,
2021-09-23,2021-09-24,2021-09-28,NOW,XLK,132.4199981689453,126.55999755859375,129.61285618373327,2,stop_loss,LONG,LONG,0.5032937675714493,0.4995577037334442,0.5070298314094543,0.4995577037334442,0.4354443848133087,50.32937675714493,0.5082714259624481,2,False,True,True,52.0,True,0.18449747562408453,UNRANKED,,False,,,
2021-09-24,2021-09-27,2021-09-28,NOW,XLK,131.9759979248047,123.59400177001953,129.63257053920202,1,stop_loss,LONG,LONG,0.5033449083566666,0.4995577037334442,0.5071321129798889,0.4995577037334442,0.42727237939834595,50.33449083566666,0.5082714259624481,2,False,True,True,52.0,True,0.28812718391418457,UNRANKED,,False,,,
2021-09-27,2021-09-28,2021-09-29,NOW,XLK,126.73400115966797,126.68399810791016,124.41314588274274,1,stop_loss,LONG,LONG,0.5071086436510086,0.4995577037334442,0.514659583568573,0.4995577037334442,0.37056395411491394,50.71086436510086,0.5082714259624481,2,False,True,True,52.0,True,0.3029550313949584,UNRANKED,,False,,,
2021-09-28,2021-09-29,2021-10-06,NOW,XLK,124.0,125.87200164794922,125.87200164794922,5,time_exit,SHORT,SHORT,0.48306258022785187,0.5006961226463318,0.46542903780937195,0.5006961226463318,0.5307082533836365,51.69374197721481,0.5082714259624481,1,True,False,True,52.0,True,0.1474544405937194,UNRANKED,,False,,,
2021-09-29,2021-09-30,2021-10-07,NOW,XLK,124.04000091552734,127.58399963378906,127.26485552106585,5,take_profit,LONG,LONG,0.5011319071054459,0.4995577037334442,0.5027061104774475,0.4995577037334442,0.38864943385124207,50.113190710544586,0.5082714259624481,2,False,True,True,52.0,True,0.43006250262260437,UNRANKED,,False,,,
2021-09-30,2021-10-01,2021-10-08,NOW,XLK,124.75599670410156,123.51599884033203,123.51599884033203,5,time_exit,LONG,LONG,0.5434422641992569,0.4995577037334442,0.5873268246650696,0.4995577037334442,0.4295201599597931,54.34422641992569,0.5082714259624481,1,True,True,False,52.0,True,0.6303784847259523,UNRANKED,,False,,,
2021-10-01,2021-10-04,2021-10-08,NOW,XLK,127.08000183105469,123.16999816894531,123.75028882707868,4,stop_loss,LONG,LONG,0.5434422641992569,0.4995577037334442,0.5873268246650696,0.4995577037334442,0.3859075605869293,54.34422641992569,0.5082714259624481,1,True,True,False,52.0,True,0.722561091184616,UNRANKED,,False,,,
2021-10-04,2021-10-05,2021-10-12,NOW,XLK,124.49400329589844,125.82599639892578,125.82599639892578,5,time_exit,LONG,LONG,0.5408419668674469,0.5008945465087891,0.5807893872261047,0.5008945465087891,0.4855274260044098,54.08419668674469,0.5082714259624481,1,True,True,False,52.0,True,0.7841238677501681,UNRANKED,,False,,,
2021-10-05,2021-10-06,2021-10-13,NOW,XLK,125.46800231933594,127.88200378417969,127.88200378417969,5,time_exit,LONG,LONG,0.5408419668674469,0.5008945465087891,0.5807893872261047,0.5008945465087891,0.5670923590660095,54.08419668674469,0.5082714259624481,1,True,True,False,52.0,True,0.6337960958480834,UNRANKED,,False,,,
2021-10-06,2021-10-07,2021-10-11,NOW,XLK,127.28600311279297,130.6060028076172,123.4685777936663,2,stop_loss,LONG,LONG,0.5464953780174255,0.5008945465087891,0.592096209526062,0.5008945465087891,0.599403977394104,54.649537801742554,0.5082714259624481,1,True,True,False,52.0,True,0.6988547444343567,UNRANKED,,False,,,
2021-10-07,2021-10-08,2021-10-11,NOW,XLK,128.0,132.63600158691406,124.09000505719867,1,stop_loss,LONG,LONG,0.5111883282661438,0.5039557814598083,0.5184208750724792,0.5039557814598083,0.5116716623306274,51.11883282661438,0.5082714259624481,1,True,True,False,52.0,True,0.49920612573623646,UNRANKED,,False,,,
2021-10-08,2021-10-11,2021-10-14,NOW,XLK,123.60399627685547,133.24400329589844,128.02942112513952,3,take_profit,LONG,LONG,0.5094035863876343,0.5039557814598083,0.5148513913154602,0.5039557814598083,0.503391683101654,50.94035863876343,0.5082714259624481,1,True,True,False,52.0,True,0.16774457693099964,UNRANKED,,False,,,
2021-10-11,2021-10-12,2021-10-14,NOW,XLK,124.47200012207031,136.0500030517578,128.79056876046317,2,take_profit,LONG,LONG,0.5094035863876343,0.5039557814598083,0.5148513913154602,0.5039557814598083,0.4950832724571228,50.94035863876343,0.5082714259624481,1,True,True,False,52.0,True,0.16219019889831543,UNRANKED,,False,,,
2021-10-12,2021-10-13,2021-10-14,NOW,XLK,126.0,136.2220001220703,130.45656803676061,1,take_profit,LONG,LONG,0.5031092762947083,0.5039557814598083,0.5022627711296082,0.5039557814598083,0.47884681820869446,50.310927629470825,0.5082714259624481,2,False,True,True,52.0,True,0.5485815107822418,UNRANKED,,False,,,
2021-10-13,2021-10-14,2021-10-19,NOW,XLK,130.0,137.26800537109375,134.70542689732142,3,take_profit,LONG,LONG,0.5071104466915131,0.5039557814598083,0.5102651119232178,0.5039557814598083,0.4627927839756012,50.711044669151306,0.5082714259624481,2,False,True,True,52.0,True,0.47978484630584706,UNRANKED,,False,,,
2021-10-14,2021-10-15,2021-10-21,NOW,XLK,131.3719940185547,137.3300018310547,136.40684945242745,4,take_profit,LONG,LONG,0.5015786588191986,0.5008945465087891,0.5022627711296082,0.5008945465087891,0.3815135359764099,50.15786588191986,0.5082714259624481,2,False,True,True,52.0,True,0.42866837978363026,UNRANKED,,False,,,
2021-10-15,2021-10-18,2021-10-25,NOW,XLK,132.6999969482422,137.77000427246094,137.54628208705358,5,take_profit,LONG,LONG,0.511301726102829,0.5008945465087891,0.5217089056968689,0.5008945465087891,0.48457223176956177,51.1301726102829,0.5082714259624481,1,True,True,False,52.0,True,0.376660168170929,UNRANKED,,False,,,
2021-10-18,2021-10-19,2021-10-26,NOW,XLK,134.47999572753906,135.3419952392578,135.3419952392578,5,time_exit,LONG,LONG,0.5176926255226135,0.5008945465087891,0.534490704536438,0.5008945465087891,0.560400128364563,51.76926255226135,0.5082714259624481,1,True,True,False,52.0,True,0.23772090673446652,UNRANKED,,False,,,
2021-10-19,2021-10-20,2021-10-27,NOW,XLK,136.8459930419922,132.95199584960938,132.95199584960938,5,time_exit,LONG,LONG,0.5059531331062317,0.5008945465087891,0.5110117197036743,0.5008945465087891,0.48426371812820435,50.59531331062317,0.5082714259624481,2,False,True,True,52.0,True,0.19760948419570928,UNRANKED,,False,,,
2021-10-20,2021-10-21,2021-10-28,NOW,XLK,136.0,137.5399932861328,137.5399932861328,5,time_exit,LONG,LONG,0.5059531331062317,0.5008945465087891,0.5110117197036743,0.5008945465087891,0.47849583625793457,50.59531331062317,0.5082714259624481,2,False,True,True,52.0,True,0.1968753337860108,UNRANKED,,False,,,
2021-10-21,2021-10-22,2021-10-27,NOW,XLK,137.1999969482422,139.552001953125,133.3297119140625,3,stop_loss,LONG,LONG,0.5059531331062317,0.5008945465087891,0.5110117197036743,0.5008945465087891,0.3857088088989258,50.59531331062317,0.5082714259624481,2,False,True,True,52.0,True,0.3491349816322326,UNRANKED,,False,,,
2021-10-22,2021-10-25,2021-10-27,NOW,XLK,137.3300018310547,136.39599609375,133.87457384381975,2,take_profit,SHORT,SHORT,0.49256521463394165,0.5008945465087891,0.48423588275909424,0.5008945465087891,0.3833962380886078,50.743478536605835,0.5082714259624481,2,False,True,True,52.0,True,0.17911097407341006,UNRANKED,,False,,,
2021-10-25,2021-10-26,2021-10-27,NOW,XLK,138.53799438476562,137.3179931640625,135.4611369541713,1,stop_loss,LONG,LONG,0.5007409453392029,0.5008945465087891,0.5005873441696167,0.5008945465087891,0.4064417779445648,50.07409453392029,0.5082714259624481,2,False,True,True,52.0,True,0.20840710401535037,UNRANKED,,False,,,
2021-10-26,2021-10-27,2021-10-29,NOW,XLK,135.13999938964844,137.53399658203125,138.44771575927734,2,take_profit,LONG,LONG,0.503032773733139,0.5008945465087891,0.505171000957489,0.5008945465087891,0.3485293984413147,50.303277373313904,0.5082714259624481,2,False,True,True,52.0,True,0.2461709678173065,UNRANKED,,False,,,
2021-10-27,2021-10-28,2021-10-29,NOW,XLK,134.302001953125,140.3459930419922,137.70657566615515,1,stop_loss,SHORT,SHORT,0.49741050601005554,0.5008945465087891,0.493926465511322,0.5008945465087891,0.5403699278831482,50.258949398994446,0.5082714259624481,2,False,True,True,52.0,True,0.29385539889335627,UNRANKED,,False,,,
2021-10-28,2021-10-29,2021-11-05,NOW,XLK,137.27000427246094,138.40199279785156,138.40199279785156,5,time_exit,LONG,LONG,0.5042212605476379,0.5008945465087891,0.5075479745864868,0.5008945465087891,0.49844154715538025,50.422126054763794,0.5082714259624481,2,False,True,True,52.0,True,0.2592919766902924,UNRANKED,,False,,,
2021-10-29,2021-11-01,2021-11-08,NOW,XLK,140.0,138.45599365234375,138.45599365234375,5,time_exit,LONG,LONG,0.5042212605476379,0.5008945465087891,0.5075479745864868,0.5008945465087891,0.42690029740333557,50.422126054763794,0.5082714259624481,2,False,True,True,52.0,True,0.2880602777004242,UNRANKED,,False,,,
2021-11-01,2021-11-02,2021-11-09,NOW,XLK,137.197998046875,138.25399780273438,138.25399780273438,5,time_exit,LONG,LONG,0.5042212605476379,0.5008945465087891,0.5075479745864868,0.5008945465087891,0.40537402033805847,50.422126054763794,0.5082714259624481,2,False,True,True,52.0,True,0.34366461634635914,UNRANKED,,False,,,
2021-11-02,2021-11-03,2021-11-10,NOW,XLK,137.82000732421875,134.1820068359375,134.19371904645647,5,stop_loss,LONG,LONG,0.5030223429203033,0.5008945465087891,0.5051501393318176,0.5008945465087891,0.4114375710487366,50.302234292030334,0.5082714259624481,2,False,True,True,52.0,True,0.2060000002384187,UNRANKED,,False,,,
2021-11-03,2021-11-04,2021-11-10,NOW,XLK,138.0,135.85000610351562,134.73199680873327,4,take_profit,SHORT,SHORT,0.4618421941995621,0.4979346692562103,0.4257497191429138,0.4979346692562103,0.6802313327789307,53.81578058004379,0.5082714259624481,1,True,False,True,52.0,True,-0.44881403446197526,UNRANKED,,False,,,
2021-11-04,2021-11-05,2021-11-10,NOW,XLK,140.39999389648438,138.27999877929688,137.02027675083704,3,take_profit,SHORT,SHORT,0.45748743414878845,0.5008945465087891,0.41408032178878784,0.5008945465087891,0.4308259189128876,54.251256585121155,0.5082714259624481,1,True,False,True,52.0,True,0.2446508407592773,UNRANKED,,False,,,
2021-11-05,2021-11-08,2021-11-10,NOW,XLK,138.74400329589844,136.51400756835938,135.17342921665735,2,take_profit,SHORT,SHORT,0.4918157011270523,0.5008945465087891,0.48273685574531555,0.5008945465087891,0.42050158977508545,50.81842988729477,0.5082714259624481,2,False,True,True,52.0,True,0.2632246017456054,UNRANKED,,False,,,
2021-11-08,2021-11-09,2021-11-10,NOW,XLK,139.06199645996094,138.50999450683594,135.88456508091517,1,take_profit,SHORT,SHORT,0.4974072426557541,0.5008945465087891,0.4939199388027191,0.5008945465087891,0.3990403115749359,50.25927573442459,0.5082714259624481,2,False,True,True,52.0,True,0.2359731793403626,UNRANKED,,False,,,
2021-11-09,2021-11-10,2021-11-17,NOW,XLK,137.35800170898438,136.98599243164062,136.98599243164062,5,time_exit,SHORT,SHORT,0.4941055625677109,0.5008945465087891,0.4873165786266327,0.5008945465087891,0.436511754989624,50.58944374322891,0.5082714259624481,2,False,True,True,52.0,True,0.1282856166362762,UNRANKED,,False,,,
2021-11-10,2021-11-11,2021-11-18,NOW,XLK,135.93800354003906,135.16799926757812,135.16799926757812,5,time_exit,SHORT,SHORT,0.4941055625677109,0.5008945465087891,0.4873165786266327,0.5008945465087891,0.4281946122646332,50.58944374322891,0.5082714259624481,2,False,True,True,52.0,True,0.18738180398941046,UNRANKED,,False,,,
2021-11-11,2021-11-12,2021-11-19,NOW,XLK,137.0,135.19400024414062,135.19400024414062,5,time_exit,SHORT,SHORT,0.46497659385204315,0.5008945465087891,0.42905864119529724,0.5008945465087891,0.5603492856025696,53.502340614795685,0.5082714259624481,1,True,False,True,52.0,True,-0.4629819989204406,UNRANKED,,False,,,
2021-11-12,2021-11-15,2021-11-22,NOW,XLK,137.89199829101562,131.2760009765625,133.76428440638952,5,take_profit,SHORT,SHORT,0.4943309426307678,0.5008945465087891,0.4877673387527466,0.5008945465087891,0.5173837542533875,50.56690573692322,0.5082714259624481,2,False,True,True,52.0,True,-0.05535298585891717,UNRANKED,,False,,,
2021-11-15,2021-11-16,2021-11-22,NOW,XLK,136.9980010986328,127.38200378417969,132.96486118861608,4,take_profit,SHORT,SHORT,0.4884099215269089,0.5008945465087891,0.4759252965450287,0.5008945465087891,0.4822356104850769,51.15900784730911,0.5082714259624481,1,True,False,True,52.0,True,0.3723349869251252,UNRANKED,,False,,,
2021-11-16,2021-11-17,2021-11-22,NOW,XLK,138.86599731445312,129.86199951171875,134.88914489746094,3,stop_loss,LONG,LONG,0.5018649697303772,0.5008945465087891,0.5028353929519653,0.5008945465087891,0.39966562390327454,50.18649697303772,0.5082714259624481,2,False,True,True,52.0,True,0.4327246546745301,UNRANKED,,False,,,
2021-11-17,2021-11-18,2021-11-22,NOW,XLK,136.49400329589844,129.91000366210938,132.95486450195312,2,take_profit,SHORT,SHORT,0.48862896859645844,0.5008945465087891,0.4763633906841278,0.5008945465087891,0.5093700885772705,51.13710314035416,0.5082714259624481,1,True,False,True,52.0,True,0.273860514163971,UNRANKED,,False,,,
2021-11-18,2021-11-19,2021-11-22,NOW,XLK,136.06199645996094,134.56399536132812,132.55057416643416,1,stop_loss,LONG,LONG,0.503180980682373,0.5008945465087891,0.505467414855957,0.5008945465087891,0.4003247022628784,50.318098068237305,0.5082714259624481,2,False,True,True,52.0,True,0.3099536001682282,UNRANKED,,False,,,
2021-11-19,2021-11-22,2021-11-23,NOW,XLK,135.14199829101562,129.5399932861328,132.07771955217635,1,stop_loss,LONG,LONG,0.5014106333255768,0.5008945465087891,0.5019267201423645,0.5008945465087891,0.4915272295475006,50.14106333255768,0.5082714259624481,2,False,True,True,52.0,True,0.056208699941634986,UNRANKED,,False,,,
2021-11-22,2021-11-23,2021-11-29,NOW,XLK,130.0,119.91400146484375,133.49227905273438,3,take_profit,LONG,LONG,0.5031972527503967,0.5008945465087891,0.5054999589920044,0.5008945465087891,0.49742811918258667,50.31972527503967,0.5082714259624481,2,False,True,True,52.0,True,0.7139900624752046,UNRANKED,,False,,,
2021-11-23,2021-11-24,2021-11-29,NOW,XLK,125.99199676513672,124.67400360107422,130.00970349993025,2,take_profit,LONG,LONG,0.5058058202266693,0.5008945465087891,0.5107170939445496,0.5008945465087891,0.6094655394554138,50.58058202266693,0.5082714259624481,2,False,True,True,52.0,True,0.544623076915741,MEDIUM,,True,1.1366784094736848,-1.0,-0.10041669560386138
2021-11-24,2021-11-26,2021-11-29,NOW,XLK,128.9040069580078,122.62200164794922,132.87428501674108,1,take_profit,LONG,LONG,0.5028566122055054,0.5008945465087891,0.5048186779022217,0.5008945465087891,0.5224775075912476,50.28566122055054,0.5082714259624481,2,False,True,True,52.0,True,0.5094486176967622,UNRANKED,,False,,,
2021-11-26,2021-11-29,2021-12-01,NOW,XLK,131.92599487304688,123.30799865722656,128.22657339913505,2,stop_loss,LONG,LONG,0.527489423751831,0.5008945465087891,0.554084300994873,0.5008945465087891,0.40307366847991943,52.748942375183105,0.5082714259624481,1,True,True,False,52.0,True,0.6868010163307191,UNRANKED,,False,,,
2021-11-29,2021-11-30,2021-12-01,NOW,XLK,134.92599487304688,132.67799377441406,130.5694318498884,1,stop_loss,LONG,LONG,0.5207396745681763,0.5008945465087891,0.5405848026275635,0.5008945465087891,0.33054277300834656,52.07396745681763,0.5082714259624481,1,True,True,False,52.0,True,0.7071870863437653,UNRANKED,,False,,,
2021-11-30,2021-12-01,2021-12-02,NOW,XLK,130.07200622558594,133.16200256347656,125.02658517020089,1,stop_loss,LONG,LONG,0.5120774209499359,0.5008945465087891,0.5232602953910828,0.5008945465087891,0.390543669462204,51.20774209499359,0.5082714259624481,1,True,True,False,52.0,True,0.46245318651199335,UNRANKED,,False,,,
2021-12-01,2021-12-02,2021-12-07,NOW,XLK,119.91400146484375,128.42999267578125,125.75285121372768,3,take_profit,LONG,LONG,0.5652974247932434,0.5008945465087891,0.6297003030776978,0.5008945465087891,0.5652323961257935,56.52974247932434,0.5082714259624481,1,True,True,False,52.0,True,0.8685569167137145,UNRANKED,,False,,,
2021-12-02,2021-12-03,2021-12-07,NOW,XLK,125.53800201416016,129.39999389648438,131.81856645856584,2,take_profit,LONG,LONG,0.5436325222253799,0.4981304109096527,0.5891346335411072,0.4981304109096527,0.44492173194885254,54.363252222537994,0.5082714259624481,1,True,True,False,52.0,True,0.7085762023925781,UNRANKED,,False,,,
2021-12-03,2021-12-06,2021-12-07,NOW,XLK,120.31600189208984,131.18800354003906,126.54256766183036,1,take_profit,LONG,LONG,0.5448629558086395,0.5039557814598083,0.5857701301574707,0.5039557814598083,0.4515782594680786,54.48629558086395,0.5082714259624481,1,True,True,False,52.0,True,0.8370541334152222,UNRANKED,,False,,,
2021-12-06,2021-12-07,2021-12-08,NOW,XLK,126.197998046875,124.93800354003906,132.27027893066406,1,stop_loss,SHORT,SHORT,0.46619249880313873,0.4881177544593811,0.44426724314689636,0.4881177544593811,0.5668765306472778,53.38075011968613,0.5082714259624481,1,True,False,True,52.0,True,0.36721777915954606,UNRANKED,,False,,,
2021-12-07,2021-12-08,2021-12-15,NOW,XLK,132.0,129.4080047607422,129.4080047607422,5,time_exit,LONG,LONG,0.5033099502325058,0.4979346692562103,0.5086852312088013,0.4979346692562103,0.4348980784416199,50.33099502325058,0.5082714259624481,2,False,True,True,52.0,True,0.5878283977508546,UNRANKED,,False,,,
2021-12-08,2021-12-09,2021-12-14,NOW,XLK,133.1999969482422,121.7959976196289,126.22285679408482,3,take_profit,SHORT,SHORT,0.48598532378673553,0.4979346692562103,0.47403597831726074,0.4979346692562103,0.5618707537651062,51.40146762132645,0.5082714259624481,1,True,False,True,52.0,True,0.2870917916297913,UNRANKED,,False,,,
2021-12-09,2021-12-10,2021-12-16,NOW,XLK,129.43800354003906,123.1259994506836,122.04457528250558,4,stop_loss,LONG,LONG,0.5151620209217072,0.5039557814598083,0.526368260383606,0.5039557814598083,0.47801473736763,51.516202092170715,0.5082714259624481,1,True,True,False,52.0,True,0.27419143915176386,UNRANKED,,False,,,
2021-12-10,2021-12-13,2021-12-20,NOW,XLK,128.92999267578125,121.0739974975586,121.40170724051339,5,stop_loss,LONG,LONG,0.5149188935756683,0.5039557814598083,0.5258820056915283,0.5039557814598083,0.5454846620559692,51.49188935756683,0.5082714259624481,1,True,True,False,52.0,True,0.6179247796535493,UNRANKED,,False,,,
2021-12-13,2021-12-14,2021-12-20,NOW,XLK,128.41799926757812,126.26399993896484,121.19399806431362,4,stop_loss,LONG,LONG,0.5192421078681946,0.5039557814598083,0.5345284342765808,0.5039557814598083,0.5392788648605347,51.92421078681946,0.5082714259624481,1,True,True,False,52.0,True,0.6995170116424562,UNRANKED,,False,,,
2021-12-14,2021-12-15,2021-12-22,NOW,XLK,125.33200073242188,128.78599548339844,128.78599548339844,5,time_exit,LONG,LONG,0.5077253580093384,0.5039557814598083,0.5114949345588684,0.5039557814598083,0.3923836946487427,50.77253580093384,0.5082714259624481,2,False,True,True,52.0,True,0.49909448623657227,UNRANKED,,False,,,
2021-12-15,2021-12-16,2021-12-23,NOW,XLK,127.87799835205078,129.71400451660156,129.71400451660156,5,time_exit,SHORT,SHORT,0.49786290526390076,0.5039557814598083,0.49177002906799316,0.5039557814598083,0.5044189095497131,50.213709473609924,0.5082714259624481,2,False,True,True,52.0,True,0.5304175019264221,UNRANKED,,False,,,
2021-12-16,2021-12-17,2021-12-22,NOW,XLK,119.33999633789062,132.656005859375,128.26542772565568,3,take_profit,LONG,LONG,0.5017525553703308,0.5039557814598083,0.49954932928085327,0.5039557814598083,0.4186778664588928,50.17525553703308,0.5082714259624481,2,False,True,True,52.0,True,0.6107355654239653,UNRANKED,,False,,,
2021-12-17,2021-12-20,2021-12-23,NOW,XLK,121.0,130.8000030517578,129.45057569231307,3,take_profit,LONG,LONG,0.5002219378948212,0.5008945465087891,0.49954932928085327,0.5008945465087891,0.4875500202178955,50.02219378948212,0.5082714259624481,2,False,True,True,52.0,True,0.6721250116825105,UNRANKED,,False,,,
2021-12-20,2021-12-21,2021-12-27,NOW,XLK,122.5,130.91600036621094,130.52600424630302,3,take_profit,LONG,LONG,0.507172167301178,0.5008945465087891,0.5134497880935669,0.5008945465087891,0.5305044651031494,50.7172167301178,0.5082714259624481,2,False,True,True,52.0,True,0.651911050081253,UNRANKED,,False,,,
2021-12-21,2021-12-22,2021-12-30,NOW,XLK,126.29199981689453,130.9080047607422,130.9080047607422,5,time_exit,LONG,LONG,0.507172167301178,0.5008945465087891,0.5134497880935669,0.5008945465087891,0.5596323609352112,50.7172167301178,0.5082714259624481,2,False,True,True,52.0,True,0.5024884939193724,UNRANKED,,False,,,
2021-12-22,2021-12-23,2021-12-31,NOW,XLK,129.19200134277344,129.82200622558594,129.82200622558594,5,time_exit,SHORT,SHORT,0.49948595464229584,0.5008945465087891,0.4980773627758026,0.5008945465087891,0.7175266146659851,50.051404535770416,0.5082714259624481,2,False,True,True,52.0,True,0.4706189036369322,UNRANKED,,False,,,
2021-12-23,2021-12-27,2022-01-03,NOW,XLK,131.1959991455078,126.02799987792969,126.02799987792969,5,time_exit,LONG,LONG,0.5146772861480713,0.5008945465087891,0.5284600257873535,0.5008945465087891,0.630052924156189,51.46772861480713,0.5082714259624481,1,True,True,False,52.0,True,0.38618439435958873,LOW,,True,1.0774704490631968,1.0,0.051531356344190565
2021-12-27,2021-12-28,2022-01-03,NOW,XLK,133.5279998779297,120.78800201416016,126.29370771135602,4,stop_loss,LONG,LONG,0.5157141387462616,0.5008945465087891,0.5305337309837341,0.5008945465087891,0.5355408787727356,51.57141387462616,0.5082714259624481,1,True,True,False,52.0,True,0.339614510536194,UNRANKED,,False,,,
2021-12-28,2021-12-29,2022-01-04,NOW,XLK,131.03599548339844,114.552001953125,124.87513078962054,4,take_profit,SHORT,SHORT,0.48532581329345703,0.5008945465087891,0.469757080078125,0.5008945465087891,0.423938125371933,51.4674186706543,0.5082714259624481,1,True,False,True,52.0,True,0.17263048887252824,UNRANKED,,False,,,
2021-12-29,2021-12-30,2022-01-04,NOW,XLK,131.24000549316406,114.80799865722656,125.1317138671875,3,take_profit,SHORT,SHORT,0.4808795750141144,0.5008945465087891,0.4608646035194397,0.5008945465087891,0.386689692735672,51.91204249858856,0.5082714259624481,1,True,False,True,52.0,True,0.2524565458297729,UNRANKED,,False,,,
2021-12-30,2021-12-31,2022-01-04,NOW,XLK,130.4040069580078,113.27799987792969,124.97057451520648,2,take_profit,SHORT,SHORT,0.4987105578184128,0.5008945465087891,0.4965265691280365,0.5008945465087891,0.3984006941318512,50.12894421815872,0.5082714259624481,2,False,True,True,52.0,True,0.2120490670204162,UNRANKED,,False,,,
2021-12-31,2022-01-03,2022-01-04,NOW,XLK,129.6320037841797,114.4000015258789,124.18200029645648,1,stop_loss,LONG,LONG,0.5037057995796204,0.5008945465087891,0.5065170526504517,0.5008945465087891,0.4298640489578247,50.370579957962036,0.5082714259624481,2,False,True,True,52.0,True,0.137922614812851,UNRANKED,,False,,,
2022-01-03,2022-01-04,2022-01-05,NOW,XLK,125.6780014038086,115.68800354003906,119.94142695835659,1,stop_loss,LONG,LONG,0.5137464702129364,0.5008945465087891,0.5265983939170837,0.5008945465087891,0.4166792035102844,51.37464702129364,0.5082714259624481,1,True,True,False,52.0,True,0.1917946636676789,UNRANKED,,False,,,
2022-01-04,2022-01-05,2022-01-12,NOW,XLK,117.80000305175781,114.6780014038086,114.6780014038086,5,time_exit,LONG,LONG,0.503821462392807,0.5008945465087891,0.506748378276825,0.5008945465087891,0.5144034624099731,50.3821462392807,0.5082714259624481,2,False,True,True,52.0,True,0.3268021941184998,UNRANKED,,False,,,
2022-01-05,2022-01-06,2022-01-13,NOW,XLK,113.4800033569336,104.25199890136719,107.63542938232422,5,take_profit,SHORT,SHORT,0.49003107845783234,0.5008945465087891,0.4791676104068756,0.5008945465087891,0.5180920362472534,50.996892154216766,0.5082714259624481,1,True,False,True,52.0,True,0.31288015842437755,UNRANKED,,False,,,
2022-01-06,2022-01-07,2022-01-13,NOW,XLK,114.13800048828125,106.2040023803711,109.3442851475307,4,take_profit,SHORT,SHORT,0.49003107845783234,0.5008945465087891,0.4791676104068756,0.5008945465087891,0.5374479293823242,50.996892154216766,0.5082714259624481,1,True,False,True,52.0,True,0.32613712549209584,UNRANKED,,False,,,
2022-01-07,2022-01-10,2022-01-11,NOW,XLK,110.0199966430664,104.46800231933594,114.842282976423,1,stop_loss,SHORT,SHORT,0.49128061532974243,0.5008945465087891,0.4816666841506958,0.5008945465087891,0.5929386019706726,50.87193846702576,0.5082714259624481,1,True,False,True,52.0,True,0.3126550614833832,UNRANKED,,False,,,
2022-01-10,2022-01-11,2022-01-13,NOW,XLK,113.97599792480469,104.25800323486328,109.28656877790179,2,take_profit,SHORT,SHORT,0.4772953391075134,0.5008945465087891,0.4536961317062378,0.5008945465087891,0.7341775298118591,52.27046608924866,0.5082714259624481,1,True,False,True,52.0,True,0.23622027039527893,UNRANKED,,False,,,
2022-01-11,2022-01-12,2022-01-13,NOW,XLK,117.46399688720703,103.0,113.33199637276786,1,stop_loss,LONG,LONG,0.5020472705364227,0.5008945465087891,0.5031999945640564,0.5008945465087891,0.5528810620307922,50.20472705364227,0.5082714259624481,2,False,True,True,52.0,True,0.2865728437900544,UNRANKED,,False,,,
2022-01-12,2022-01-13,2022-01-14,NOW,XLK,115.00399780273438,101.5479965209961,111.08799634660993,1,stop_loss,LONG,LONG,0.5003148466348648,0.5008945465087891,0.49973514676094055,0.5008945465087891,0.6319435834884644,50.03148466348648,0.5082714259624481,2,False,True,True,52.0,True,0.2660880386829375,MEDIUM,,True,0.42938685401519566,1.0,0.10383359955552468
2022-01-13,2022-01-14,2022-01-24,NOW,XLK,104.25199890136719,105.16799926757812,105.16799926757812,5,time_exit,LONG,LONG,0.5102483928203583,0.5008945465087891,0.5196022391319275,0.5008945465087891,0.6570557355880737,51.02483928203583,0.5082714259624481,1,True,True,False,52.0,True,0.2845667600631712,MEDIUM,,True,0.7661809803500037,1.0,0.10383359955552468
2022-01-14,2022-01-18,2022-01-25,NOW,XLK,104.94000244140625,99.01599884033203,99.80857304164341,5,stop_loss,LONG,LONG,0.5078729689121246,0.5008945465087891,0.5148513913154602,0.5008945465087891,0.6702585220336914,50.78729689121246,0.5082714259624481,2,False,True,True,52.0,True,0.49656334519386314,MEDIUM,,True,1.0924337875166024,1.0,0.16753941245919854
2022-01-18,2022-01-19,2022-01-25,NOW,XLK,105.08399963378906,96.88400268554688,99.96971348353794,4,stop_loss,LONG,LONG,0.5016568005084991,0.5008945465087891,0.5024190545082092,0.5008945465087891,0.7180862426757812,50.165680050849915,0.5082714259624481,2,False,True,True,52.0,True,0.4939506649971009,LOW,,True,0.9139945783221699,1.0,0.18779776373359258
2022-01-19,2022-01-20,2022-01-25,NOW,XLK,106.44200134277344,105.73799896240234,101.31428636823382,3,stop_loss,LONG,LONG,0.5169633030891418,0.5008945465087891,0.5330320596694946,0.5008945465087891,0.6935145258903503,51.696330308914185,0.5082714259624481,1,True,True,False,52.0,True,0.4772424697875978,MEDIUM,,True,1.3494072878830847,1.0,0.1979165219806931
2022-01-20,2022-01-21,2022-01-28,NOW,XLK,102.0,112.21600341796875,107.30628749302456,5,take_profit,LONG,LONG,0.5002813786268234,0.5008945465087891,0.4996682107448578,0.5008945465087891,0.6473963260650635,50.02813786268234,0.5082714259624481,2,False,True,True,52.0,True,0.2918608784675598,MEDIUM,,True,0.5084823030400242,1.0,0.20922980762552953
2022-01-21,2022-01-24,2022-01-27,NOW,XLK,100.05799865722656,117.15599822998047,105.41657257080078,3,take_profit,LONG,LONG,0.5219808220863342,0.5008945465087891,0.5430670976638794,0.5008945465087891,0.6939798593521118,52.19808220863342,0.5082714259624481,1,True,True,False,52.0,True,0.48721596598625194,LOW,,True,1.5165286191965364,1.0,0.2552677269254809
2022-01-24,2022-01-25,2022-01-26,NOW,XLK,103.08999633789062,117.30799865722656,97.75628008161273,1,take_profit,SHORT,SHORT,0.4877032935619354,0.5008945465087891,0.4745120406150818,0.5008945465087891,0.7169213891029358,51.22967064380646,0.5082714259624481,1,True,False,True,52.0,True,0.37808409333229076,UNRANKED,,False,,,
2022-01-25,2022-01-26,2022-01-28,NOW,XLK,102.85600280761719,116.2300033569336,108.32000514439174,2,take_profit,LONG,LONG,0.5171504616737366,0.5008945465087891,0.5334063768386841,0.5008945465087891,0.5769776105880737,51.71504616737366,0.5082714259624481,1,True,True,False,52.0,True,0.4463806450366974,UNRANKED,,False,,,
2022-01-26,2022-01-27,2022-01-31,NOW,XLK,110.70600128173828,112.16999816894531,115.5837173461914,2,take_profit,LONG,LONG,0.5334179997444153,0.5008945465087891,0.5659414529800415,0.5008945465087891,0.6223410964012146,53.34179997444153,0.5082714259624481,1,True,True,False,52.0,True,0.3133167028427123,UNRANKED,,False,,,
2022-01-27,2022-01-28,2022-01-31,NOW,XLK,105.73799896240234,115.50399780273438,111.84400068010602,1,take_profit,LONG,LONG,0.5285347104072571,0.5039557814598083,0.5531136393547058,0.5039557814598083,0.5274892449378967,52.85347104072571,0.5082714259624481,1,True,True,False,52.0,True,0.3199684619903564,UNRANKED,,False,,,
2022-01-28,2022-01-31,2022-02-07,NOW,XLK,113.4540023803711,114.63999938964844,114.63999938964844,5,time_exit,LONG,LONG,0.5774540305137634,0.5039557814598083,0.6509522795677185,0.5039557814598083,0.5236564874649048,57.74540305137634,0.5082714259624481,1,True,True,False,52.0,True,0.3929528594017028,UNRANKED,,False,,,
2022-01-31,2022-02-01,2022-02-08,NOW,XLK,116.9800033569336,118.25399780273438,118.25399780273438,5,time_exit,LONG,LONG,0.5626817941665649,0.5039557814598083,0.6214078068733215,0.5039557814598083,0.45676907896995544,56.268179416656494,0.5082714259624481,1,True,True,False,52.0,True,0.6153404116630555,UNRANKED,,False,,,
2022-02-01,2022-02-02,2022-02-09,NOW,XLK,118.97000122070312,122.79399871826172,122.79399871826172,5,time_exit,LONG,LONG,0.5489479899406433,0.5008945465087891,0.5970014333724976,0.5008945465087891,0.49572834372520447,54.89479899406433,0.5082714259624481,1,True,True,False,52.0,True,0.5698243975639344,UNRANKED,,False,,,
2022-02-02,2022-02-03,2022-02-09,NOW,XLK,113.64199829101562,122.09200286865234,120.84771292550224,4,take_profit,LONG,LONG,0.5367171168327332,0.5008945465087891,0.5725396871566772,0.5008945465087891,0.45705071091651917,53.671711683273315,0.5082714259624481,1,True,True,False,52.0,True,0.4692929089069365,UNRANKED,,False,,,
2022-02-03,2022-02-04,2022-02-09,NOW,XLK,111.99800109863281,116.74400329589844,118.2942875453404,3,take_profit,LONG,LONG,0.5061227977275848,0.5008945465087891,0.5113510489463806,0.5008945465087891,0.4602581560611725,50.612279772758484,0.5082714259624481,2,False,True,True,52.0,True,0.8820300698280334,UNRANKED,,False,,,
2022-02-04,2022-02-07,2022-02-09,NOW,XLK,115.5979995727539,115.91600036621094,122.09171404157367,2,take_profit,LONG,LONG,0.5052840411663055,0.5008945465087891,0.509673535823822,0.5008945465087891,0.39104753732681274,50.528404116630554,0.5082714259624481,2,False,True,True,52.0,True,0.755437582731247,UNRANKED,,False,,,
2022-02-07,2022-02-08,2022-02-09,NOW,XLK,112.83999633789062,118.33200073242188,119.20913914271763,1,stop_loss,SHORT,SHORT,0.4965484142303467,0.5026519894599915,0.4904448390007019,0.5026519894599915,0.5342899560928345,50.34515857696533,0.5082714259624481,2,False,True,True,52.0,True,0.6734572947025299,UNRANKED,,False,,,
2022-02-08,2022-02-09,2022-02-16,NOW,XLK,119.7699966430664,118.1780014038086,118.1780014038086,5,time_exit,SHORT,SHORT,0.49539826810359955,0.48674026131629944,0.5040562748908997,0.47717189065407184,0.3710818886756897,50.460173189640045,0.519339919090271,2,False,True,True,61.111111111111114,False,0.30416417121887207,UNRANKED,,False,,,
2022-02-09,2022-02-10,2022-02-17,NOW,XLK,120.09400177001953,113.1500015258789,113.1500015258789,5,time_exit,LONG,LONG,0.5178554952144623,0.5200677514076233,0.5156432390213013,0.5447924253459576,0.35603591799736023,51.78554952144623,0.519339919090271,2,False,True,True,61.111111111111114,False,0.34080122411251046,UNRANKED,,False,,,
2022-02-10,2022-02-11,2022-02-17,NOW,XLK,120.69000244140625,111.2020034790039,113.47286115373883,4,stop_loss,LONG,LONG,0.5113224387168884,0.5107186436653137,0.5119262337684631,0.49806143751863996,0.5145639181137085,51.13224387168884,0.519339919090271,2,False,True,True,61.111111111111114,False,0.4914705306291579,UNRANKED,,False,,,
2022-02-11,2022-02-14,2022-02-22,NOW,XLK,115.77400207519531,110.02999877929688,110.02999877929688,5,time_exit,LONG,LONG,0.5142475664615631,0.5186916589736938,0.5098034739494324,0.5375494071146244,0.47393232583999634,51.42475664615631,0.519339919090271,2,False,True,True,61.111111111111114,False,1.1115154027938843,UNRANKED,,False,,,
2022-02-14,2022-02-15,2022-02-22,NOW,XLK,117.56199645996094,104.94000244140625,110.8585695539202,4,stop_loss,LONG,LONG,0.5204269289970398,0.5192917585372925,0.5215620994567871,0.5416666666666666,0.47543466091156006,52.04269289970398,0.519339919090271,1,True,True,False,61.111111111111114,False,1.01822504401207,UNRANKED,,False,,,
2022-02-15,2022-02-16,2022-02-22,NOW,XLK,117.16799926757812,114.79000091552734,110.4240003313337,3,stop_loss,LONG,LONG,0.5130694806575775,0.5128577351570129,0.5132812261581421,0.49806143751863996,0.45612233877182007,51.30694806575775,0.519339919090271,2,False,True,True,61.111111111111114,False,0.2976366132497788,UNRANKED,,False,,,
2022-02-16,2022-02-17,2022-02-18,NOW,XLK,116.81600189208984,116.0459976196289,111.31485966273716,1,stop_loss,LONG,LONG,0.5084695518016815,0.5083586573600769,0.5085804462432861,0.49806143751863996,0.4551801085472107,50.84695518016815,0.519339919090271,2,False,True,True,61.111111111111114,False,0.6577981412410737,UNRANKED,,False,,,
2022-02-17,2022-02-18,2022-02-23,NOW,XLK,113.19200134277344,115.98400115966797,107.89800262451172,2,stop_loss,LONG,LONG,0.5090915858745575,0.5044832825660706,0.5136998891830444,0.49806143751863996,0.4804501533508301,50.90915858745575,0.519339919090271,2,False,True,True,61.111111111111114,False,1.422921001911163,UNRANKED,,False,,,
2022-02-18,2022-02-22,2022-02-24,NOW,XLK,108.81400299072266,114.21399688720703,113.68057359967914,2,take_profit,LONG,LONG,0.516456127166748,0.5169126987457275,0.5159995555877686,0.49806143751863996,0.423599511384964,51.645612716674805,0.519339919090271,2,False,True,True,61.111111111111114,False,0.6756765842437744,UNRANKED,,False,,,
2022-02-22,2022-02-23,2022-02-25,NOW,XLK,110.02999877929688,117.41200256347656,115.0422842843192,2,take_profit,LONG,LONG,0.5703539550304413,0.5213128924369812,0.6193950176239014,0.5447924253459576,0.43152981996536255,57.03539550304413,0.519339919090271,1,True,True,False,61.111111111111114,False,1.0666418671607976,UNRANKED,,False,,,
2022-02-23,2022-02-24,2022-02-25,NOW,XLK,101.6500015258789,112.46199798583984,107.23543003627232,1,take_profit,LONG,LONG,0.5578094124794006,0.5187352895736694,0.5968835353851318,0.5416666666666666,0.4815111458301544,55.78094124794006,0.519339919090271,1,True,True,False,61.111111111111114,False,1.9962144494056704,UNRANKED,,False,,,
2022-02-24,2022-02-25,2022-03-04,NOW,XLK,113.79199981689453,109.41400146484375,109.41400146484375,5,time_exit,LONG,LONG,0.5677202641963959,0.5117893218994141,0.6236512064933777,0.49806143751863996,0.4825960397720337,56.77202641963959,0.519339919090271,1,True,True,False,61.111111111111114,False,1.5446810871362686,UNRANKED,,False,,,
2022-02-25,2022-02-28,2022-03-04,NOW,XLK,115.63999938964844,103.92400360107422,109.52428654261998,4,stop_loss,LONG,LONG,0.516603022813797,0.5116439461708069,0.5215620994567871,0.49806143751863996,0.49224621057510376,51.6603022813797,0.519339919090271,2,False,True,True,61.111111111111114,False,0.8473848700523378,UNRANKED,,False,,,
2022-02-28,2022-03-01,2022-03-04,NOW,XLK,116.76399993896484,103.63999938964844,110.76285879952567,3,stop_loss,LONG,LONG,0.5263845324516296,0.5085434317588806,0.5442256331443787,0.49806143751863996,0.4680904746055603,52.638453245162964,0.519339919090271,1,True,True,False,61.111111111111114,False,1.2755303382873537,UNRANKED,,False,,,
2022-03-01,2022-03-02,2022-03-04,NOW,XLK,115.66400146484375,111.91600036621094,109.92628805977958,2,stop_loss,LONG,LONG,0.5644241273403168,0.5051970481872559,0.6236512064933777,0.49806143751863996,0.48659247159957886,56.44241273403168,0.519339919090271,1,True,True,False,61.111111111111114,False,1.5500326603651047,UNRANKED,,False,,,
2022-03-02,2022-03-03,2022-03-04,NOW,XLK,118.40399932861328,106.71800231933594,112.85799952915737,1,stop_loss,LONG,LONG,0.5301344692707062,0.532610297203064,0.5276586413383484,0.5540355677154584,0.5723190307617188,53.01344692707062,0.519339919090271,1,True,True,False,61.111111111111114,False,1.063106283545494,UNRANKED,,False,,,
2022-03-03,2022-03-04,2022-03-07,NOW,XLK,111.0979995727539,102.43000030517578,104.9451413835798,1,stop_loss,LONG,LONG,0.5266888439655304,0.5327682495117188,0.520609438419342,0.5540355677154584,0.5720779895782471,52.66888439655304,0.519339919090271,1,True,True,False,61.111111111111114,False,1.3790000826120377,UNRANKED,,False,,,
2022-03-04,2022-03-07,2022-03-08,NOW,XLK,110.67400360107422,99.0199966430664,104.84971727643695,1,stop_loss,LONG,LONG,0.528780609369278,0.5409217476844788,0.5166394710540771,0.5540355677154584,0.5678730607032776,52.878060936927795,0.519339919090271,1,True,True,False,61.111111111111114,False,1.03535495698452,UNRANKED,,False,,,
2022-03-07,2022-03-08,2022-03-09,NOW,XLK,102.0,102.84400177001953,108.49028560093471,1,take_profit,LONG,LONG,0.6011222004890442,0.5427623391151428,0.6594820618629456,0.5540355677154584,0.48471176624298096,60.11222004890442,0.519339919090271,1,True,True,False,61.111111111111114,False,2.2464926838874817,UNRANKED,,False,,,
2022-03-08,2022-03-09,2022-03-14,NOW,XLK,107.29199981689453,109.4800033569336,101.10628509521484,3,stop_loss,LONG,LONG,0.5715053379535675,0.5217529535293579,0.6212577223777771,0.5447924253459576,0.39400964975357056,57.15053379535675,0.519339919090271,1,True,True,False,61.111111111111114,False,1.885489448904991,UNRANKED,,False,,,
2022-03-09,2022-03-10,2022-03-14,NOW,XLK,109.71600341796875,113.33599853515625,102.37000274658203,2,stop_loss,LONG,LONG,0.5250637829303741,0.5285654664039612,0.5215620994567871,0.5447924253459576,0.5267365574836731,52.506378293037415,0.519339919090271,1,True,True,False,61.111111111111114,False,0.7334194779396058,UNRANKED,,False,,,
2022-03-10,2022-03-11,2022-03-14,NOW,XLK,108.52799987792969,115.97599792480469,101.15771375383649,1,stop_loss,LONG,LONG,0.5278374254703522,0.5341127514839172,0.5215620994567871,0.5540355677154584,0.522966206073761,52.78374254703522,0.519339919090271,1,True,True,False,61.111111111111114,False,0.797187238931656,UNRANKED,,False,,,
2022-03-11,2022-03-14,2022-03-17,NOW,XLK,102.99199676513672,113.95999908447266,110.69656917027065,3,take_profit,LONG,LONG,0.5761914551258087,0.5287317037582397,0.6236512064933777,0.5447924253459576,0.5324330925941467,57.61914551258087,0.519339919090271,1,True,True,False,61.111111111111114,False,1.7302710562944412,UNRANKED,,False,,,
2022-03-14,2022-03-15,2022-03-16,NOW,XLK,100.03600311279297,117.73200225830078,108.06028965541294,1,take_profit,LONG,LONG,0.5808846354484558,0.5455370545387268,0.6162322163581848,0.5540355677154584,0.5481368899345398,58.08846354484558,0.519339919090271,1,True,True,False,61.111111111111114,False,1.5305899232625961,UNRANKED,,False,,,
2022-03-15,2022-03-16,2022-03-18,NOW,XLK,105.7020034790039,113.59200286865234,113.5454341343471,2,take_profit,LONG,LONG,0.5222571194171906,0.5321677923202515,0.5123464465141296,0.5447924253459576,0.5370775461196899,52.225711941719055,0.519339919090271,1,True,True,False,61.111111111111114,False,0.954274356365204,UNRANKED,,False,,,
2022-03-16,2022-03-17,2022-03-18,NOW,XLK,108.07599639892578,116.21800231933594,115.46028464181083,1,take_profit,LONG,LONG,0.5191150605678558,0.5188440680503845,0.5193860530853271,0.5416666666666666,0.35209882259368896,51.91150605678558,0.519339919090271,2,False,True,True,61.111111111111114,False,0.32870426774024974,UNRANKED,,False,,,
2022-03-17,2022-03-18,2022-03-25,NOW,XLK,115.5199966430664,112.3740005493164,112.3740005493164,5,time_exit,SHORT,SHORT,0.48881204426288605,0.48484209179878235,0.49278199672698975,0.47717189065407184,0.424966424703598,51.118795573711395,0.519339919090271,2,False,True,True,61.111111111111114,False,0.6901081204414368,UNRANKED,,False,,,
2022-03-18,2022-03-21,2022-03-28,NOW,XLK,115.0,116.552001953125,116.552001953125,5,time_exit,SHORT,SHORT,0.4430322200059891,0.4112813472747803,0.4747830927371979,0.4585714285714286,0.38665881752967834,55.69677799940109,0.519339919090271,1,True,False,True,61.111111111111114,False,0.4206241071224214,UNRANKED,,False,,,
2022-03-21,2022-03-22,2022-03-29,NOW,XLK,114.14199829101562,119.55000305175781,119.55000305175781,5,time_exit,LONG,LONG,0.5133724212646484,0.5148186087608337,0.5119262337684631,0.49806143751863996,0.41876664757728577,51.337242126464844,0.519339919090271,2,False,True,True,61.111111111111114,False,0.05598832666873915,UNRANKED,,False,,,
2022-03-22,2022-03-23,2022-03-30,NOW,XLK,114.72799682617188,114.7979965209961,114.7979965209961,5,time_exit,LONG,LONG,0.5130329430103302,0.5311488509178162,0.49491703510284424,0.5447924253459576,0.45414653420448303,51.30329430103302,0.519339919090271,2,False,True,True,61.111111111111114,False,-0.25331582129001634,UNRANKED,,False,,,
2022-03-23,2022-03-24,2022-03-31,NOW,XLK,114.0,111.37799835205078,111.37799835205078,5,time_exit,SHORT,SHORT,0.49765370786190033,0.49419334530830383,0.5011140704154968,0.47717189065407184,0.53740394115448,50.23462921380997,0.519339919090271,2,False,True,True,61.111111111111114,False,0.20608347654342637,UNRANKED,,False,,,
2022-03-24,2022-03-25,2022-04-01,NOW,XLK,116.20800018310547,109.73799896240234,109.73799896240234,5,time_exit,LONG,LONG,0.5100541710853577,0.5189942717552185,0.5011140704154968,0.5416666666666666,0.4847395420074463,51.00541710853577,0.519339919090271,2,False,True,True,61.111111111111114,False,0.2347426116466522,UNRANKED,,False,,,
2022-03-25,2022-03-28,2022-04-04,NOW,XLK,113.46600341796875,114.96399688720703,114.96399688720703,5,time_exit,LONG,LONG,0.5129859149456024,0.53399658203125,0.49197524785995483,0.5540355677154584,0.4634541869163513,51.29859149456024,0.519339919090271,2,False,True,True,61.111111111111114,False,0.3257392346858979,UNRANKED,,False,,,
2022-03-28,2022-03-29,2022-04-05,NOW,XLK,118.04399871826172,110.64399719238281,110.64399719238281,5,time_exit,LONG,LONG,0.5185570418834686,0.5451388359069824,0.49197524785995483,0.5540355677154584,0.5429081916809082,51.85570418834686,0.519339919090271,2,False,True,True,61.111111111111114,False,0.20279729366302485,UNRANKED,,False,,,
2022-03-29,2022-03-30,2022-04-01,NOW,XLK,118.02400207519531,105.58999633789062,110.39171491350446,2,take_profit,SHORT,SHORT,0.4900636821985245,0.46144989132881165,0.5186774730682373,0.47717189065407184,0.5817926526069641,50.99363178014755,0.519339919090271,2,False,True,True,61.111111111111114,False,0.2332394868135454,UNRANKED,,False,,,
2022-03-30,2022-03-31,2022-04-06,NOW,XLK,114.7979965209961,105.95600128173828,107.22942243303571,4,stop_loss,LONG,LONG,0.5150514543056488,0.5200966596603394,0.5100062489509583,0.5447924253459576,0.539401113986969,51.50514543056488,0.519339919090271,2,False,True,True,61.111111111111114,False,0.41505375504493713,UNRANKED,,False,,,
2022-03-31,2022-04-01,2022-04-08,NOW,XLK,111.22000122070312,103.12000274658203,103.77542768205915,5,stop_loss,LONG,LONG,0.5117332339286804,0.5215460658073425,0.5019204020500183,0.5447924253459576,0.5534759759902954,51.17332339286804,0.519339919090271,2,False,True,True,61.111111111111114,False,0.5242692828178406,UNRANKED,,False,,,
2022-04-01,2022-04-04,2022-04-11,NOW,XLK,109.5999984741211,102.28399658203125,102.40828268868583,5,stop_loss,LONG,LONG,0.5034071803092957,0.4978291392326355,0.5089852213859558,0.47717189065407184,0.5274924635887146,50.340718030929565,0.519339919090271,2,False,True,True,61.111111111111114,False,0.23891314864158633,UNRANKED,,False,,,
2022-04-04,2022-04-05,2022-04-06,NOW,XLK,114.0,102.04199981689453,106.60799952915737,1,stop_loss,LONG,LONG,0.5137230455875397,0.5184608697891235,0.5089852213859558,0.5375494071146244,0.4337310194969177,51.37230455875397,0.519339919090271,2,False,True,True,61.111111111111114,False,0.31598171591758745,UNRANKED,,False,,,
2022-04-05,2022-04-06,2022-04-13,NOW,XLK,108.56400299072266,105.21399688720703,105.21399688720703,5,time_exit,LONG,LONG,0.521741509437561,0.5302699208259583,0.5132130980491638,0.5447924253459576,0.5215770602226257,52.1741509437561,0.519339919090271,1,True,True,False,61.111111111111114,False,0.60004523396492,UNRANKED,,False,,,
2022-04-06,2022-04-07,2022-04-14,NOW,XLK,105.1259994506836,101.46600341796875,101.46600341796875,5,time_exit,LONG,LONG,0.5230804085731506,0.5439459085464478,0.5022149085998535,0.5540355677154584,0.5010117888450623,52.30804085731506,0.519339919090271,1,True,True,False,61.111111111111114,False,0.39874231815338124,UNRANKED,,False,,,
2022-04-07,2022-04-08,2022-04-18,NOW,XLK,105.0,99.50599670410156,99.50599670410156,5,time_exit,LONG,LONG,0.5185106694698334,0.5238082408905029,0.5132130980491638,0.5447924253459576,0.48952242732048035,51.85106694698334,0.519339919090271,2,False,True,True,61.111111111111114,False,-0.023647248744964634,UNRANKED,,False,,,
2022-04-08,2022-04-11,2022-04-19,NOW,XLK,101.5739974975586,102.87999725341797,102.87999725341797,5,time_exit,SHORT,SHORT,0.495446041226387,0.4987456202507019,0.49214646220207214,0.47717189065407184,0.5108949542045593,50.4553958773613,0.519339919090271,2,False,True,True,61.111111111111114,False,-0.03566011786460873,UNRANKED,,False,,,
2022-04-11,2022-04-12,2022-04-20,NOW,XLK,104.51799774169922,101.04399871826172,101.04399871826172,5,time_exit,SHORT,SHORT,0.4272051453590393,0.41879016160964966,0.43562012910842896,0.4585714285714286,0.4805952310562134,57.27948546409607,0.519339919090271,1,True,False,True,61.111111111111114,False,-0.41557201743125904,UNRANKED,,False,,,
2022-04-12,2022-04-13,2022-04-21,NOW,XLK,102.81400299072266,98.33399963378906,98.33399963378906,5,time_exit,SHORT,SHORT,0.4691760092973709,0.44038552045822144,0.4979664981365204,0.4585714285714286,0.49739909172058105,53.08239907026291,0.519339919090271,1,True,False,True,61.111111111111114,False,0.20671534538269054,UNRANKED,,False,,,
2022-04-13,2022-04-14,2022-04-21,NOW,XLK,104.9800033569336,94.27999877929688,98.85371616908482,4,stop_loss,LONG,LONG,0.5042071342468262,0.4917747974395752,0.5166394710540771,0.47717189065407184,0.5124137997627258,50.42071342468262,0.519339919090271,2,False,True,True,61.111111111111114,False,0.6981320232152939,UNRANKED,,False,,,
2022-04-14,2022-04-18,2022-04-22,NOW,XLK,101.33399963378906,94.4540023803711,95.22142791748047,4,take_profit,SHORT,SHORT,0.48455750942230225,0.45541512966156006,0.5136998891830444,0.47717189065407184,0.4734792411327362,51.544249057769775,0.519339919090271,2,False,True,True,61.111111111111114,False,0.9602835327386856,UNRANKED,,False,,,
2022-04-18,2022-04-19,2022-04-26,NOW,XLK,99.75599670410156,91.19999694824219,93.96028137207031,5,take_profit,SHORT,SHORT,0.4987553209066391,0.48683664202690125,0.510673999786377,0.47717189065407184,0.4733111560344696,50.12446790933609,0.519339919090271,2,False,True,True,61.111111111111114,False,0.5538643598556516,UNRANKED,,False,,,
2022-04-19,2022-04-20,2022-04-22,NOW,XLK,104.0719985961914,93.25800323486328,98.22256905691964,2,stop_loss,LONG,LONG,0.5040042102336884,0.5025964975357056,0.5054119229316711,0.49806143751863996,0.4358289837837219,50.400421023368835,0.519339919090271,2,False,True,True,61.111111111111114,False,-0.04062944650650036,UNRANKED,,False,,,
2022-04-20,2022-04-21,2022-04-22,NOW,XLK,102.30999755859375,100.80400085449219,96.87714059012276,1,stop_loss,LONG,LONG,0.5132940709590912,0.5180076956748962,0.5085804462432861,0.5375494071146244,0.4433484375476837,51.32940709590912,0.519339919090271,2,False,True,True,61.111111111111114,False,0.3216210603713989,UNRANKED,,False,,,
2022-04-21,2022-04-22,2022-04-26,NOW,XLK,98.69000244140625,95.62000274658203,93.35857391357422,2,stop_loss,LONG,LONG,0.5169044137001038,0.5162299275398254,0.5175788998603821,0.49806143751863996,0.4700258672237396,51.690441370010376,0.519339919090271,2,False,True,True,61.111111111111114,False,0.6250140666961671,UNRANKED,,False,,,
2022-04-22,2022-04-25,2022-04-28,NOW,XLK,92.94999694824219,96.9000015258789,98.62628282819476,3,take_profit,LONG,LONG,0.5802650451660156,0.5205450057983398,0.6399850845336914,0.5447924253459576,0.4623045325279236,58.02650451660156,0.519339919090271,1,True,True,False,61.111111111111114,False,1.8119738548994064,UNRANKED,,False,,,
2022-04-25,2022-04-26,2022-04-28,NOW,XLK,94.38400268554688,96.37200164794922,99.3385750906808,2,take_profit,LONG,LONG,0.5344587415456772,0.4849751889705658,0.5839422941207886,0.47717189065407184,0.4424431025981903,53.44587415456772,0.519339919090271,1,True,True,False,61.111111111111114,False,0.9556438326835632,UNRANKED,,False,,,
2022-04-26,2022-04-27,2022-04-28,NOW,XLK,92.5479965209961,99.89199829101562,97.35028403145927,1,take_profit,LONG,LONG,0.5384203344583511,0.49592527747154236,0.5809153914451599,0.47717189065407184,0.3261057138442993,53.84203344583511,0.519339919090271,1,True,True,False,61.111111111111114,False,0.8659014999866484,UNRANKED,,False,,,
2022-04-27,2022-04-28,2022-04-29,NOW,XLK,101.5999984741211,93.86599731445312,97.2257101876395,1,stop_loss,LONG,LONG,0.5706078410148621,0.5186688899993896,0.6225467920303345,0.5375494071146244,0.3729540705680847,57.060784101486206,0.519339919090271,1,True,True,False,61.111111111111114,False,1.6179658323526382,UNRANKED,,False,,,
2022-04-28,2022-04-29,2022-05-06,NOW,XLK,97.83599853515625,91.3479995727539,92.43599700927734,5,stop_loss,LONG,LONG,0.5750530958175659,0.48666536808013916,0.6634408235549927,0.47717189065407184,0.5323177576065063,57.50530958175659,0.519339919090271,1,True,True,False,61.111111111111114,False,0.9370451420545576,UNRANKED,,False,,,
2022-04-29,2022-05-02,2022-05-09,NOW,XLK,94.93800354003906,85.17400360107422,89.20257350376674,5,stop_loss,LONG,LONG,0.5486613661050797,0.4390667974948883,0.658255934715271,0.4585714285714286,0.36193156242370605,54.866136610507965,0.519339919090271,1,True,True,False,61.111111111111114,False,1.5835689157247546,UNRANKED,,False,,,
2022-05-02,2022-05-03,2022-05-09,NOW,XLK,96.39600372314453,86.46399688720703,90.59714617047992,4,stop_loss,LONG,LONG,0.56654492020607,0.47625571489334106,0.6568341255187988,0.47717189065407184,0.3597659468650818,56.654492020606995,0.519339919090271,1,True,True,False,61.111111111111114,False,1.8747392892837524,UNRANKED,,False,,,
2022-05-03,2022-05-04,2022-05-09,NOW,XLK,97.0479965209961,84.0719985961914,91.20828138078961,3,stop_loss,LONG,LONG,0.5867430865764618,0.5166520476341248,0.6568341255187988,0.49806143751863996,0.4929305911064148,58.67430865764618,0.519339919090271,1,True,True,False,61.111111111111114,False,1.889406353235245,UNRANKED,,False,,,
2022-05-04,2022-05-05,2022-05-06,NOW,XLK,98.97799682617188,86.58799743652344,93.08856746128627,1,stop_loss,LONG,LONG,0.5000552982091904,0.5064604878425598,0.4936501085758209,0.49806143751863996,0.4374999403953552,50.00552982091904,0.519339919090271,2,False,True,True,61.111111111111114,False,0.3023930490016938,UNRANKED,,False,,,
2022-05-05,2022-05-06,2022-05-09,NOW,XLK,92.51200103759766,90.52999877929688,86.2971420288086,1,take_profit,SHORT,SHORT,0.4967704862356186,0.43651989102363586,0.5570210814476013,0.4585714285714286,0.530958354473114,50.32295137643814,0.519339919090271,2,False,True,True,61.111111111111114,False,0.7597778588533401,UNRANKED,,False,,,
2022-05-06,2022-05-09,2022-05-16,NOW,XLK,88.5999984741211,86.58599853515625,86.58599853515625,5,time_exit,LONG,LONG,0.5893749594688416,0.5192678570747375,0.6594820618629456,0.5416666666666666,0.5044940114021301,58.937495946884155,0.519339919090271,1,True,True,False,61.111111111111114,False,2.0686731934547424,UNRANKED,,False,,,
2022-05-09,2022-05-10,2022-05-17,NOW,XLK,88.19999694824219,86.56999969482422,86.56999969482422,5,time_exit,LONG,LONG,0.5674374997615814,0.5179635882377625,0.6169114112854004,0.5375494071146244,0.31921374797821045,56.74374997615814,0.519339919090271,1,True,True,False,61.111111111111114,False,0.5249516218900679,UNRANKED,,False,,,
2022-05-10,2022-05-11,2022-05-18,NOW,XLK,85.23400115966797,82.44999694824219,82.44999694824219,5,time_exit,LONG,LONG,0.540897786617279,0.5239923596382141,0.557803213596344,0.5447924253459576,0.3306947350502014,54.089778661727905,0.519339919090271,1,True,True,False,61.111111111111114,False,0.6939942240715027,UNRANKED,,False,,,
2022-05-11,2022-05-12,2022-05-13,NOW,XLK,83.71800231933594,85.35199737548828,90.28914424351284,1,take_profit,LONG,LONG,0.5717646777629852,0.5225492119789124,0.6209801435470581,0.5447924253459576,0.44988328218460083,57.17646777629852,0.519339919090271,1,True,True,False,61.111111111111114,False,1.7613837122917178,UNRANKED,,False,,,
2022-05-12,2022-05-13,2022-05-20,NOW,XLK,87.5479965209961,86.60600280761719,86.60600280761719,5,time_exit,LONG,LONG,0.5629062950611115,0.5190153121948242,0.6067972779273987,0.5416666666666666,0.436102956533432,56.290629506111145,0.519339919090271,1,True,True,False,61.111111111111114,False,1.9919199943542483,UNRANKED,,False,,,
2022-05-13,2022-05-16,2022-05-23,NOW,XLK,89.25,86.02400207519531,86.02400207519531,5,time_exit,LONG,LONG,0.5746384561061859,0.5172391533851624,0.6320377588272095,0.5375494071146244,0.5663671493530273,57.46384561061859,0.519339919090271,1,True,True,False,61.111111111111114,False,2.24033173173666,UNRANKED,,False,,,
2022-05-16,2022-05-17,2022-05-24,NOW,XLK,89.18399810791016,83.93000030517578,83.93000030517578,5,time_exit,LONG,LONG,0.5737007260322571,0.5168358087539673,0.6305656433105469,0.49806143751863996,0.40481096506118774,57.37007260322571,0.519339919090271,1,True,True,False,61.111111111111114,False,1.738069698214531,UNRANKED,,False,,,
2022-05-17,2022-05-18,2022-05-25,NOW,XLK,85.69999694824219,90.45800018310547,90.45800018310547,5,time_exit,SHORT,SHORT,0.49788667261600494,0.502123236656189,0.4936501085758209,0.49806143751863996,0.43887951970100403,50.211332738399506,0.519339919090271,2,False,True,True,61.111111111111114,False,0.7328514158725739,UNRANKED,,False,,,
2022-05-18,2022-05-19,2022-05-25,NOW,XLK,82.89600372314453,90.9739990234375,89.10314396449498,4,take_profit,LONG,LONG,0.5275897085666656,0.4828316569328308,0.5723477602005005,0.47717189065407184,0.39337030053138733,52.758970856666565,0.519339919090271,1,True,True,False,61.111111111111114,False,1.4199479073286059,UNRANKED,,False,,,
2022-05-19,2022-05-20,2022-05-27,NOW,XLK,87.53399658203125,95.25800323486328,93.4151371547154,5,take_profit,LONG,LONG,0.5864963233470917,0.5229910016059875,0.6500016450881958,0.5447924253459576,0.4185582101345062,58.64963233470917,0.519339919090271,1,True,True,False,61.111111111111114,False,1.6513241827487943,UNRANKED,,False,,,
2022-05-20,2022-05-23,2022-05-27,NOW,XLK,86.18399810791016,93.49400329589844,92.0614253452846,4,take_profit,LONG,LONG,0.5807279348373413,0.5114288330078125,0.6500270366668701,0.49806143751863996,0.41422057151794434,58.07279348373413,0.519339919090271,1,True,True,False,61.111111111111114,False,1.4437005072832108,UNRANKED,,False,,,
2022-05-23,2022-05-24,2022-05-27,NOW,XLK,85.30000305175781,95.0260009765625,91.18514469691685,3,take_profit,LONG,LONG,0.594026654958725,0.5268286466598511,0.6612246632575989,0.5447924253459576,0.4608204662799835,59.4026654958725,0.519339919090271,1,True,True,False,61.111111111111114,False,1.5009492486715317,UNRANKED,,False,,,
2022-05-24,2022-05-25,2022-05-26,NOW,XLK,84.69000244140625,100.95999908447266,90.37143053327289,1,take_profit,LONG,LONG,0.5628421306610107,0.5115486979484558,0.6141355633735657,0.49806143751863996,0.43799880146980286,56.284213066101074,0.519339919090271,1,True,True,False,61.111111111111114,False,0.9031299650669097,UNRANKED,,False,,,
2022-05-25,2022-05-26,2022-06-02,NOW,XLK,90.02799987792969,98.49600219726562,95.78114209856305,4,stop_loss,SHORT,SHORT,0.48941753804683685,0.47960981726646423,0.4992252588272095,0.47717189065407184,0.3454936444759369,51.058246195316315,0.519339919090271,2,False,True,True,61.111111111111114,False,0.3099281787872315,UNRANKED,,False,,,
2022-05-26,2022-05-27,2022-06-02,NOW,XLK,92.63800048828125,98.50800323486328,98.10514286586216,3,stop_loss,SHORT,SHORT,0.4986184686422348,0.49725887179374695,0.49997806549072266,0.47717189065407184,0.3643548786640167,50.13815313577652,0.519339919090271,2,False,True,True,61.111111111111114,False,0.21042117476463318,UNRANKED,,False,,,
2022-05-27,2022-05-31,2022-06-02,NOW,XLK,94.41000366210938,101.28600311279297,99.60714721679688,2,take_profit,LONG,LONG,0.5128521919250488,0.49459290504455566,0.531111478805542,0.47717189065407184,0.482514888048172,51.28521919250488,0.519339919090271,2,False,True,True,61.111111111111114,False,0.9252731800079343,UNRANKED,,False,,,
2022-05-31,2022-06-01,2022-06-08,NOW,XLK,98.20800018310547,101.08399963378906,101.08399963378906,5,time_exit,LONG,LONG,0.5124749690294266,0.49772390723228455,0.5272260308265686,0.47717189065407184,0.4644582271575928,51.24749690294266,0.519339919090271,2,False,True,True,61.111111111111114,False,0.9407896995544434,UNRANKED,,False,,,
2022-06-01,2022-06-02,2022-06-07,NOW,XLK,93.93199920654297,98.44400024414062,99.07400076729911,3,take_profit,LONG,LONG,0.5047749280929565,0.5197092890739441,0.489840567111969,0.5447924253459576,0.3893631100654602,50.477492809295654,0.519339919090271,2,False,True,True,61.111111111111114,False,0.23606298863887795,UNRANKED,,False,,,
2022-06-02,2022-06-03,2022-06-10,NOW,XLK,99.16799926757812,94.62999725341797,94.62999725341797,5,time_exit,LONG,LONG,0.5136632025241852,0.517071545124054,0.5102548599243164,0.49806143751863996,0.36900594830513,51.36632025241852,0.519339919090271,2,False,True,True,61.111111111111114,False,0.42812383174896246,UNRANKED,,False,,,
2022-06-03,2022-06-06,2022-06-13,NOW,XLK,99.40399932861328,88.0739974975586,93.98485565185547,5,stop_loss,LONG,LONG,0.5123844146728516,0.5236547589302063,0.5011140704154968,0.5447924253459576,0.3771969974040985,51.238441467285156,0.519339919090271,2,False,True,True,61.111111111111114,False,0.47860494256019587,UNRANKED,,False,,,
2022-06-06,2022-06-07,2022-06-13,NOW,XLK,97.54000091552734,88.94999694824219,92.68257141113281,4,stop_loss,LONG,LONG,0.5140177309513092,0.5269213914871216,0.5011140704154968,0.5447924253459576,0.4932551085948944,51.40177309513092,0.519339919090271,2,False,True,True,61.111111111111114,False,0.5360721647739412,UNRANKED,,False,,,
2022-06-07,2022-06-08,2022-06-10,NOW,XLK,100.38400268554688,93.19000244140625,95.13200160435268,2,stop_loss,LONG,LONG,0.5290452241897583,0.531672477722168,0.5264179706573486,0.5447924253459576,0.5476598143577576,52.90452241897583,0.519339919090271,1,True,True,False,61.111111111111114,False,0.66591277718544,UNRANKED,,False,,,
2022-06-08,2022-06-09,2022-06-10,NOW,XLK,100.1259994506836,85.61599731445312,95.43371255057198,1,stop_loss,LONG,LONG,0.5177833437919617,0.521009087562561,0.5145576000213623,0.5447924253459576,0.5198962092399597,51.77833437919617,0.519339919090271,2,False,True,True,61.111111111111114,False,0.321430563926697,UNRANKED,,False,,,
2022-06-09,2022-06-10,2022-06-13,NOW,XLK,96.5459976196289,88.75800323486328,91.89113943917411,1,stop_loss,LONG,LONG,0.5257627665996552,0.5097342133522034,0.5417913198471069,0.49806143751863996,0.47545355558395386,52.576276659965515,0.519339919090271,1,True,True,False,61.111111111111114,False,1.1262238174676895,UNRANKED,,False,,,
2022-06-10,2022-06-13,2022-06-21,NOW,XLK,90.0,91.05400085449219,91.05400085449219,5,time_exit,SHORT,SHORT,0.476117268204689,0.5176348686218262,0.4345996677875519,0.5375494071146244,0.5259209275245667,52.3882731795311,0.519339919090271,1,True,False,True,61.111111111111114,False,1.0463840812444687,UNRANKED,,False,,,
2022-06-13,2022-06-14,2022-06-22,NOW,XLK,88.37999725341797,91.7300033569336,91.7300033569336,5,time_exit,SHORT,SHORT,0.47442492842674255,0.5244815945625305,0.4243682622909546,0.5447924253459576,0.3759605586528778,52.557507157325745,0.519339919090271,1,True,False,True,61.111111111111114,False,0.9673391133546829,UNRANKED,,False,,,
2022-06-14,2022-06-15,2022-06-23,NOW,XLK,89.90399932861328,97.10600280761719,95.60399954659599,5,stop_loss,SHORT,SHORT,0.4524931460618973,0.4980928599834442,0.40689343214035034,0.47717189065407184,0.30049455165863037,54.75068539381027,0.519339919090271,1,True,False,True,61.111111111111114,False,-0.11862373352050787,UNRANKED,,False,,,
2022-06-15,2022-06-16,2022-06-23,NOW,XLK,89.53800201416016,100.81800079345703,94.91114589146206,4,stop_loss,SHORT,SHORT,0.45085522532463074,0.4855971932411194,0.4161132574081421,0.47717189065407184,0.310404896736145,54.914477467536926,0.519339919090271,1,True,False,True,61.111111111111114,False,-1.0448975563049316,UNRANKED,,False,,,
2022-06-16,2022-06-17,2022-06-23,NOW,XLK,86.0260009765625,99.33999633789062,92.40743146623883,3,stop_loss,SHORT,SHORT,0.4490269869565964,0.4831048846244812,0.41494908928871155,0.47717189065407184,0.34176355600357056,55.09730130434036,0.519339919090271,1,True,False,True,61.111111111111114,False,-0.9640219211578371,UNRANKED,,False,,,
2022-06-17,2022-06-21,2022-06-23,NOW,XLK,89.97200012207031,94.68800354003906,96.19028799874442,2,take_profit,LONG,LONG,0.5200636684894562,0.5276769399642944,0.5124503970146179,0.5447924253459576,0.4494064450263977,52.00636684894562,0.519339919090271,1,True,True,False,61.111111111111114,False,1.6258037090301516,UNRANKED,,False,,,
2022-06-21,2022-06-22,2022-06-23,NOW,XLK,90.04199981689453,95.55799865722656,96.33628736223493,1,take_profit,LONG,LONG,0.5141368806362152,0.5158233642578125,0.5124503970146179,0.49806143751863996,0.3208549916744232,51.41368806362152,0.519339919090271,2,False,True,True,61.111111111111114,False,1.3868678659200666,UNRANKED,,False,,,
2022-06-22,2022-06-23,2022-06-24,NOW,XLK,93.25800323486328,95.10399627685547,99.4300057547433,1,take_profit,LONG,LONG,0.5385096967220306,0.5379377603530884,0.5390816330909729,0.5540355677154584,0.36783990263938904,53.850969672203064,0.519339919090271,1,True,True,False,61.111111111111114,False,1.2804073691368105,UNRANKED,,False,,,
2022-06-23,2022-06-24,2022-07-01,NOW,XLK,99.03199768066406,96.87200164794922,96.87200164794922,5,time_exit,LONG,LONG,0.5516902506351471,0.5349184274673462,0.568462073802948,0.5540355677154584,0.38167500495910645,55.16902506351471,0.519339919090271,1,True,True,False,61.111111111111114,False,1.6005989015102386,UNRANKED,,False,,,
2022-06-24,2022-06-27,2022-06-28,NOW,XLK,101.27400207519531,99.18599700927734,95.00342777797154,1,stop_loss,LONG,LONG,0.5077948272228241,0.5091052651405334,0.5064843893051147,0.49806143751863996,0.5404840707778931,50.77948272228241,0.519339919090271,2,False,True,True,61.111111111111114,False,-0.42620690166950226,UNRANKED,,False,,,
2022-06-27,2022-06-28,2022-07-06,NOW,XLK,99.33999633789062,98.66200256347656,98.66200256347656,5,time_exit,LONG,LONG,0.5085745304822922,0.5232002139091492,0.4939488470554352,0.5447924253459576,0.514143168926239,50.85745304822922,0.519339919090271,2,False,True,True,61.111111111111114,False,0.35629203915595997,UNRANKED,,False,,,
2022-06-28,2022-06-29,2022-07-07,NOW,XLK,94.72200012207031,99.41000366210938,99.41000366210938,5,time_exit,SHORT,SHORT,0.4453497678041458,0.44300854206085205,0.4476909935474396,0.4585714285714286,0.47181186079978943,55.46502321958542,0.519339919090271,1,True,False,True,61.111111111111114,False,-0.058194905519485564,UNRANKED,,False,,,
2022-06-29,2022-06-30,2022-07-08,NOW,XLK,94.5479965209961,98.83000183105469,98.83000183105469,5,time_exit,LONG,LONG,0.5596820414066315,0.5552738308906555,0.5640902519226074,0.5579399141630901,0.4570995271205902,55.96820414066315,0.519339919090271,1,True,True,False,61.111111111111114,False,1.826612785458565,UNRANKED,,False,,,
2022-06-30,2022-07-01,2022-07-11,NOW,XLK,94.98600006103516,98.08000183105469,98.08000183105469,5,time_exit,LONG,LONG,0.5231954157352448,0.4884237051010132,0.5579671263694763,0.47717189065407184,0.39740246534347534,52.319541573524475,0.519339919090271,1,True,True,False,61.111111111111114,False,1.6419625431299212,UNRANKED,,False,,,
2022-07-01,2022-07-05,2022-07-12,NOW,XLK,96.04199981689453,85.58799743652344,89.80342647007534,5,stop_loss,LONG,LONG,0.5179938673973083,0.5310633182525635,0.5049244165420532,0.5447924253459576,0.45419740676879883,51.799386739730835,0.519339919090271,2,False,True,True,61.111111111111114,False,0.9024347066879274,UNRANKED,,False,,,
2022-07-05,2022-07-06,2022-07-12,NOW,XLK,100.0739974975586,84.55400085449219,94.44142477852958,4,stop_loss,LONG,LONG,0.5208112001419067,0.5366979837417603,0.5049244165420532,0.5540355677154584,0.48074424266815186,52.081120014190674,0.519339919090271,1,True,True,False,61.111111111111114,False,0.7593921273946763,UNRANKED,,False,,,
2022-07-06,2022-07-07,2022-07-12,NOW,XLK,98.03399658203125,84.19400024414062,92.4517102922712,3,stop_loss,LONG,LONG,0.5296145379543304,0.5434951782226562,0.5157338976860046,0.5540355677154584,0.45299839973449707,52.961453795433044,0.519339919090271,1,True,True,False,61.111111111111114,False,0.7414907366037369,UNRANKED,,False,,,
2022-07-07,2022-07-08,2022-07-12,NOW,XLK,97.85600280761719,87.1240005493164,92.77257428850446,2,stop_loss,LONG,LONG,0.5325292646884918,0.5531322956085205,0.5119262337684631,0.5579399141630901,0.410236120223999,53.25292646884918,0.519339919090271,1,True,True,False,61.111111111111114,False,0.25127944350242604,UNRANKED,,False,,,
2022-07-08,2022-07-11,2022-07-12,NOW,XLK,97.79399871826172,85.3479995727539,93.70971352713448,1,stop_loss,LONG,LONG,0.5326171219348907,0.5562490224838257,0.5089852213859558,0.5579399141630901,0.43041160702705383,53.261712193489075,0.519339919090271,1,True,True,False,61.111111111111114,False,0.16325323283672336,UNRANKED,,False,,,
2022-07-11,2022-07-12,2022-07-13,NOW,XLK,92.25,87.18800354003906,88.50742994035993,1,stop_loss,LONG,LONG,0.5182798206806183,0.5275744199752808,0.5089852213859558,0.5447924253459576,0.4829295575618744,51.82798206806183,0.519339919090271,2,False,True,True,61.111111111111114,False,0.6259206682443619,UNRANKED,,False,,,
2022-07-12,2022-07-13,2022-07-20,NOW,XLK,83.2020034790039,91.37000274658203,88.4011459350586,5,take_profit,LONG,LONG,0.5166049003601074,0.5344018936157227,0.4988079071044922,0.5540355677154584,0.5050844550132751,51.66049003601074,0.519339919090271,2,False,True,True,61.111111111111114,False,0.6208125799894333,UNRANKED,,False,,,
2022-07-13,2022-07-14,2022-07-20,NOW,XLK,83.30000305175781,92.05799865722656,88.55028751918248,4,stop_loss,SHORT,SHORT,0.4792475402355194,0.44828492403030396,0.5102101564407349,0.47717189065407184,0.5495761036872864,52.07524597644806,0.519339919090271,1,True,False,True,61.111111111111114,False,0.4843668341636659,UNRANKED,,False,,,
2022-07-14,2022-07-15,2022-07-20,NOW,XLK,86.2699966430664,89.35399627685547,90.80370984758649,3,take_profit,LONG,LONG,0.5083666741847992,0.5073292255401611,0.5094041228294373,0.49806143751863996,0.46207258105278015,50.83666741847992,0.519339919090271,2,False,True,True,61.111111111111114,False,0.6760657429695129,UNRANKED,,False,,,
2022-07-15,2022-07-18,2022-07-21,NOW,XLK,87.51799774169922,88.0,91.93999699183873,3,stop_loss,SHORT,SHORT,0.4958536624908447,0.4905932545661926,0.5011140704154968,0.47717189065407184,0.5310428738594055,50.41463375091553,0.519339919090271,2,False,True,True,61.111111111111114,False,0.7719214111566545,UNRANKED,,False,,,
2022-07-18,2022-07-19,2022-07-20,NOW,XLK,86.44400024414062,84.56400299072266,90.90857042585101,1,take_profit,LONG,LONG,0.5061982870101929,0.507515013217926,0.5048815608024597,0.49806143751863996,0.5011637806892395,50.61982870101929,0.519339919090271,2,False,True,True,61.111111111111114,False,0.4965219646692276,UNRANKED,,False,,,
2022-07-19,2022-07-20,2022-07-27,NOW,XLK,88.58000183105469,89.72000122070312,89.72000122070312,5,time_exit,SHORT,SHORT,0.49313585460186005,0.47434547543525696,0.5119262337684631,0.47717189065407184,0.48451289534568787,50.686414539813995,0.519339919090271,2,False,True,True,61.111111111111114,False,0.598750650882721,UNRANKED,,False,,,
2022-07-20,2022-07-21,2022-07-26,NOW,XLK,89.87999725341797,87.30000305175781,85.343996320452,3,take_profit,SHORT,SHORT,0.44182804226875305,0.41631510853767395,0.46734097599983215,0.4585714285714286,0.40515124797821045,55.817195773124695,0.519339919090271,1,True,False,True,61.111111111111114,False,-0.32779820263385795,UNRANKED,,False,,,
2022-07-21,2022-07-22,2022-07-26,NOW,XLK,92.12200164794922,89.33200073242188,87.55257306780133,2,take_profit,SHORT,SHORT,0.4841303527355194,0.46547168493270874,0.5027890205383301,0.47717189065407184,0.4947825074195862,51.58696472644806,0.519339919090271,2,False,True,True,61.111111111111114,False,0.6438674926757811,UNRANKED,,False,,,
2022-07-22,2022-07-25,2022-08-01,NOW,XLK,89.08599853515625,90.75399780273438,90.75399780273438,5,time_exit,LONG,LONG,0.5238117277622223,0.5373133420944214,0.5103101134300232,0.5540355677154584,0.454379141330719,52.38117277622223,0.519339919090271,1,True,True,False,61.111111111111114,False,0.6493899226188659,UNRANKED,,False,,,
2022-07-25,2022-07-26,2022-08-02,NOW,XLK,88.72000122070312,90.88800048828125,90.88800048828125,5,time_exit,LONG,LONG,0.5140610188245773,0.5381242036819458,0.48999783396720886,0.5540355677154584,0.4713878929615021,51.40610188245773,0.519339919090271,2,False,True,True,61.111111111111114,False,0.1718085706233977,UNRANKED,,False,,,
2022-07-26,2022-07-27,2022-08-03,NOW,XLK,86.41000366210938,94.29000091552734,91.39200374058315,5,take_profit,LONG,LONG,0.5272860527038574,0.5313882827758789,0.5231838226318359,0.5447924253459576,0.49071362614631653,52.72860527038574,0.519339919090271,1,True,True,False,61.111111111111114,False,0.6463268399238588,UNRANKED,,False,,,
2022-07-27,2022-07-28,2022-08-03,NOW,XLK,86.24600219726562,98.5999984741211,91.8577161516462,4,take_profit,LONG,LONG,0.5418907999992371,0.5435826182365417,0.5401989817619324,0.5540355677154584,0.5252833366394043,54.189079999923706,0.519339919090271,1,True,True,False,61.111111111111114,False,0.8124901950359343,UNRANKED,,False,,,
2022-07-28,2022-07-29,2022-08-03,NOW,XLK,85.84600067138672,98.97000122070312,91.72057124546596,3,take_profit,LONG,LONG,0.5326467156410217,0.5172837376594543,0.5480096936225891,0.5375494071146244,0.42631471157073975,53.26467156410217,0.519339919090271,1,True,True,False,61.111111111111114,False,0.9859553277492522,UNRANKED,,False,,,
2022-07-29,2022-08-01,2022-08-03,NOW,XLK,87.7979965209961,98.98999786376953,93.85570962088448,2,take_profit,LONG,LONG,0.5520751774311066,0.5511967539787292,0.5529536008834839,0.5579399141630901,0.4486564099788666,55.20751774311066,0.519339919090271,1,True,True,False,61.111111111111114,False,1.330878958106041,UNRANKED,,False,,,
2022-08-01,2022-08-02,2022-08-03,NOW,XLK,88.93199920654297,97.49199676513672,93.40828268868583,1,take_profit,LONG,LONG,0.5235174596309662,0.5217096209526062,0.5253252983093262,0.5447924253459576,0.46075859665870667,52.35174596309662,0.519339919090271,1,True,True,False,61.111111111111114,False,1.0550910085439684,UNRANKED,,False,,,
2022-08-02,2022-08-03,2022-08-04,NOW,XLK,92.1500015258789,103.23999786376953,96.49771445138114,1,take_profit,LONG,LONG,0.5159801542758942,0.5147191286087036,0.5172411799430847,0.49806143751863996,0.4987679123878479,51.59801542758942,0.519339919090271,2,False,True,True,61.111111111111114,False,0.983005926012993,UNRANKED,,False,,,
2022-08-03,2022-08-04,2022-08-05,NOW,XLK,93.55799865722656,99.88999938964844,98.3402829851423,1,take_profit,LONG,LONG,0.507579892873764,0.5104890465736389,0.5046707391738892,0.49806143751863996,0.49106132984161377,50.757989287376404,0.519339919090271,2,False,True,True,61.111111111111114,False,0.9172683358192444,UNRANKED,,False,,,
2022-08-04,2022-08-05,2022-08-10,NOW,XLK,95.61599731445312,101.302001953125,100.59542410714286,3,stop_loss,SHORT,SHORT,0.49107038974761963,0.4691937565803528,0.5129470229148865,0.47717189065407184,0.618314802646637,50.89296102523804,0.519339919090271,2,False,True,True,61.111111111111114,False,0.2720474004745484,UNRANKED,,False,,,
2022-08-05,2022-08-08,2022-08-15,NOW,XLK,99.0199966430664,100.81400299072266,100.81400299072266,5,time_exit,SHORT,SHORT,0.4848489612340927,0.47977495193481445,0.48992297053337097,0.47717189065407184,0.6537255644798279,51.51510387659073,0.519339919090271,2,False,True,True,61.111111111111114,False,0.14037021994590776,UNRANKED,,False,,,
2022-08-08,2022-08-09,2022-08-10,NOW,XLK,98.45600128173828,99.3479995727539,102.97457013811383,1,take_profit,LONG,LONG,0.5010652244091034,0.5151482224464417,0.48698222637176514,0.49806143751863996,0.542434573173523,50.10652244091034,0.519339919090271,2,False,True,True,61.111111111111114,False,0.49597933888435375,UNRANKED,,False,,,
2022-08-09,2022-08-10,2022-08-17,NOW,XLK,100.39199829101562,97.75199890136719,97.75199890136719,5,time_exit,LONG,LONG,0.507925808429718,0.5105078220367432,0.5053437948226929,0.49806143751863996,0.46324196457862854,50.7925808429718,0.519339919090271,2,False,True,True,61.111111111111114,False,0.25947847962379467,UNRANKED,,False,,,
2022-08-10,2022-08-11,2022-08-17,NOW,XLK,104.0,97.91999816894531,99.14200156075614,4,take_profit,SHORT,SHORT,0.4987833499908447,0.5033180117607117,0.4942486882209778,0.49721394849302797,0.4492788314819336,50.12166500091553,0.5064634084701538,2,False,True,True,58.03715999566498,False,0.44180257618427266,UNRANKED,,False,,,
2022-08-11,2022-08-12,2022-08-19,NOW,XLK,100.88800048828125,95.25199890136719,95.93771689278739,5,take_profit,SHORT,SHORT,0.49347707629203796,0.5145342946052551,0.4724198579788208,0.5043337347901028,0.5656947493553162,50.652292370796204,0.5064634084701538,1,True,False,True,58.03715999566498,False,-1.120336964726448,UNRANKED,,False,,,
2022-08-12,2022-08-15,2022-08-19,NOW,XLK,100.4000015258789,91.94200134277344,95.4414313180106,4,stop_loss,LONG,LONG,0.5012544393539429,0.5023046731948853,0.5002042055130005,0.4965707217108454,0.5548934936523438,50.12544393539429,0.5064634084701538,2,False,True,True,58.03715999566498,False,-0.3307528644800186,UNRANKED,,False,,,
2022-08-15,2022-08-16,2022-08-19,NOW,XLK,99.80000305175781,91.99800109863281,95.2625754220145,3,take_profit,SHORT,SHORT,0.4974353015422821,0.4946663975715637,0.5002042055130005,0.49172276442514273,0.5957310795783997,50.25646984577179,0.5064634084701538,2,False,True,True,58.03715999566498,False,0.17370086908340443,UNRANKED,,False,,,
2022-08-16,2022-08-17,2022-08-22,NOW,XLK,97.80000305175781,91.50399780273438,93.78971753801618,3,take_profit,SHORT,SHORT,0.4948243349790573,0.49539998173713684,0.4942486882209778,0.49218831178553707,0.5828302502632141,50.51756650209427,0.5064634084701538,2,False,True,True,58.03715999566498,False,0.18708695471286763,UNRANKED,,False,,,
2022-08-17,2022-08-18,2022-08-22,NOW,XLK,97.27200317382812,93.20600128173828,93.37943158830915,2,stop_loss,LONG,LONG,0.5012216866016388,0.5081946849822998,0.4942486882209778,0.5003095566972442,0.5934354066848755,50.12216866016388,0.5064634084701538,2,False,True,True,58.03715999566498,False,0.23909682035446173,UNRANKED,,False,,,
2022-08-18,2022-08-19,2022-08-22,NOW,XLK,96.83399963378906,88.93800354003906,93.2077135358538,1,stop_loss,LONG,LONG,0.5046856701374054,0.5126681327819824,0.49670320749282837,0.5031491908821483,0.6023290753364563,50.46856701374054,0.5064634084701538,2,False,True,True,58.03715999566498,False,0.36348351836204534,HIGH,,True,0.7803517113454868,-1.0,-0.2950760469477047
2022-08-19,2022-08-22,2022-08-26,NOW,XLK,93.31400299072266,87.15599822998047,89.5097165788923,4,stop_loss,LONG,LONG,0.5210476517677307,0.5246656537055969,0.5174296498298645,0.5107634110252879,0.564418375492096,52.10476517677307,0.5064634084701538,1,True,True,False,58.03715999566498,False,1.288671001791954,UNRANKED,,False,,,
2022-08-22,2022-08-23,2022-08-29,NOW,XLK,91.99800109863281,87.36799621582031,87.74000113351005,4,stop_loss,LONG,LONG,0.5112656354904175,0.5194655060768127,0.5030657649040222,0.5074635460269812,0.5289282202720642,51.12656354904175,0.5064634084701538,1,True,True,False,58.03715999566498,False,1.205370396375656,UNRANKED,,False,,,
2022-08-23,2022-08-24,2022-08-29,NOW,XLK,92.05799865722656,86.92400360107422,88.27799878801618,3,stop_loss,LONG,LONG,0.5112656354904175,0.5194655060768127,0.5030657649040222,0.5074635460269812,0.53852379322052,51.12656354904175,0.5064634084701538,1,True,True,False,58.03715999566498,False,1.0035490095615387,UNRANKED,,False,,,
2022-08-24,2022-08-25,2022-08-29,NOW,XLK,91.27999877929688,86.11199951171875,88.0451409476144,2,stop_loss,LONG,LONG,0.5157299339771271,0.5145820379257202,0.5168778300285339,0.5043640392221125,0.5167425274848938,51.57299339771271,0.5064634084701538,1,True,True,False,58.03715999566498,False,1.1736491769552233,UNRANKED,,False,,,
2022-08-25,2022-08-26,2022-08-29,NOW,XLK,93.45800018310547,86.9020004272461,90.03285653250558,1,stop_loss,LONG,LONG,0.5050342977046967,0.5000745058059692,0.5099940896034241,0.4951551436535507,0.5279496312141418,50.503429770469666,0.5064634084701538,2,False,True,True,58.03715999566498,False,0.41333758831024175,UNRANKED,,False,,,
2022-08-26,2022-08-29,2022-09-06,NOW,XLK,88.0,86.09400177001953,86.09400177001953,5,time_exit,LONG,LONG,0.5015325844287872,0.49855637550354004,0.5045087933540344,0.49419156758069605,0.5605884790420532,50.15325844287872,0.5064634084701538,2,False,True,True,58.03715999566498,False,0.13584351539611822,UNRANKED,,False,,,
2022-08-29,2022-08-30,2022-09-07,NOW,XLK,88.5,88.83200073242188,88.83200073242188,5,time_exit,LONG,LONG,0.5211085379123688,0.5145820379257202,0.5276350378990173,0.5043640392221125,0.6111662983894348,52.11085379123688,0.5064634084701538,1,True,True,False,58.03715999566498,False,1.0606183111667633,MEDIUM,,True,2.5984951704883494,-1.0,-0.22625876796999791
2022-08-30,2022-08-31,2022-09-08,NOW,XLK,88.0,90.15399932861328,90.15399932861328,5,time_exit,LONG,LONG,0.5166085660457611,0.5141649842262268,0.5190521478652954,0.5040993189237979,0.5775527358055115,51.66085660457611,0.5064634084701538,1,True,True,False,58.03715999566498,False,1.0917351096868517,UNRANKED,,False,,,
2022-08-31,2022-09-01,2022-09-07,NOW,XLK,85.96199798583984,94.00599670410156,88.82856968470982,3,take_profit,LONG,LONG,0.5129192769527435,0.5118349194526672,0.5140036344528198,0.5026202975442753,0.5810758471488953,51.29192769527435,0.5064634084701538,1,True,True,False,58.03715999566498,False,0.8357880264520646,UNRANKED,,False,,,
2022-09-01,2022-09-02,2022-09-09,NOW,XLK,87.67400360107422,95.25800323486328,90.45486123221261,4,take_profit,LONG,LONG,0.5094777345657349,0.5033328533172607,0.515622615814209,0.497223369393096,0.5554418563842773,50.947773456573486,0.5064634084701538,1,True,True,False,58.03715999566498,False,0.9703951478004456,UNRANKED,,False,,,
2022-09-02,2022-09-06,2022-09-08,NOW,XLK,86.02200317382812,90.47599792480469,88.84600394112724,2,take_profit,LONG,LONG,0.5071367025375366,0.5061736702919006,0.5080997347831726,0.49902664895701404,0.5554523468017578,50.71367025375366,0.5064634084701538,1,True,True,False,58.03715999566498,False,0.8659785091876985,UNRANKED,,False,,,
2022-09-06,2022-09-07,2022-09-08,NOW,XLK,86.197998046875,91.49800109863281,88.92799813406808,1,take_profit,LONG,LONG,0.502120316028595,0.5043097734451294,0.49993085861206055,0.49784348807831086,0.5279724597930908,50.2120316028595,0.5064634084701538,2,False,True,True,58.03715999566498,False,0.7048071324825286,UNRANKED,,False,,,
2022-09-07,2022-09-08,2022-09-09,NOW,XLK,87.80799865722656,87.11000061035156,90.70114135742188,1,take_profit,LONG,LONG,0.5037681460380554,0.5057928562164307,0.5017434358596802,0.4987849152074676,0.5201692581176758,50.37681460380554,0.5064634084701538,2,False,True,True,58.03715999566498,False,0.3965443372726441,UNRANKED,,False,,,
2022-09-08,2022-09-09,2022-09-12,NOW,XLK,91.61599731445312,85.16000366210938,94.6739970615932,1,take_profit,LONG,LONG,0.5047935843467712,0.5034865140914917,0.5061006546020508,0.49732090798314904,0.4979808032512665,50.479358434677124,0.5064634084701538,2,False,True,True,58.03715999566498,False,0.45666640996932983,UNRANKED,,False,,,
2022-09-09,2022-09-12,2022-09-13,NOW,XLK,95.04000091552734,85.01000213623047,91.81285858154297,1,stop_loss,LONG,LONG,0.5047935843467712,0.5034865140914917,0.5061006546020508,0.49732090798314904,0.42451241612434387,50.479358434677124,0.5064634084701538,2,False,True,True,58.03715999566498,False,0.5527326166629792,UNRANKED,,False,,,
2022-09-12,2022-09-13,2022-09-16,NOW,XLK,90.0,82.23999786376953,87.06685638427734,3,stop_loss,LONG,LONG,0.5104809701442719,0.5054973363876343,0.5154646039009094,0.4985973250577588,0.44537538290023804,51.048097014427185,0.5064634084701538,1,True,True,False,58.03715999566498,False,0.876546025276184,UNRANKED,,False,,,
2022-09-13,2022-09-14,2022-09-15,NOW,XLK,90.8740005493164,80.28600311279297,87.26571328299386,1,stop_loss,LONG,LONG,0.5048388838768005,0.5001651644706726,0.5095126032829285,0.49521268703873866,0.440716952085495,50.483888387680054,0.5064634084701538,2,False,True,True,58.03715999566498,False,0.5529085993766786,UNRANKED,,False,,,
2022-09-14,2022-09-15,2022-09-16,NOW,XLK,88.98400115966797,77.39399719238281,85.30028533935547,1,stop_loss,LONG,LONG,0.5058556199073792,0.5017171502113342,0.5099940896034241,0.4961977906870846,0.47140082716941833,50.585561990737915,0.5064634084701538,2,False,True,True,58.03715999566498,False,1.07582288980484,UNRANKED,,False,,,
2022-09-15,2022-09-16,2022-09-21,NOW,XLK,86.29399871826172,75.40799713134766,82.22656903948102,3,stop_loss,LONG,LONG,0.5186711251735687,0.5073795318603516,0.5299627184867859,0.4997921100972961,0.5840762853622437,51.86711251735687,0.5064634084701538,1,True,True,False,58.03715999566498,False,0.772347003221512,UNRANKED,,False,,,
2022-09-16,2022-09-19,2022-09-21,NOW,XLK,84.55999755859375,74.0199966430664,80.82371085030692,2,stop_loss,LONG,LONG,0.5115783661603928,0.4989021122455597,0.5242546200752258,0.49441100742871774,0.5338960886001587,51.157836616039276,0.5064634084701538,1,True,True,False,58.03715999566498,False,0.9155806303024294,UNRANKED,,False,,,
2022-09-19,2022-09-20,2022-09-21,NOW,XLK,84.30000305175781,75.79000091552734,80.79685974121094,1,stop_loss,LONG,LONG,0.5097585320472717,0.5043097734451294,0.5152072906494141,0.49784348807831086,0.5535966753959656,50.97585320472717,0.5064634084701538,1,True,True,False,58.03715999566498,False,0.6871021836996078,UNRANKED,,False,,,
2022-09-20,2022-09-21,2022-09-22,NOW,XLK,83.03800201416016,77.7699966430664,79.16942923409599,1,take_profit,SHORT,SHORT,0.49657540023326874,0.4989021122455597,0.4942486882209778,0.49441100742871774,0.5326347351074219,50.342459976673126,0.5064634084701538,2,False,True,True,58.03715999566498,False,0.39193138480186457,UNRANKED,,False,,,
2022-09-21,2022-09-22,2022-09-23,NOW,XLK,79.9739990234375,77.0999984741211,75.88971165248326,1,take_profit,SHORT,SHORT,0.497903436422348,0.49856457114219666,0.4972423017024994,0.4941967693444806,0.5246676802635193,50.2096563577652,0.5064634084701538,2,False,True,True,58.03715999566498,False,0.23478823900222792,UNRANKED,,False,,,
2022-09-22,2022-09-23,2022-09-30,NOW,XLK,76.58599853515625,75.52200317382812,75.52200317382812,5,time_exit,LONG,LONG,0.5315011739730835,0.5024553537368774,0.5605469942092896,0.49666636702396216,0.48073574900627136,53.15011739730835,0.5064634084701538,1,True,True,False,58.03715999566498,False,0.17907600104808824,UNRANKED,,False,,,
2022-09-23,2022-09-26,2022-10-03,NOW,XLK,75.2959976196289,78.34200286865234,78.34200286865234,5,time_exit,LONG,LONG,0.5178643763065338,0.510913074016571,0.5248156785964966,0.5020351370037394,0.48997750878334045,51.78643763065338,0.5064634084701538,1,True,True,False,58.03715999566498,False,0.5067876875400543,UNRANKED,,False,,,
2022-09-26,2022-09-27,2022-10-04,NOW,XLK,75.35199737548828,82.30999755859375,79.98714229038784,5,take_profit,LONG,LONG,0.515887051820755,0.5069584250450134,0.5248156785964966,0.49952479810550077,0.4677143394947052,51.5887051820755,0.5064634084701538,1,True,True,False,58.03715999566498,False,0.0848929584026336,UNRANKED,,False,,,
2022-09-27,2022-09-28,2022-10-04,NOW,XLK,75.68800354003906,84.11599731445312,80.1848634992327,4,take_profit,LONG,LONG,0.5086036026477814,0.5070463418960571,0.5101608633995056,0.4995806063242286,0.5098312497138977,50.86036026477814,0.5064634084701538,1,True,True,False,58.03715999566498,False,0.2855567783117295,UNRANKED,,False,,,
2022-09-28,2022-09-29,2022-10-04,NOW,XLK,76.57599639892578,83.68599700927734,81.16685594831195,3,take_profit,LONG,LONG,0.5036252737045288,0.5070463418960571,0.5002042055130005,0.4995806063242286,0.5127270221710205,50.36252737045288,0.5064634084701538,2,False,True,True,58.03715999566498,False,0.33183850347995764,UNRANKED,,False,,,
2022-09-29,2022-09-30,2022-10-04,NOW,XLK,77.0,80.24199676513672,81.13628823416573,2,stop_loss,SHORT,SHORT,0.48435601592063904,0.49701687693595886,0.4716951549053192,0.4932144729032441,0.42246291041374207,51.564398407936096,0.5064634084701538,1,True,False,True,58.03715999566498,False,0.5681425929069519,UNRANKED,,False,,,
2022-09-30,2022-10-03,2022-10-04,NOW,XLK,76.01599884033203,76.35600280761719,80.19885689871651,1,stop_loss,SHORT,SHORT,0.46781274676322937,0.4856492578983307,0.44997623562812805,0.4860017257745932,0.5388228297233582,53.21872532367706,0.5064634084701538,1,True,False,True,58.03715999566498,False,-0.426488608121872,UNRANKED,,False,,,
2022-10-03,2022-10-04,2022-10-10,NOW,XLK,80.4260025024414,74.26000213623047,76.52343096051898,4,take_profit,SHORT,SHORT,0.46684472262859344,0.46511903405189514,0.46857041120529175,0.47299210982554823,0.552270233631134,53.315527737140656,0.5064634084701538,1,True,False,True,58.03715999566498,False,-0.25572901964187633,UNRANKED,,False,,,
2022-10-04,2022-10-05,2022-10-11,NOW,XLK,80.55000305175781,73.82599639892578,76.22657557896206,4,take_profit,SHORT,SHORT,0.4822998642921448,0.48510974645614624,0.4794899821281433,0.4856595272662125,0.48750802874565125,51.77001357078552,0.5064634084701538,1,True,False,True,58.03715999566498,False,-0.1719403862953186,UNRANKED,,False,,,
2022-10-05,2022-10-06,2022-10-07,NOW,XLK,84.42400360107422,72.37999725341797,80.4694333757673,1,stop_loss,LONG,LONG,0.5167028605937958,0.5261154174804688,0.5072903037071228,0.511683234799799,0.42243990302085876,51.67028605937958,0.5064634084701538,1,True,True,False,58.03715999566498,False,0.4218316972255706,UNRANKED,,False,,,
2022-10-06,2022-10-07,2022-10-10,NOW,XLK,82.0,68.35199737548828,78.26257215227399,1,stop_loss,LONG,LONG,0.5104289650917053,0.5168417692184448,0.5040161609649658,0.5057983327308576,0.43391698598861694,51.04289650917053,0.5064634084701538,1,True,True,False,58.03715999566498,False,0.16939744353294367,UNRANKED,,False,,,
2022-10-07,2022-10-10,2022-10-11,NOW,XLK,80.27799987792969,69.72200012207031,76.07000078473773,1,stop_loss,LONG,LONG,0.5114228129386902,0.5285969376564026,0.4942486882209778,0.5132574844410158,0.5319318771362305,51.14228129386902,0.5064634084701538,1,True,True,False,58.03715999566498,False,-0.006626039743423337,UNRANKED,,False,,,
2022-10-10,2022-10-11,2022-10-14,NOW,XLK,76.33000183105469,71.35800170898438,71.96257563999721,3,stop_loss,LONG,LONG,0.5033949613571167,0.5125412344932556,0.4942486882209778,0.5030686409166991,0.5208714008331299,50.33949613571167,0.5064634084701538,2,False,True,True,58.03715999566498,False,-0.05881837010383601,UNRANKED,,False,,,
2022-10-11,2022-10-12,2022-10-14,NOW,XLK,74.49800109863281,71.08799743652344,70.11028834751674,2,take_profit,SHORT,SHORT,0.49861934781074524,0.5072516798973083,0.48998701572418213,0.49971095165982216,0.558009922504425,50.138065218925476,0.5064634084701538,2,False,True,True,58.03715999566498,False,0.2838272452354433,UNRANKED,,False,,,
2022-10-12,2022-10-13,2022-10-20,NOW,XLK,69.55000305175781,71.25199890136719,71.25199890136719,5,time_exit,LONG,LONG,0.5012456625699997,0.510050356388092,0.49244096875190735,0.5014875039862435,0.5707915425300598,50.12456625699997,0.5064634084701538,2,False,True,True,58.03715999566498,False,0.4957357794046401,UNRANKED,,False,,,
2022-10-13,2022-10-14,2022-10-21,NOW,XLK,73.2040023803711,72.13400268554688,72.13400268554688,5,time_exit,LONG,LONG,0.5028182119131088,0.5072402358055115,0.4983961880207062,0.49970368712903546,0.5196699500083923,50.28182119131088,0.5064634084701538,2,False,True,True,58.03715999566498,False,0.3850087374448778,UNRANKED,,False,,,
2022-10-14,2022-10-17,2022-10-24,NOW,XLK,70.28600311279297,73.31199645996094,73.31199645996094,5,time_exit,LONG,LONG,0.5024850815534592,0.512529194355011,0.49244096875190735,0.5030609983094775,0.5655822157859802,50.24850815534592,0.5064634084701538,2,False,True,True,58.03715999566498,False,0.3626123368740082,UNRANKED,,False,,,
2022-10-17,2022-10-18,2022-10-25,NOW,XLK,72.46800231933594,75.33200073242188,75.33200073242188,5,time_exit,LONG,LONG,0.5052749812602997,0.5103457570075989,0.5002042055130005,0.5016750178737877,0.5492410063743591,50.52749812602997,0.5064634084701538,2,False,True,True,58.03715999566498,False,0.8190311193466187,UNRANKED,,False,,,
2022-10-18,2022-10-19,2022-10-25,NOW,XLK,70.14199829101562,73.28199768066406,74.37228284563336,4,take_profit,LONG,LONG,0.5035826861858368,0.5069611668586731,0.5002042055130005,0.4995265385650318,0.554434061050415,50.35826861858368,0.5064634084701538,2,False,True,True,58.03715999566498,False,0.9158431589603423,UNRANKED,,False,,,
2022-10-19,2022-10-20,2022-10-27,NOW,XLK,71.22599792480469,83.13400268554688,75.39914049421039,5,take_profit,LONG,LONG,0.5050316154956818,0.509859025478363,0.5002042055130005,0.501366051060103,0.5233799815177917,50.503161549568176,0.5064634084701538,2,False,True,True,58.03715999566498,False,0.4075764268636704,UNRANKED,,False,,,
2022-10-20,2022-10-21,2022-10-25,NOW,XLK,70.66200256347656,84.08000183105469,74.63314601353237,2,take_profit,LONG,LONG,0.5032370984554291,0.5122255086898804,0.4942486882209778,0.5028682301044224,0.562707781791687,50.32370984554291,0.5064634084701538,2,False,True,True,58.03715999566498,False,0.3636129051446913,UNRANKED,,False,,,
2022-10-21,2022-10-24,2022-10-27,NOW,XLK,73.5999984741211,84.14800262451172,77.29428536551339,3,take_profit,LONG,LONG,0.5066253542900085,0.5130465030670166,0.5002042055130005,0.503389364240471,0.5807749032974243,50.662535429000854,0.5064634084701538,1,True,True,False,58.03715999566498,False,0.6094496995210646,UNRANKED,,False,,,
2022-10-24,2022-10-25,2022-10-27,NOW,XLK,73.71600341796875,83.71199798583984,77.01171875,2,take_profit,LONG,LONG,0.5027132332324982,0.5052222609519958,0.5002042055130005,0.4984227129587308,0.4340580701828003,50.27132332324982,0.5064634084701538,2,False,True,True,58.03715999566498,False,0.6977156102657318,UNRANKED,,False,,,
2022-10-25,2022-10-26,2022-10-27,NOW,XLK,70.76000213623047,78.53600311279297,74.08628954206195,1,take_profit,LONG,LONG,0.5036405324935913,0.5070768594741821,0.5002042055130005,0.49959997839995524,0.3997139632701874,50.36405324935913,0.5064634084701538,2,False,True,True,58.03715999566498,False,0.6128079742193222,UNRANKED,,False,,,
2022-10-26,2022-10-27,2022-11-02,NOW,XLK,85.39199829101562,77.11199951171875,81.83428192138672,4,take_profit,SHORT,SHORT,0.46322792768478394,0.4649372100830078,0.46151864528656006,0.47287702896519124,0.6461125016212463,53.677207231521606,0.5064634084701538,1,True,False,True,58.03715999566498,False,-0.9191218614578248,UNRANKED,,False,,,
2022-10-27,2022-10-28,2022-11-02,NOW,XLK,83.24600219726562,72.3499984741211,78.77285657610211,3,take_profit,SHORT,SHORT,0.4621911644935608,0.4628636837005615,0.46151864528656006,0.4715648499594713,0.6923288702964783,53.78088355064392,0.5064634084701538,1,True,False,True,58.03715999566498,False,-1.1070019751787188,UNRANKED,,False,,,
2022-10-28,2022-10-31,2022-11-02,NOW,XLK,83.5999984741211,72.63999938964844,79.5468521118164,2,take_profit,SHORT,SHORT,0.4695161134004593,0.4666123688220978,0.4724198579788208,0.47393738559106025,0.7008693814277649,53.04838865995407,0.5064634084701538,1,True,False,True,58.03715999566498,False,-0.8709833472967147,UNRANKED,,False,,,
2022-10-31,2022-11-01,2022-11-02,NOW,XLK,85.41600036621094,74.22799682617188,81.65256827218192,1,stop_loss,LONG,LONG,0.5007973313331604,0.5291748046875,0.4724198579788208,0.51362404044794,0.5375660061836243,50.07973313331604,0.5064634084701538,2,False,True,True,58.03715999566498,False,-0.5527383387088777,UNRANKED,,False,,,
2022-11-01,2022-11-02,2022-11-03,NOW,XLK,83.86599731445312,72.25399780273438,80.10227966308594,1,take_profit,SHORT,SHORT,0.4918373227119446,0.5074527859687805,0.47622185945510864,0.4998386106711106,0.48197609186172485,50.81626772880554,0.5064634084701538,1,True,False,True,58.03715999566498,False,-0.0004728287458418898,UNRANKED,,False,,,
2022-11-02,2022-11-03,2022-11-04,NOW,XLK,78.1240005493164,80.81199645996094,73.82742636544364,1,stop_loss,LONG,LONG,0.5185166299343109,0.4773235321044922,0.5597097277641296,0.4807225845180159,0.44499626755714417,51.85166299343109,0.5064634084701538,1,True,True,False,58.03715999566498,False,1.2205748111009596,UNRANKED,,False,,,
2022-11-03,2022-11-04,2022-11-07,NOW,XLK,77.7020034790039,81.98200225830078,73.77742876325335,1,stop_loss,LONG,LONG,0.5595281422138214,0.5334140658378601,0.5856422185897827,0.5163126399468719,0.4630935490131378,55.95281422138214,0.5064634084701538,1,True,True,False,58.03715999566498,False,1.681359589099884,UNRANKED,,False,,,
2022-11-04,2022-11-07,2022-11-10,NOW,XLK,73.0,80.08000183105469,77.40914590018136,3,take_profit,LONG,LONG,0.5194333642721176,0.54603111743927,0.4928356111049652,0.5243083626788192,0.48145100474357605,51.94333642721176,0.5064634084701538,1,True,True,False,58.03715999566498,False,0.4487477242946625,UNRANKED,,False,,,
2022-11-07,2022-11-08,2022-11-10,NOW,XLK,73.0,83.89600372314453,77.21686008998326,2,take_profit,LONG,LONG,0.5095350742340088,0.5290831327438354,0.48998701572418213,0.5135658915304332,0.5477925539016724,50.95350742340088,0.5064634084701538,1,True,True,False,58.03715999566498,False,0.2778199762105943,UNRANKED,,False,,,
2022-11-08,2022-11-09,2022-11-10,NOW,XLK,73.0,82.44000244140625,77.40514482770648,1,take_profit,LONG,LONG,0.508658766746521,0.5273305177688599,0.48998701572418213,0.5124541122177189,0.5261672139167786,50.8658766746521,0.5064634084701538,1,True,True,False,58.03715999566498,False,-0.06973393261432634,UNRANKED,,False,,,
2022-11-09,2022-11-10,2022-11-15,NOW,XLK,78.6520004272461,80.11599731445312,83.31571633475167,3,take_profit,LONG,LONG,0.5116995573043823,0.5334120988845825,0.48998701572418213,0.5163113926841255,0.6065961122512817,51.16995573043823,0.5064634084701538,1,True,True,False,58.03715999566498,False,0.3621679395437241,HIGH,,True,1.0144095580912154,-1.0,-0.1797138690186818
2022-11-10,2022-11-11,2022-11-18,NOW,XLK,81.39800262451172,79.8759994506836,79.8759994506836,5,time_exit,SHORT,SHORT,0.4968337267637253,0.49772587418556213,0.4959415793418884,0.4936644559274159,0.4788125455379486,50.31662732362747,0.5064634084701538,2,False,True,True,58.03715999566498,False,0.25702577829360956,UNRANKED,,False,,,
2022-11-11,2022-11-14,2022-11-21,NOW,XLK,80.302001953125,77.47599792480469,77.47599792480469,5,time_exit,SHORT,SHORT,0.4980127215385437,0.500083863735199,0.4959415793418884,0.49516108336589676,0.4469941258430481,50.19872784614563,0.5064634084701538,2,False,True,True,58.03715999566498,False,0.1234458982944487,UNRANKED,,False,,,
2022-11-14,2022-11-15,2022-11-22,NOW,XLK,82.84200286865234,80.05599975585938,80.05599975585938,5,time_exit,SHORT,SHORT,0.49648478627204895,0.5029825568199158,0.48998701572418213,0.49700101399103597,0.4846822917461395,50.351521372795105,0.5064634084701538,2,False,True,True,58.03715999566498,False,-0.24941214919090293,UNRANKED,,False,,,
2022-11-15,2022-11-16,2022-11-23,NOW,XLK,83.08000183105469,81.8740005493164,81.8740005493164,5,time_exit,LONG,LONG,0.5004611015319824,0.5109351873397827,0.48998701572418213,0.5020491739666874,0.5297733545303345,50.04611015319824,0.5064634084701538,2,False,True,True,58.03715999566498,False,0.019520804286003203,UNRANKED,,False,,,
2022-11-16,2022-11-17,2022-11-25,NOW,XLK,80.56999969482422,81.44200134277344,81.44200134277344,5,time_exit,SHORT,SHORT,0.49686360359191895,0.4994785189628601,0.4942486882209778,0.4947768587481625,0.4921547770500183,50.313639640808105,0.5064634084701538,2,False,True,True,58.03715999566498,False,0.027123704552650674,UNRANKED,,False,,,
2022-11-17,2022-11-18,2022-11-28,NOW,XLK,81.58200073242188,80.38600158691406,80.38600158691406,5,time_exit,LONG,LONG,0.5434607267379761,0.5012792348861694,0.5856422185897827,0.4959198260596648,0.5159615278244019,54.34607267379761,0.5064634084701538,1,True,True,False,58.03715999566498,False,0.5247944593429567,UNRANKED,,False,,,
2022-11-18,2022-11-21,2022-11-29,NOW,XLK,78.83999633789062,79.37000274658203,79.37000274658203,5,time_exit,SHORT,SHORT,0.49870626628398895,0.5001702308654785,0.4972423017024994,0.4952159028135276,0.5054057836532593,50.129373371601105,0.5064634084701538,2,False,True,True,58.03715999566498,False,0.14280243217945093,UNRANKED,,False,,,
2022-11-21,2022-11-22,2022-11-30,NOW,XLK,77.89800262451172,83.26000213623047,83.19514683314732,5,stop_loss,SHORT,SHORT,0.49591730535030365,0.4975859224796295,0.4942486882209778,0.4935756312038467,0.5420926809310913,50.408269464969635,0.5064634084701538,2,False,True,True,58.03715999566498,False,0.5144677460193634,UNRANKED,,False,,,
2022-11-22,2022-11-23,2022-12-01,NOW,XLK,79.96800231933594,85.12000274658203,84.89429037911552,5,stop_loss,SHORT,SHORT,0.49913153052330017,0.501559853553772,0.49670320749282837,0.49609794711761324,0.5134982466697693,50.08684694766998,0.5064634084701538,2,False,True,True,58.03715999566498,False,0.6987469792366028,UNRANKED,,False,,,
2022-11-23,2022-11-25,2022-12-02,NOW,XLK,81.33599853515625,82.5739974975586,82.5739974975586,5,time_exit,LONG,LONG,0.5068831741809845,0.5037722587585449,0.5099940896034241,0.4975022894353736,0.5194329619407654,50.68831741809845,0.5064634084701538,1,True,True,False,58.03715999566498,False,0.3678092956542969,UNRANKED,,False,,,
2022-11-25,2022-11-28,2022-12-05,NOW,XLK,80.78800201416016,78.4520034790039,78.4520034790039,5,time_exit,LONG,LONG,0.5008242726325989,0.5049453377723694,0.49670320749282837,0.4982469283394039,0.5634775161743164,50.08242726325989,0.5064634084701538,2,False,True,True,58.03715999566498,False,0.8566972464323043,UNRANKED,,False,,,
2022-11-28,2022-11-29,2022-12-01,NOW,XLK,80.17400360107422,77.83000183105469,84.64743368966239,2,take_profit,LONG,LONG,0.5053784251213074,0.5025738477706909,0.5081830024719238,0.4967415819435,0.5344149470329285,50.53784251213074,0.5064634084701538,2,False,True,True,58.03715999566498,False,0.5645019114017488,UNRANKED,,False,,,
2022-11-29,2022-11-30,2022-12-01,NOW,XLK,78.8219985961914,77.7040023803711,83.21371459960938,1,stop_loss,SHORT,SHORT,0.49963852763175964,0.5025738477706909,0.49670320749282837,0.4967415819435,0.5474498867988586,50.036147236824036,0.5064634084701538,2,False,True,True,58.03715999566498,False,0.39591147005558003,UNRANKED,,False,,,
2022-11-30,2022-12-01,2022-12-05,NOW,XLK,83.23200225830078,79.24600219726562,78.56657191685268,2,stop_loss,LONG,LONG,0.5012860000133514,0.5023677945137024,0.5002042055130005,0.49661078828932076,0.47960740327835083,50.128600001335144,0.5064634084701538,2,False,True,True,58.03715999566498,False,0.13896359503269198,UNRANKED,,False,,,
2022-12-01,2022-12-02,2022-12-05,NOW,XLK,83.44599914550781,78.71600341796875,79.73742566789899,1,stop_loss,LONG,LONG,0.5036594867706299,0.5059840083122253,0.5013349652290344,0.49890625496742086,0.4440404176712036,50.36594867706299,0.5064634084701538,2,False,True,True,58.03715999566498,False,0.35092940926551836,UNRANKED,,False,,,
2022-12-02,2022-12-05,2022-12-12,NOW,XLK,81.19999694824219,80.3280029296875,80.3280029296875,5,time_exit,LONG,LONG,0.5132290720939636,0.5066248178482056,0.5198333263397217,0.49931302968247027,0.46197038888931274,51.32290720939636,0.5064634084701538,1,True,True,False,58.03715999566498,False,0.8511577397584915,UNRANKED,,False,,,
2022-12-05,2022-12-06,2022-12-13,NOW,XLK,78.447998046875,83.23400115966797,82.67028481619698,5,take_profit,LONG,LONG,0.5083132833242416,0.49991104006767273,0.5167155265808105,0.4950513880723806,0.4137455224990845,50.831328332424164,0.5064634084701538,1,True,True,False,58.03715999566498,False,1.7059809267520905,UNRANKED,,False,,,
2022-12-06,2022-12-07,2022-12-13,NOW,XLK,77.85399627685547,83.6780014038086,81.6199972970145,4,take_profit,LONG,LONG,0.5037899017333984,0.5046764612197876,0.5029033422470093,0.4980762519525897,0.5167769193649292,50.378990173339844,0.5064634084701538,2,False,True,True,58.03715999566498,False,1.0831215828657152,UNRANKED,,False,,,
2022-12-07,2022-12-08,2022-12-13,NOW,XLK,78.41799926757812,80.12799835205078,81.99400002615792,3,take_profit,LONG,LONG,0.5097300112247467,0.5113407969474792,0.5081192255020142,0.5023066438099737,0.4670649468898773,50.97300112247467,0.5064634084701538,1,True,True,False,58.03715999566498,False,1.5332185178995135,UNRANKED,,False,,,
2022-12-08,2022-12-09,2022-12-13,NOW,XLK,78.81400299072266,78.8740005493164,82.27828870500836,2,take_profit,LONG,LONG,0.5037951767444611,0.49768882989883423,0.5099015235900879,0.4936409445740824,0.5035718679428101,50.379517674446106,0.5064634084701538,2,False,True,True,58.03715999566498,False,0.4978785216808319,UNRANKED,,False,,,
2022-12-09,2022-12-12,2022-12-13,NOW,XLK,79.11199951171875,76.45999908447266,82.61771392822266,1,stop_loss,SHORT,SHORT,0.4989859461784363,0.49768882989883423,0.5002830624580383,0.4936409445740824,0.5390052795410156,50.10140538215637,0.5064634084701538,2,False,True,True,58.03715999566498,False,0.05132633447647115,UNRANKED,,False,,,
2022-12-12,2022-12-13,2022-12-15,NOW,XLK,84.88600158691406,77.29399871826172,81.49285888671875,2,stop_loss,LONG,LONG,0.5037216246128082,0.5043097734451294,0.5031334757804871,0.49784348807831086,0.5581238865852356,50.37216246128082,0.5064634084701538,2,False,True,True,58.03715999566498,False,0.280007541179657,UNRANKED,,False,,,
2022-12-13,2022-12-14,2022-12-16,NOW,XLK,83.302001953125,78.38200378417969,79.86228833879743,2,stop_loss,LONG,LONG,0.5015899240970612,0.5027987360954285,0.5003811120986938,0.49688433178861197,0.521122395992279,50.158992409706116,0.5064634084701538,2,False,True,True,58.03715999566498,False,-0.08182701468467721,UNRANKED,,False,,,
2022-12-14,2022-12-15,2022-12-19,NOW,XLK,81.6500015258789,75.98799896240234,78.40657370431083,2,take_profit,SHORT,SHORT,0.4962352365255356,0.4980449676513672,0.494425505399704,0.49386698005355495,0.5032286643981934,50.37647634744644,0.5064634084701538,2,False,True,True,58.03715999566498,False,0.1335838437080383,UNRANKED,,False,,,
2022-12-15,2022-12-16,2022-12-22,NOW,XLK,79.96600341796875,76.37200164794922,76.2771464756557,4,take_profit,SHORT,SHORT,0.48748062551021576,0.4927474856376648,0.4822137653827667,0.49050505401253724,0.5204617977142334,51.251937448978424,0.5064634084701538,1,True,False,True,58.03715999566498,False,-0.075364574790001,UNRANKED,,False,,,
2022-12-16,2022-12-19,2022-12-27,NOW,XLK,78.86000061035156,76.12799835205078,76.12799835205078,5,time_exit,SHORT,SHORT,0.4921419322490692,0.4978484511375427,0.4864354133605957,0.49374225354918877,0.5698894262313843,50.78580677509308,0.5064634084701538,1,True,False,True,58.03715999566498,False,0.5716894268989562,UNRANKED,,False,,,
2022-12-19,2022-12-20,2022-12-28,NOW,XLK,75.30000305175781,75.20999908447266,75.20999908447266,5,time_exit,SHORT,SHORT,0.4984258711338043,0.5104163289070129,0.4864354133605957,0.5017198153126687,0.6538895964622498,50.15741288661957,0.5064634084701538,2,False,True,True,58.03715999566498,False,0.8827738165855411,UNRANKED,,False,,,
2022-12-20,2022-12-21,2022-12-29,NOW,XLK,77.4260025024414,77.97000122070312,77.97000122070312,5,time_exit,SHORT,SHORT,0.49463221430778503,0.49768882989883423,0.49157559871673584,0.4936409445740824,0.6154022216796875,50.5367785692215,0.5064634084701538,2,False,True,True,58.03715999566498,False,0.7010810673236847,UNRANKED,,False,,,
2022-12-21,2022-12-22,2022-12-30,NOW,XLK,76.79399871826172,77.65399932861328,77.65399932861328,5,time_exit,LONG,LONG,0.5008731931447983,0.5073208808898926,0.494425505399704,0.4997548793719136,0.5951313376426697,50.08731931447983,0.5064634084701538,2,False,True,True,58.03715999566498,False,0.6020594239234924,UNRANKED,,False,,,
2022-12-22,2022-12-23,2023-01-03,NOW,XLK,75.0,77.0999984741211,77.0999984741211,5,time_exit,LONG,LONG,0.5008731931447983,0.5073208808898926,0.494425505399704,0.4997548793719136,0.5899419188499451,50.08731931447983,0.5064634084701538,2,False,True,True,58.03715999566498,False,0.555634081363678,UNRANKED,,False,,,
2022-12-23,2022-12-27,2023-01-04,NOW,XLK,76.02999877929688,78.7699966430664,78.7699966430664,5,time_exit,LONG,LONG,0.5030884742736816,0.5082455277442932,0.49793142080307007,0.5003418308860623,0.6197265386581421,50.308847427368164,0.5064634084701538,2,False,True,True,58.03715999566498,False,0.5355111956596375,HIGH,,True,1.071919789217168,-1.0,-0.051003541912632816
2022-12-27,2022-12-28,2023-01-05,NOW,XLK,76.08599853515625,73.26399993896484,73.32571084158761,5,stop_loss,LONG,LONG,0.5113924443721771,0.5068390369415283,0.5159458518028259,0.4994490124554947,0.6379376649856567,51.13924443721771,0.5064634084701538,1,True,True,False,58.03715999566498,False,0.7221612185239791,HIGH,,True,1.59873906544337,-1.0,-0.051003541912632816
2022-12-28,2022-12-29,2023-01-05,NOW,XLK,76.19000244140625,73.30599975585938,73.31657191685268,4,stop_loss,LONG,LONG,0.5084165632724762,0.5068390369415283,0.5099940896034241,0.4994490124554947,0.6487482190132141,50.84165632724762,0.5064634084701538,1,True,True,False,58.03715999566498,False,0.5436295717954633,HIGH,,True,1.2652910647235394,-1.0,-0.051003541912632816
2022-12-29,2022-12-30,2023-01-05,NOW,XLK,76.76000213623047,75.71199798583984,73.7125712803432,3,stop_loss,LONG,LONG,0.5090985298156738,0.5027324557304382,0.5154646039009094,0.49684225968925283,0.5901570916175842,50.90985298156738,0.5064634084701538,1,True,True,False,58.03715999566498,False,0.5121056735515594,UNRANKED,,False,,,
2022-12-30,2023-01-03,2023-01-05,NOW,XLK,79.01599884033203,76.16799926757812,75.99913896833148,2,stop_loss,LONG,LONG,0.5120767951011658,0.5086889863014221,0.5154646039009094,0.500623331280847,0.5986533761024475,51.20767951011658,0.5064634084701538,1,True,True,False,58.03715999566498,False,0.6374841034412384,UNRANKED,,False,,,
2023-01-03,2023-01-04,2023-01-05,NOW,XLK,78.19000244140625,78.75599670410156,75.32428523472377,1,stop_loss,LONG,LONG,0.5107314884662628,0.5073211789131165,0.5141417980194092,0.49975506855242235,0.5716866850852966,51.07314884662628,0.5064634084701538,1,True,True,False,58.03715999566498,False,0.6037048101425171,UNRANKED,,False,,,
2023-01-04,2023-01-05,2023-01-06,NOW,XLK,77.69000244140625,82.6520004272461,75.0008566720145,1,stop_loss,LONG,LONG,0.5076015889644623,0.504472017288208,0.5107311606407166,0.4979464761461457,0.4873918294906616,50.76015889644623,0.5064634084701538,1,True,True,False,58.03715999566498,False,0.6580131351947784,UNRANKED,,False,,,
2023-01-05,2023-01-06,2023-01-11,NOW,XLK,74.31800079345703,82.97799682617188,77.73028891427177,3,take_profit,LONG,LONG,0.5084202885627747,0.5022175312042236,0.5146230459213257,0.4965154079611055,0.5488411784172058,50.842028856277466,0.5064634084701538,1,True,True,False,58.03715999566498,False,1.1317028254270554,UNRANKED,,False,,,
2023-01-06,2023-01-09,2023-01-11,NOW,XLK,74.7760009765625,83.64800262451172,77.68714577811105,2,take_profit,LONG,LONG,0.516106367111206,0.5124596953392029,0.5197530388832092,0.5030168830340049,0.6406378149986267,51.610636711120605,0.5064634084701538,1,True,True,False,58.03715999566498,False,0.9863878190517424,HIGH,,True,2.2229586058556396,-1.0,-0.08830474338495727
2023-01-09,2023-01-10,2023-01-11,NOW,XLK,74.8740005493164,83.23999786376953,77.94971684047154,1,take_profit,LONG,LONG,0.5090908259153366,0.519785463809967,0.4983961880207062,0.507666603772117,0.6514779329299927,50.90908259153366,0.5064634084701538,1,True,True,False,58.03715999566498,False,0.16642862558364865,HIGH,,True,0.5634506922717633,-1.0,-0.08830474338495727
2023-01-10,2023-01-11,2023-01-12,NOW,XLK,76.96399688720703,85.68599700927734,79.75999886648995,1,take_profit,LONG,LONG,0.503624752163887,0.5088533163070679,0.4983961880207062,0.5007276452475924,0.5926828384399414,50.3624752163887,0.5064634084701538,2,False,True,True,58.03715999566498,False,-0.009164780378341682,UNRANKED,,False,,,
2023-01-11,2023-01-12,2023-01-19,NOW,XLK,81.96600341796875,88.36599731445312,85.01257651192802,4,take_profit,LONG,LONG,0.5048544257879257,0.5113126635551453,0.4983961880207062,0.5022887855428101,0.41958728432655334,50.48544257879257,0.5064634084701538,2,False,True,True,58.03715999566498,False,0.14734509587287903,UNRANKED,,False,,,
2023-01-12,2023-01-13,2023-01-19,NOW,XLK,81.73400115966797,88.48799896240234,85.18171691894531,3,take_profit,LONG,LONG,0.503637358546257,0.5088785290718079,0.4983961880207062,0.5007436498878195,0.3764370381832123,50.3637358546257,0.5064634084701538,2,False,True,True,58.03715999566498,False,-0.07278326153755191,UNRANKED,,False,,,
2023-01-13,2023-01-17,2023-01-20,NOW,XLK,83.0,88.68199920654297,86.15228598458427,3,take_profit,LONG,LONG,0.5018810331821442,0.5078204870223999,0.4959415793418884,0.5000720216326131,0.34922370314598083,50.18810331821442,0.5064634084701538,2,False,True,True,58.03715999566498,False,-0.1729969084262848,UNRANKED,,False,,,
2023-01-17,2023-01-18,2023-01-20,NOW,XLK,84.15799713134766,89.75399780273438,87.35114070347377,2,stop_loss,SHORT,SHORT,0.4997107982635498,0.5094345808029175,0.48998701572418213,0.5010966217555565,0.4467841386795044,50.02892017364502,0.5064634084701538,2,False,True,True,58.03715999566498,False,0.13818034529685974,UNRANKED,,False,,,
2023-01-18,2023-01-19,2023-01-20,NOW,XLK,83.2040023803711,92.61399841308594,86.42057473318917,1,take_profit,LONG,LONG,0.5144827961921692,0.505886435508728,0.5230791568756104,0.49884431756749925,0.44795462489128113,51.44827961921692,0.5064634084701538,1,True,True,False,58.03715999566498,False,0.42146208882331854,UNRANKED,,False,,,
2023-01-19,2023-01-20,2023-01-25,NOW,XLK,85.83999633789062,91.77200317382812,89.2748543875558,3,take_profit,LONG,LONG,0.5401068329811096,0.5058612823486328,0.5743523836135864,0.49882835081522153,0.45770642161369324,54.01068329811096,0.5064634084701538,1,True,True,False,58.03715999566498,False,0.8131851106882098,UNRANKED,,False,,,
2023-01-20,2023-01-23,2023-01-26,NOW,XLK,88.19999694824219,88.51399993896484,91.62342616489956,3,stop_loss,SHORT,SHORT,0.49870485067367554,0.5031610131263733,0.4942486882209778,0.4971142913834355,0.4429943859577179,50.129514932632446,0.5064634084701538,2,False,True,True,58.03715999566498,False,0.04531238973140717,UNRANKED,,False,,,
2023-01-23,2023-01-24,2023-01-26,NOW,XLK,88.0,91.0260009765625,91.39571489606585,2,stop_loss,SHORT,SHORT,0.499062716960907,0.5038767457008362,0.4942486882209778,0.4975686145260589,0.48406946659088135,50.0937283039093,0.5064634084701538,2,False,True,True,58.03715999566498,False,0.3306282162666322,UNRANKED,,False,,,
2023-01-24,2023-01-25,2023-01-26,NOW,XLK,85.74800109863281,94.76200103759766,89.092287336077,1,stop_loss,SHORT,SHORT,0.49903544783592224,0.5038222074508667,0.4942486882209778,0.49753399531502074,0.45944684743881226,50.096455216407776,0.5064634084701538,2,False,True,True,58.03715999566498,False,0.48498740792274464,UNRANKED,,False,,,
2023-01-25,2023-01-26,2023-01-30,NOW,XLK,92.37200164794922,98.25399780273438,89.11314392089844,2,stop_loss,LONG,LONG,0.5132857859134674,0.5023332238197327,0.5242383480072021,0.4965888443598965,0.5199043154716492,51.32857859134674,0.5064634084701538,1,True,True,False,58.03715999566498,False,0.3938387036323548,UNRANKED,,False,,,
2023-01-26,2023-01-27,2023-01-30,NOW,XLK,91.49600219726562,94.44400024414062,88.61514391217914,1,take_profit,SHORT,SHORT,0.4933227151632309,0.4922199249267578,0.494425505399704,0.4901702916693751,0.5315815210342407,50.66772848367691,0.5064634084701538,1,True,False,True,58.03715999566498,False,0.010815083980560483,UNRANKED,,False,,,
2023-01-27,2023-01-30,2023-02-01,NOW,XLK,90.39800262451172,91.04399871826172,93.39314596993583,2,stop_loss,SHORT,SHORT,0.486720010638237,0.4883788526058197,0.4850611686706543,0.48773323342243685,0.5304886698722839,51.3279989361763,0.5064634084701538,1,True,False,True,58.03715999566498,False,0.050001382827758595,UNRANKED,,False,,,
2023-01-30,2023-01-31,2023-02-01,NOW,XLK,88.90399932861328,92.6520004272461,92.02085767473493,1,stop_loss,SHORT,SHORT,0.4898576885461807,0.49465420842170715,0.4850611686706543,0.4917150290629254,0.5101319551467896,51.01423114538193,0.5064634084701538,1,True,False,True,58.03715999566498,False,-0.062159687280654956,UNRANKED,,False,,,
2023-01-31,2023-02-01,2023-02-02,NOW,XLK,91.23799896240234,92.7959976196289,94.64857155936105,1,stop_loss,SHORT,SHORT,0.4917759448289871,0.49849072098731995,0.4850611686706543,0.49414989676938675,0.5276249647140503,50.82240551710129,0.5064634084701538,1,True,False,True,58.03715999566498,False,0.2232138216495514,UNRANKED,,False,,,
2023-02-01,2023-02-02,2023-02-06,NOW,XLK,96.95999908447266,92.66000366210938,93.3854261125837,2,stop_loss,LONG,LONG,0.5013293325901031,0.4984655976295471,0.5041930675506592,0.4941339510378232,0.462789922952652,50.132933259010315,0.5064634084701538,2,False,True,True,58.03715999566498,False,0.08423635363578788,UNRANKED,,False,,,
2023-02-02,2023-02-03,2023-02-06,NOW,XLK,95.6259994506836,91.6719970703125,92.10914175851005,1,stop_loss,LONG,LONG,0.5008794665336609,0.4975658655166626,0.5041930675506592,0.49356290145862763,0.4281936287879944,50.08794665336609,0.5064634084701538,2,False,True,True,58.03715999566498,False,0.1359204053878786,UNRANKED,,False,,,
2023-02-03,2023-02-06,2023-02-13,NOW,XLK,91.10199737548828,92.20800018310547,92.20800018310547,5,time_exit,SHORT,SHORT,0.4973190277814865,0.5016255974769592,0.4930124580860138,0.4961396778332022,0.4712703824043274,50.26809722185135,0.5064634084701538,2,False,True,True,58.03715999566498,False,0.06992003321647633,UNRANKED,,False,,,
2023-02-06,2023-02-07,2023-02-14,NOW,XLK,90.96600341796875,92.2699966430664,92.2699966430664,5,time_exit,SHORT,SHORT,0.4986025243997574,0.504192590713501,0.4930124580860138,0.497769103716468,0.4716152846813202,50.13974756002426,0.5064634084701538,2,False,True,True,58.03715999566498,False,0.1217236518859863,UNRANKED,,False,,,
2023-02-07,2023-02-08,2023-02-15,NOW,XLK,92.91799926757812,92.78199768066406,92.78199768066406,5,time_exit,LONG,LONG,0.5113123953342438,0.5074175000190735,0.5152072906494141,0.49981621169618173,0.4516647160053253,51.13123953342438,0.5064634084701538,1,True,True,False,58.03715999566498,False,0.281263455748558,UNRANKED,,False,,,
2023-02-08,2023-02-09,2023-02-16,NOW,XLK,94.05000305175781,90.73799896240234,90.73799896240234,5,time_exit,LONG,LONG,0.5113110840320587,0.5162829756736755,0.5063391923904419,0.5054436640364469,0.4640144407749176,51.13110840320587,0.5064634084701538,1,True,True,False,58.03715999566498,False,0.3951393216848375,UNRANKED,,False,,,
2023-02-09,2023-02-10,2023-02-17,NOW,XLK,91.72200012207031,87.802001953125,87.83828735351562,5,stop_loss,LONG,LONG,0.5035967081785202,0.5073297619819641,0.4998636543750763,0.5201243348269,0.5873883366584778,50.35967081785202,0.5044906139373779,2,False,True,True,58.067804463560805,False,0.5344070494174958,UNRANKED,,False,,,
2023-02-10,2023-02-13,2023-02-17,NOW,XLK,91.85600280761719,86.37200164794922,87.84857504708427,4,stop_loss,LONG,LONG,0.5055025070905685,0.5111413598060608,0.4998636543750763,0.5220550751670349,0.611807107925415,50.550250709056854,0.5044906139373779,1,True,True,False,58.067804463560805,False,0.5431555211544039,HIGH,,True,1.1363075861709262,-1.0,-0.06870616015001041
2023-02-13,2023-02-14,2023-02-21,NOW,XLK,91.3280029296875,87.96800231933594,87.27171761648995,4,take_profit,SHORT,SHORT,0.49971094727516174,0.4995582401752472,0.4998636543750763,0.5161859193415651,0.5623781681060791,50.028905272483826,0.5044906139373779,2,False,True,True,58.067804463560805,False,0.2685009837150573,UNRANKED,,False,,,
2023-02-14,2023-02-15,2023-02-17,NOW,XLK,91.7959976196289,88.34200286865234,87.88399832589286,2,stop_loss,LONG,LONG,0.5064411461353302,0.5070457458496094,0.505836546421051,0.5199804435009144,0.5916579365730286,50.64411461353302,0.5044906139373779,1,True,True,False,58.067804463560805,False,0.37947922945022583,UNRANKED,,False,,,
2023-02-15,2023-02-16,2023-02-21,NOW,XLK,90.0,85.11799621582031,86.42342921665737,2,stop_loss,LONG,LONG,0.5056545436382294,0.5054725408554077,0.505836546421051,0.5191833499825064,0.653762698173523,50.56545436382294,0.5044906139373779,1,True,True,False,58.067804463560805,False,0.507999360561371,HIGH,,True,1.0752596174210225,-1.0,-0.07988054726022638
2023-02-16,2023-02-17,2023-02-24,NOW,XLK,90.0,85.71399688720703,86.25171443394252,4,stop_loss,LONG,LONG,0.5041687339544296,0.508473813533783,0.4998636543750763,0.5207039125487289,0.6410819292068481,50.41687339544296,0.5044906139373779,2,False,True,True,58.067804463560805,False,0.5405254662036896,HIGH,,True,1.090905476990347,-1.0,-0.08108201958469337
2023-02-17,2023-02-21,2023-02-28,NOW,XLK,86.36399841308594,86.43399810791016,86.43399810791016,5,time_exit,LONG,LONG,0.5014453083276749,0.5030269622802734,0.4998636543750763,0.5179440597675223,0.567803680896759,50.14453083276749,0.5044906139373779,2,False,True,True,58.067804463560805,False,0.4577038884162903,UNRANKED,,False,,,
2023-02-21,2023-02-22,2023-03-01,NOW,XLK,87.52999877929688,85.78800201416016,85.78800201416016,5,time_exit,SHORT,SHORT,0.4987481087446213,0.49763256311416626,0.4998636543750763,0.515209703800899,0.5152982473373413,50.12518912553787,0.5044906139373779,2,False,True,True,58.067804463560805,False,0.2842681705951689,UNRANKED,,False,,,
2023-02-22,2023-02-23,2023-03-02,NOW,XLK,88.08200073242188,87.20800018310547,87.20800018310547,5,time_exit,SHORT,SHORT,0.49908486008644104,0.4983060657978058,0.4998636543750763,0.5155511473122273,0.5022798180580139,50.091513991355896,0.5044906139373779,2,False,True,True,58.067804463560805,False,0.6231472790241243,UNRANKED,,False,,,
2023-02-23,2023-02-24,2023-03-03,NOW,XLK,86.46399688720703,88.7959976196289,88.7959976196289,5,time_exit,LONG,LONG,0.5031570196151733,0.5044590830802917,0.5018549561500549,0.5186698108092748,0.5793176889419556,50.315701961517334,0.5044906139373779,2,False,True,True,58.067804463560805,False,0.8451013714075087,UNRANKED,,False,,,
2023-02-24,2023-02-27,2023-03-06,NOW,XLK,86.24800109863281,89.2040023803711,88.96085902622768,5,take_profit,LONG,LONG,0.5009509325027466,0.5054859519004822,0.496415913105011,0.5191901453559508,0.477047860622406,50.09509325027466,0.5044906139373779,2,False,True,True,58.067804463560805,False,0.10710623860359196,UNRANKED,,False,,,
2023-02-27,2023-02-28,2023-03-03,NOW,XLK,85.13200378417969,88.96199798583984,87.44429016113281,3,take_profit,LONG,LONG,0.5032682120800018,0.5101205110549927,0.496415913105011,0.5215380330163327,0.5012598633766174,50.32682120800018,0.5044906139373779,2,False,True,True,58.067804463560805,False,-0.10117229819297785,UNRANKED,,False,,,
2023-02-28,2023-03-01,2023-03-03,NOW,XLK,86.38800048828125,89.39399719238281,88.57342965262276,2,take_profit,LONG,LONG,0.502047598361969,0.5013660788536072,0.5027291178703308,0.5171022848377987,0.4886329472064972,50.2047598361969,0.5044906139373779,2,False,True,True,58.067804463560805,False,0.6183249354362488,UNRANKED,,False,,,
2023-03-01,2023-03-02,2023-03-03,NOW,XLK,85.74199676513672,85.69999694824219,87.99914005824498,1,take_profit,LONG,LONG,0.5024718344211578,0.5022145509719849,0.5027291178703308,0.5175323229658177,0.49898308515548706,50.247183442115784,0.5044906139373779,2,False,True,True,58.067804463560805,False,0.5049122273921967,UNRANKED,,False,,,
2023-03-02,2023-03-03,2023-03-10,NOW,XLK,87.96399688720703,83.01599884033203,85.52342442103794,5,stop_loss,LONG,LONG,0.5037073194980621,0.5046855211257935,0.5027291178703308,0.5187845549225673,0.539299488067627,50.37073194980621,0.5044906139373779,2,False,True,True,58.067804463560805,False,0.8952038437128067,UNRANKED,,False,,,
2023-03-03,2023-03-06,2023-03-09,NOW,XLK,89.0999984741211,82.98600006103516,86.57371303013393,3,stop_loss,LONG,LONG,0.5002389550209045,0.49774879217147827,0.5027291178703308,0.5152686290987095,0.48625001311302185,50.023895502090454,0.5044906139373779,2,False,True,True,58.067804463560805,False,0.9191480576992036,UNRANKED,,False,,,
2023-03-06,2023-03-07,2023-03-09,NOW,XLK,89.12000274658203,84.90799713134766,86.61200278145927,2,take_profit,SHORT,SHORT,0.49508360028266907,0.49375128746032715,0.496415913105011,0.5132417589898057,0.4104244112968445,50.49163997173309,0.5044906139373779,1,True,False,True,58.067804463560805,False,0.1673763990402222,UNRANKED,,False,,,
2023-03-07,2023-03-08,2023-03-09,NOW,XLK,88.86599731445312,84.4520034790039,86.33228193010602,1,take_profit,SHORT,SHORT,0.4990754723548889,0.4962959885597229,0.5018549561500549,0.5145320631134765,0.4650964140892029,50.09245276451111,0.5044906139373779,2,False,True,True,58.067804463560805,False,0.8985487967729568,UNRANKED,,False,,,
2023-03-08,2023-03-09,2023-03-10,NOW,XLK,88.84600067138672,88.47799682617188,86.32371412004743,1,stop_loss,LONG,LONG,0.5029678642749786,0.5040807723999023,0.5018549561500549,0.5184781031086555,0.5442871451377869,50.296786427497864,0.5044906139373779,2,False,True,True,58.067804463560805,False,0.5038825273513794,UNRANKED,,False,,,
2023-03-09,2023-03-10,2023-03-16,NOW,XLK,85.5999984741211,88.19999694824219,88.35799952915737,4,take_profit,LONG,LONG,0.5025101155042648,0.5051565766334534,0.4998636543750763,0.5190232489362998,0.5249927639961243,50.25101155042648,0.5044906139373779,2,False,True,True,58.067804463560805,False,0.7048247903585433,UNRANKED,,False,,,
2023-03-10,2023-03-13,2023-03-16,NOW,XLK,82.58999633789062,87.02999877929688,85.31199754987445,3,take_profit,LONG,LONG,0.5041670650243759,0.5084704756736755,0.4998636543750763,0.5207022216655823,0.48298177123069763,50.41670650243759,0.5044906139373779,2,False,True,True,58.067804463560805,False,0.4798433333635331,UNRANKED,,False,,,
2023-03-13,2023-03-14,2023-03-16,NOW,XLK,84.55999755859375,89.09200286865234,87.08199855259487,2,stop_loss,SHORT,SHORT,0.4925788938999176,0.4852941334247589,0.4998636543750763,0.5089523418649221,0.44871243834495544,50.74211061000824,0.5044906139373779,1,True,False,True,58.067804463560805,False,0.08576545119285597,UNRANKED,,False,,,
2023-03-14,2023-03-15,2023-03-16,NOW,XLK,83.74400329589844,86.7020034790039,86.3125752040318,1,stop_loss,SHORT,SHORT,0.49074703454971313,0.48163041472435,0.4998636543750763,0.507093679635575,0.4488382935523987,50.92529654502869,0.5044906139373779,1,True,False,True,58.067804463560805,False,-0.0686492621898651,UNRANKED,,False,,,
2023-03-15,2023-03-16,2023-03-17,NOW,XLK,84.56800079345703,88.09400177001953,87.14828600202289,1,take_profit,LONG,LONG,0.518441841006279,0.5370200276374817,0.4998636543750763,0.5351434040323122,0.6399509906768799,51.8441841006279,0.5044906139373779,1,True,True,False,58.067804463560805,False,0.6404880881309509,UNRANKED,,False,,,
2023-03-16,2023-03-17,2023-03-24,NOW,XLK,88.7300033569336,86.58000183105469,86.58000183105469,5,time_exit,LONG,LONG,0.504971906542778,0.5100801587104797,0.4998636543750763,0.5215175942996593,0.5729620456695557,50.4971906542778,0.5044906139373779,1,True,True,False,58.067804463560805,False,0.22963657975196822,UNRANKED,,False,,,
2023-03-17,2023-03-20,2023-03-27,NOW,XLK,87.60800170898438,86.26200103759766,86.26200103759766,5,time_exit,SHORT,SHORT,0.4964557886123657,0.49304792284965515,0.4998636543750763,0.5128850823830056,0.42647239565849304,50.35442113876343,0.5044906139373779,2,False,True,True,58.067804463560805,False,0.21362154185771942,UNRANKED,,False,,,
2023-03-20,2023-03-21,2023-03-28,NOW,XLK,87.22000122070312,85.81600189208984,85.81600189208984,5,time_exit,LONG,LONG,0.5111838728189468,0.5225040912628174,0.4998636543750763,0.5278066595683736,0.5449070334434509,51.118387281894684,0.5044906139373779,1,True,True,False,58.067804463560805,False,0.2520553469657898,UNRANKED,,False,,,
2023-03-21,2023-03-22,2023-03-27,NOW,XLK,89.43599700927734,87.68800354003906,86.51999882289341,3,stop_loss,LONG,LONG,0.5005544871091843,0.5012453198432922,0.4998636543750763,0.51704107747758,0.4452892243862152,50.05544871091843,0.5044906139373779,2,False,True,True,58.067804463560805,False,0.06414914131164552,UNRANKED,,False,,,
2023-03-22,2023-03-23,2023-03-30,NOW,XLK,88.09400177001953,87.9260025024414,87.9260025024414,5,time_exit,LONG,LONG,0.5045204609632492,0.5091772675514221,0.4998636543750763,0.5210602555270074,0.5442354679107666,50.45204609632492,0.5044906139373779,1,True,True,False,58.067804463560805,False,0.6860960572957993,UNRANKED,,False,,,
2023-03-23,2023-03-24,2023-03-31,NOW,XLK,87.76599884033203,92.94400024414062,90.79256875174386,5,take_profit,LONG,LONG,0.5039866119623184,0.5081095695495605,0.4998636543750763,0.5205193921351582,0.5436936020851135,50.39866119623184,0.5044906139373779,2,False,True,True,58.067804463560805,False,0.5192162990570068,UNRANKED,,False,,,
2023-03-24,2023-03-27,2023-03-31,NOW,XLK,86.69999694824219,92.89800262451172,89.88456617082868,4,stop_loss,SHORT,SHORT,0.497881755232811,0.49589985609054565,0.4998636543750763,0.5143312143483826,0.47130125761032104,50.2118244767189,0.5044906139373779,2,False,True,True,58.067804463560805,False,0.43859392404556263,UNRANKED,,False,,,
2023-03-27,2023-03-28,2023-03-31,NOW,XLK,85.80400085449219,95.20999908447266,88.99942670549665,3,take_profit,LONG,LONG,0.5208209007978439,0.5417781472206116,0.4998636543750763,0.5375451355130334,0.6083022952079773,52.08209007978439,0.5044906139373779,1,True,True,False,58.067804463560805,False,0.2111836671829223,UNRANKED,,False,,,
2023-03-28,2023-03-29,2023-03-31,NOW,XLK,86.70999908447266,93.46600341796875,89.90742492675781,2,take_profit,LONG,LONG,0.5200139135122299,0.5401641726493835,0.4998636543750763,0.5367306475182702,0.5881174206733704,52.00139135122299,0.5044906139373779,1,True,True,False,58.067804463560805,False,0.1994372010231017,UNRANKED,,False,,,
2023-03-29,2023-03-30,2023-03-31,NOW,XLK,88.70800018310547,94.6259994506836,91.64514051164899,1,stop_loss,SHORT,SHORT,0.48816831409931183,0.47647297382354736,0.4998636543750763,0.5044769080886148,0.4658377766609192,51.18316859006882,0.5044906139373779,1,True,False,True,58.067804463560805,False,0.2572115063667298,UNRANKED,,False,,,
2023-03-30,2023-03-31,2023-04-03,NOW,XLK,88.62000274658203,94.52799987792969,91.2077146257673,1,stop_loss,SHORT,SHORT,0.49893419444561005,0.4980047345161438,0.4998636543750763,0.5153983841273345,0.5340366959571838,50.106580555438995,0.5044906139373779,2,False,True,True,58.067804463560805,False,0.050678879022598294,UNRANKED,,False,,,
2023-03-31,2023-04-03,2023-04-11,NOW,XLK,92.30599975585938,93.96399688720703,93.96399688720703,5,time_exit,SHORT,SHORT,0.49927231669425964,0.498680979013443,0.4998636543750763,0.5157412096019777,0.4753282368183136,50.072768330574036,0.5044906139373779,2,False,True,True,58.067804463560805,False,0.1483131647109986,UNRANKED,,False,,,
2023-04-03,2023-04-04,2023-04-12,NOW,XLK,95.08799743652344,94.28600311279297,94.28600311279297,5,time_exit,SHORT,SHORT,0.4782511740922928,0.4566386938095093,0.4998636543750763,0.49441241450715157,0.4146212041378021,52.17488259077072,0.5044906139373779,1,True,False,True,58.067804463560805,False,-0.0030021667480468334,UNRANKED,,False,,,
2023-04-04,2023-04-05,2023-04-13,NOW,XLK,95.1500015258789,96.69999694824219,96.69999694824219,5,time_exit,SHORT,SHORT,0.49528852105140686,0.4907133877277374,0.4998636543750763,0.5117011462012889,0.444565087556839,50.471147894859314,0.5044906139373779,1,True,False,True,58.067804463560805,False,0.03143736720085128,UNRANKED,,False,,,
2023-04-05,2023-04-06,2023-04-13,NOW,XLK,92.79000091552734,92.60600280761719,95.7614277430943,4,take_profit,LONG,LONG,0.5022435039281845,0.5046233534812927,0.4998636543750763,0.5187530525897119,0.5738994479179382,50.22435039281845,0.5044906139373779,2,False,True,True,58.067804463560805,False,0.7222093045711518,UNRANKED,,False,,,
2023-04-06,2023-04-10,2023-04-13,NOW,XLK,93.2300033569336,94.11000061035156,96.32742963518415,3,take_profit,LONG,LONG,0.502956286072731,0.5060489177703857,0.4998636543750763,0.5194753935971828,0.5603236556053162,50.2956286072731,0.5044906139373779,2,False,True,True,58.067804463560805,False,0.5669923424720763,UNRANKED,,False,,,
2023-04-10,2023-04-11,2023-04-13,NOW,XLK,93.2020034790039,95.197998046875,96.1462871006557,2,stop_loss,SHORT,SHORT,0.49750491976737976,0.4951461851596832,0.4998636543750763,0.5139490721881801,0.4190741777420044,50.249508023262024,0.5044906139373779,2,False,True,True,58.067804463560805,False,0.3829365670680998,UNRANKED,,False,,,
2023-04-11,2023-04-12,2023-04-19,NOW,XLK,94.91799926757812,95.11799621582031,95.11799621582031,5,time_exit,LONG,LONG,0.5030185133218765,0.5061733722686768,0.4998636543750763,0.5195384515330653,0.5268186330795288,50.30185133218765,0.5044906139373779,2,False,True,True,58.067804463560805,False,0.43529063463211065,UNRANKED,,False,,,
2023-04-12,2023-04-13,2023-04-14,NOW,XLK,95.06400299072266,93.53800201416016,92.62914712088448,1,stop_loss,LONG,LONG,0.5000597685575485,0.5002558827400208,0.4998636543750763,0.5165395568151967,0.4208132028579712,50.00597685575485,0.5044906139373779,2,False,True,True,58.067804463560805,False,0.5129208862781525,UNRANKED,,False,,,
2023-04-13,2023-04-14,2023-04-21,NOW,XLK,93.35600280761719,94.66200256347656,94.66200256347656,5,time_exit,SHORT,SHORT,0.49614445865154266,0.49242526292800903,0.4998636543750763,0.5125693202090756,0.45269569754600525,50.385554134845734,0.5044906139373779,2,False,True,True,58.067804463560805,False,0.4497197270393372,UNRANKED,,False,,,
2023-04-14,2023-04-17,2023-04-24,NOW,XLK,93.00199890136719,94.5999984741211,94.5999984741211,5,time_exit,LONG,LONG,0.5000307708978653,0.5001978874206543,0.4998636543750763,0.5165101594099318,0.4763276278972626,50.00307708978653,0.5044906139373779,2,False,True,True,58.067804463560805,False,0.19616067409515375,UNRANKED,,False,,,
2023-04-17,2023-04-18,2023-04-25,NOW,XLK,95.6259994506836,88.45600128173828,92.50714547293526,5,stop_loss,LONG,LONG,0.5017399936914444,0.5036163330078125,0.4998636543750763,0.5182427425314555,0.5702989101409912,50.17399936914444,0.5044906139373779,2,False,True,True,58.067804463560805,False,0.558756172657013,UNRANKED,,False,,,
2023-04-18,2023-04-19,2023-04-25,NOW,XLK,95.0,90.80599975585938,91.78943198067802,4,take_profit,SHORT,SHORT,0.4960371404886246,0.49221062660217285,0.4998636543750763,0.5124604718855531,0.47025546431541443,50.39628595113754,0.5044906139373779,2,False,True,True,58.067804463560805,False,0.5244357585906984,UNRANKED,,False,,,
2023-04-19,2023-04-20,2023-04-25,NOW,XLK,94.66400146484375,90.86799621582031,91.70943341936383,3,take_profit,SHORT,SHORT,0.4958782494068146,0.49189284443855286,0.4998636543750763,0.5122993131405852,0.49170204997062683,50.41217505931854,0.5044906139373779,2,False,True,True,58.067804463560805,False,0.36442965269088734,UNRANKED,,False,,,
2023-04-20,2023-04-21,2023-04-25,NOW,XLK,94.03800201416016,91.88400268554688,90.89172036307198,2,take_profit,SHORT,SHORT,0.49772489070892334,0.4955861270427704,0.4998636543750763,0.5141721428277132,0.5319128632545471,50.227510929107666,0.5044906139373779,2,False,True,True,58.067804463560805,False,0.6328779757022857,UNRANKED,,False,,,
2023-04-21,2023-04-24,2023-04-25,NOW,XLK,94.80000305175781,90.08200073242188,92.21000671386719,1,stop_loss,LONG,LONG,0.504788264632225,0.5097128748893738,0.4998636543750763,0.5213315594271208,0.563541829586029,50.478826463222504,0.5044906139373779,1,True,True,False,58.067804463560805,False,0.4799836575984955,UNRANKED,,False,,,
2023-04-24,2023-04-25,2023-05-01,NOW,XLK,93.3499984741211,88.73600006103516,90.7577154976981,4,take_profit,SHORT,SHORT,0.4949491173028946,0.4900345802307129,0.4998636543750763,0.5113568705277067,0.4615973234176636,50.50508826971054,0.5044906139373779,1,True,False,True,58.067804463560805,False,0.20672640204429626,UNRANKED,,False,,,
2023-04-25,2023-04-26,2023-05-03,NOW,XLK,90.0,87.41600036621094,87.41600036621094,5,time_exit,LONG,LONG,0.5010005384683609,0.5021374225616455,0.4998636543750763,0.5174932324003743,0.5016181468963623,50.10005384683609,0.5044906139373779,2,False,True,True,58.067804463560805,False,0.2240180373191833,UNRANKED,,False,,,
2023-04-26,2023-04-27,2023-04-28,NOW,XLK,88.0459976196289,86.10199737548828,91.27228110177177,1,take_profit,LONG,LONG,0.5051349103450775,0.504433274269104,0.505836546421051,0.5186567324526402,0.47693243622779846,50.51349103450775,0.5044906139373779,1,True,True,False,58.067804463560805,False,0.4911732077598572,UNRANKED,,False,,,
2023-04-27,2023-04-28,2023-05-03,NOW,XLK,90.8479995727539,86.95999908447266,87.77857317243304,3,stop_loss,LONG,LONG,0.503772035241127,0.5076804161071777,0.4998636543750763,0.5203019824056776,0.5554761290550232,50.3772035241127,0.5044906139373779,2,False,True,True,58.067804463560805,False,0.3027671873569487,UNRANKED,,False,,,
2023-04-28,2023-05-01,2023-05-03,NOW,XLK,91.26200103759766,87.7979965209961,88.06143079485211,2,stop_loss,LONG,LONG,0.5039600282907486,0.5080564022064209,0.4998636543750763,0.5204924579054551,0.5943799018859863,50.39600282907486,0.5044906139373779,2,False,True,True,58.067804463560805,False,0.2779130935668945,UNRANKED,,False,,,
2023-05-01,2023-05-02,2023-05-04,NOW,XLK,90.10600280761719,88.27799987792969,86.72857557024274,2,take_profit,SHORT,SHORT,0.49794578552246094,0.4960279166698456,0.4998636543750763,0.5143961446760451,0.49335023760795593,50.205421447753906,0.5044906139373779,2,False,True,True,58.067804463560805,False,0.32900115847587597,UNRANKED,,False,,,
2023-05-02,2023-05-03,2023-05-10,NOW,XLK,88.70600128173828,90.8280029296875,90.8280029296875,5,time_exit,SHORT,SHORT,0.4974072128534317,0.4949507713317871,0.4998636543750763,0.513849986659526,0.47292566299438477,50.25927871465683,0.5044906139373779,2,False,True,True,58.067804463560805,False,0.14400020241737368,UNRANKED,,False,,,
2023-05-03,2023-05-04,2023-05-11,NOW,XLK,87.81199645996094,90.51399993896484,90.51399993896484,5,time_exit,SHORT,SHORT,0.49722424149513245,0.4945848286151886,0.4998636543750763,0.513664430709087,0.4816246032714844,50.277575850486755,0.5044906139373779,2,False,True,True,58.067804463560805,False,0.578080803155899,UNRANKED,,False,,,
2023-05-04,2023-05-05,2023-05-10,NOW,XLK,86.5999984741211,91.04000091552734,89.57028416224888,3,take_profit,LONG,LONG,0.5012232214212418,0.5025827884674072,0.4998636543750763,0.5177189517718505,0.5105606317520142,50.122322142124176,0.5044906139373779,2,False,True,True,58.067804463560805,False,0.5373537540435791,UNRANKED,,False,,,
2023-05-05,2023-05-08,2023-05-10,NOW,XLK,87.37999725341797,92.62799835205078,90.25799778529576,2,take_profit,LONG,LONG,0.5011346191167831,0.50240558385849,0.4998636543750763,0.5176291421816908,0.5332463979721069,50.113461911678314,0.5044906139373779,2,False,True,True,58.067804463560805,False,0.6476343572139741,UNRANKED,,False,,,
2023-05-08,2023-05-09,2023-05-10,NOW,XLK,87.44400024414062,93.64800262451172,90.28628649030414,1,take_profit,LONG,LONG,0.5005613267421722,0.49926769733428955,0.5018549561500549,0.5160386373501403,0.48288461565971375,50.056132674217224,0.5044906139373779,2,False,True,True,58.067804463560805,False,0.6291159093379974,UNRANKED,,False,,,
2023-05-09,2023-05-10,2023-05-16,NOW,XLK,89.83599853515625,98.58399963378906,92.73542785644531,4,take_profit,LONG,LONG,0.5006960034370422,0.49953705072402954,0.5018549561500549,0.5161751780786415,0.47509127855300903,50.069600343704224,0.5044906139373779,2,False,True,True,58.067804463560805,False,-0.09076696634292611,UNRANKED,,False,,,
2023-05-10,2023-05-11,2023-05-17,NOW,XLK,90.7979965209961,102.03399658203125,93.83599853515625,4,stop_loss,SHORT,SHORT,0.4936618357896805,0.48546871542930603,0.5018549561500549,0.5090409042967645,0.47969332337379456,50.63381642103195,0.5044906139373779,1,True,False,True,58.067804463560805,False,0.6328817307949067,UNRANKED,,False,,,
2023-05-11,2023-05-12,2023-05-16,NOW,XLK,90.5999984741211,102.05999755859375,93.52228655133929,2,take_profit,LONG,LONG,0.5008928179740906,0.4999306797981262,0.5018549561500549,0.5163747123379896,0.508432924747467,50.08928179740906,0.5044906139373779,2,False,True,True,58.067804463560805,False,0.7911005616188049,UNRANKED,,False,,,
2023-05-12,2023-05-15,2023-05-17,NOW,XLK,90.66000366210938,102.27799987792969,93.64857700892857,2,stop_loss,SHORT,SHORT,0.49854589998722076,0.4952368438243866,0.5018549561500549,0.5139950407316997,0.4357590675354004,50.145410001277924,0.5044906139373779,2,False,True,True,58.067804463560805,False,0.6402876675128936,UNRANKED,,False,,,
2023-05-15,2023-05-16,2023-05-17,NOW,XLK,92.58000183105469,100.02799987792969,94.91771806989398,1,stop_loss,SHORT,SHORT,0.4948500394821167,0.48784512281417847,0.5018549561500549,0.5102463559113792,0.465559720993042,50.51499605178833,0.5044906139373779,1,True,False,True,58.067804463560805,False,0.25159254670143116,UNRANKED,,False,,,
2023-05-16,2023-05-17,2023-05-18,NOW,XLK,95.89800262451172,100.51000213623047,98.04571969168526,1,stop_loss,SHORT,SHORT,0.4992060512304306,0.4925755560398102,0.505836546421051,0.5126455375083326,0.48157042264938354,50.07939487695694,0.5044906139373779,2,False,True,True,58.067804463560805,False,0.3345726430416106,UNRANKED,,False,,,
2023-05-17,2023-05-18,2023-05-25,NOW,XLK,100.0,106.35600280761719,102.84400285993304,5,stop_loss,SHORT,SHORT,0.4965289533138275,0.4912029504776001,0.5018549561500549,0.5119494343860596,0.46898704767227173,50.34710466861725,0.5044906139373779,2,False,True,True,58.067804463560805,False,0.3146499991416933,UNRANKED,,False,,,
2023-05-18,2023-05-19,2023-05-25,NOW,XLK,102.0,107.49199676513672,105.19171578543526,4,stop_loss,SHORT,SHORT,0.49767324328422546,0.493491530418396,0.5018549561500549,0.5131100375926756,0.5003208518028259,50.232675671577454,0.5044906139373779,2,False,True,True,58.067804463560805,False,0.2854712307453154,UNRANKED,,False,,,
2023-05-19,2023-05-22,2023-05-25,NOW,XLK,101.31999969482422,109.8239974975586,104.25800105503627,3,take_profit,LONG,LONG,0.5000567138195038,0.49825847148895264,0.5018549561500549,0.5155270190499678,0.4982399046421051,50.00567138195038,0.5044906139373779,2,False,True,True,58.067804463560805,False,-0.08418515324592601,UNRANKED,,False,,,
2023-05-22,2023-05-23,2023-05-25,NOW,XLK,101.5,108.95600128173828,104.27685873849052,2,stop_loss,SHORT,SHORT,0.49523456394672394,0.48861417174339294,0.5018549561500549,0.5106364372765458,0.5032773613929749,50.476543605327606,0.5044906139373779,1,True,False,True,58.067804463560805,False,-0.2729087769985199,UNRANKED,,False,,,
2023-05-23,2023-05-24,2023-05-25,NOW,XLK,99.34400177001953,108.59200286865234,102.25371769496373,1,stop_loss,SHORT,SHORT,0.49143072962760925,0.4770249128341675,0.505836546421051,0.5047569639943077,0.46153026819229126,50.856927037239075,0.5044906139373779,1,True,False,True,58.067804463560805,False,0.20371687412261974,UNRANKED,,False,,,
2023-05-24,2023-05-25,2023-05-26,NOW,XLK,104.65799713134766,109.63600158691406,107.44885580880302,1,stop_loss,SHORT,SHORT,0.4995829612016678,0.49332937598228455,0.505836546421051,0.5130278090269887,0.535218358039856,50.04170387983322,0.5044906139373779,2,False,True,True,58.067804463560805,False,0.33786189556121815,UNRANKED,,False,,,
2023-05-25,2023-05-26,2023-06-05,NOW,XLK,106.9280014038086,111.34200286865234,110.43143136160714,5,take_profit,LONG,LONG,0.5002264380455017,0.4946163296699524,0.505836546421051,0.5136804038720397,0.4873862862586975,50.02264380455017,0.5044906139373779,2,False,True,True,58.067804463560805,False,0.22283327579498308,UNRANKED,,False,,,
2023-05-26,2023-05-30,2023-06-06,NOW,XLK,109.5999984741211,111.16000366210938,111.16000366210938,5,time_exit,SHORT,SHORT,0.49960076808929443,0.4993378818035126,0.4998636543750763,0.5160742155209765,0.5076642036437988,50.03992319107056,0.5044906139373779,2,False,True,True,58.067804463560805,False,0.2508578300476075,UNRANKED,,False,,,
2023-05-30,2023-05-31,2023-06-07,NOW,XLK,107.86599731445312,105.66400146484375,105.66400146484375,5,time_exit,SHORT,SHORT,0.49433451890945435,0.4888053834438324,0.4998636543750763,0.5107334227688645,0.4869310259819031,50.566548109054565,0.5044906139373779,1,True,False,True,58.067804463560805,False,0.27655041217803966,UNRANKED,,False,,,
2023-05-31,2023-06-01,2023-06-05,NOW,XLK,106.95999908447266,107.06800079345703,110.53028433663505,2,stop_loss,SHORT,SHORT,0.49548693001270294,0.4911102056503296,0.4998636543750763,0.511902398076599,0.48656582832336426,50.451306998729706,0.5044906139373779,1,True,False,True,58.067804463560805,False,-0.08716434240341203,UNRANKED,,False,,,
2023-06-01,2023-06-02,2023-06-09,NOW,XLK,109.19999694824219,106.80599975585938,106.80599975585938,5,time_exit,SHORT,SHORT,0.4945891350507736,0.48931461572647095,0.4998636543750763,0.5109917091921188,0.450046181678772,50.54108649492264,0.5044906139373779,1,True,False,True,58.067804463560805,False,0.45005178451538097,UNRANKED,,False,,,
2023-06-02,2023-06-05,2023-06-07,NOW,XLK,109.61599731445312,109.2699966430664,105.96457018171039,2,take_profit,SHORT,SHORT,0.4950637072324753,0.49026376008987427,0.4998636543750763,0.5114731065439285,0.43889036774635315,50.49362927675247,0.5044906139373779,1,True,False,True,58.067804463560805,False,0.44740092754364014,UNRANKED,,False,,,
2023-06-05,2023-06-06,2023-06-07,NOW,XLK,111.30000305175781,110.94400024414062,107.63171822684151,1,take_profit,SHORT,SHORT,0.4914908856153488,0.48311811685562134,0.4998636543750763,0.5078484409211506,0.4453984797000885,50.85091143846512,0.5044906139373779,1,True,False,True,58.067804463560805,False,0.23066058754920954,UNRANKED,,False,,,
2023-06-06,2023-06-07,2023-06-08,NOW,XLK,111.11000061035156,113.46199798583984,107.56143079485211,1,take_profit,SHORT,SHORT,0.48843052983283997,0.47699740529060364,0.4998636543750763,0.5047430066336708,0.4490340054035187,51.156947016716,0.5044906139373779,1,True,False,True,58.067804463560805,False,0.1227847039699555,UNRANKED,,False,,,
2023-06-07,2023-06-08,2023-06-13,NOW,XLK,105.91799926757812,114.8740005493164,109.54656982421875,3,stop_loss,SHORT,SHORT,0.49885986745357513,0.497856080532074,0.4998636543750763,0.5153230213045502,0.4063456654548645,50.11401325464249,0.5044906139373779,2,False,True,True,58.067804463560805,False,1.1303893327713013,UNRANKED,,False,,,
2023-06-08,2023-06-09,2023-06-14,NOW,XLK,107.64800262451172,113.09600067138672,110.98428780691964,3,take_profit,LONG,LONG,0.5066473633050919,0.5134310722351074,0.4998636543750763,0.5232146011916391,0.46741029620170593,50.664736330509186,0.5044906139373779,1,True,True,False,58.067804463560805,False,1.1304402649402618,UNRANKED,,False,,,
2023-06-09,2023-06-12,2023-06-14,NOW,XLK,107.80400085449219,111.89800262451172,111.1740003313337,2,take_profit,LONG,LONG,0.5071912854909897,0.5145189166069031,0.4998636543750763,0.5237654061133512,0.49187031388282776,50.71912854909897,0.5044906139373779,1,True,True,False,58.067804463560805,False,1.1177579760551453,UNRANKED,,False,,,
2023-06-12,2023-06-13,2023-06-21,NOW,XLK,111.19999694824219,109.36000061035156,109.36000061035156,5,time_exit,LONG,LONG,0.5079857259988785,0.5161077976226807,0.4998636543750763,0.5245697951503089,0.48569926619529724,50.79857259988785,0.5044906139373779,1,True,True,False,58.067804463560805,False,0.6491846442222594,UNRANKED,,False,,,
2023-06-13,2023-06-14,2023-06-15,NOW,XLK,110.98999786376953,109.9739990234375,114.59856850760323,1,stop_loss,SHORT,SHORT,0.49768780171871185,0.4955119490623474,0.4998636543750763,0.5141345315951072,0.43774381279945374,50.231219828128815,0.5044906139373779,2,False,True,True,58.067804463560805,False,0.29148128628730763,UNRANKED,,False,,,
2023-06-14,2023-06-15,2023-06-23,NOW,XLK,112.61000061035156,108.5979995727539,108.7105734688895,5,take_profit,SHORT,SHORT,0.49206681549549103,0.48426997661590576,0.4998636543750763,0.5084327936911717,0.41494640707969666,50.7933184504509,0.5044906139373779,1,True,False,True,58.067804463560805,False,0.40573194622993464,UNRANKED,,False,,,
2023-06-15,2023-06-16,2023-06-21,NOW,XLK,114.8740005493164,107.59400177001953,111.60800170898438,2,take_profit,SHORT,SHORT,0.49566885828971863,0.49147406220436096,0.4998636543750763,0.5120869297335573,0.4379864037036896,50.43311417102814,0.5044906139373779,2,False,True,True,58.067804463560805,False,0.3681761920452118,UNRANKED,,False,,,
2023-06-16,2023-06-20,2023-06-26,NOW,XLK,111.66000366210938,107.99199676513672,108.30228969029018,4,stop_loss,LONG,LONG,0.5059857219457626,0.512107789516449,0.4998636543750763,0.5225445114930223,0.474239706993103,50.59857219457626,0.5044906139373779,1,True,True,False,58.067804463560805,False,0.2470185160636903,UNRANKED,,False,,,
2023-06-20,2023-06-21,2023-06-26,NOW,XLK,111.55799865722656,109.73400115966797,108.36228506905692,3,take_profit,SHORT,SHORT,0.49921463429927826,0.4985656142234802,0.4998636543750763,0.5156827258933615,0.3805311918258667,50.078536570072174,0.5044906139373779,2,False,True,True,58.067804463560805,False,-0.021311938762664726,UNRANKED,,False,,,
2023-06-21,2023-06-22,2023-06-29,NOW,XLK,108.64399719238281,109.61599731445312,109.61599731445312,5,time_exit,SHORT,SHORT,0.4993940442800522,0.4989244341850281,0.4998636543750763,0.5158646267889719,0.43426457047462463,50.06059557199478,0.5044906139373779,2,False,True,True,58.067804463560805,False,-0.018121182918548646,UNRANKED,,False,,,
2023-06-22,2023-06-23,2023-06-30,NOW,XLK,108.24600219726562,112.39399719238281,111.71600232805524,5,take_profit,LONG,LONG,0.5010545700788498,0.5022454857826233,0.4998636543750763,0.5175480014244573,0.4019254148006439,50.10545700788498,0.5044906139373779,2,False,True,True,58.067804463560805,False,0.5334340035915375,UNRANKED,,False,,,
2023-06-23,2023-06-26,2023-06-30,NOW,XLK,108.26599884033203,112.5739974975586,111.78342764718192,4,stop_loss,SHORT,SHORT,0.4981205463409424,0.49637743830680847,0.4998636543750763,0.5145733595301616,0.46577614545822144,50.18794536590576,0.5044906139373779,2,False,True,True,58.067804463560805,False,0.3775299787521362,UNRANKED,,False,,,
2023-06-26,2023-06-27,2023-06-30,NOW,XLK,108.22799682617188,113.1520004272461,111.6451394217355,3,take_profit,LONG,LONG,0.5025166422128677,0.5051696300506592,0.4998636543750763,0.5190298632619775,0.4108915328979492,50.251664221286774,0.5044906139373779,2,False,True,True,58.067804463560805,False,0.2557196021080017,UNRANKED,,False,,,
2023-06-27,2023-06-28,2023-06-30,NOW,XLK,107.78600311279297,111.16600036621094,111.23400224958148,2,stop_loss,SHORT,SHORT,0.4989739656448364,0.49808427691459656,0.4998636543750763,0.5154387092958334,0.4662834405899048,50.10260343551636,0.5044906139373779,2,False,True,True,58.067804463560805,False,0.30661806464195257,UNRANKED,,False,,,
2023-06-28,2023-06-29,2023-07-05,NOW,XLK,109.99400329589844,110.59600067138672,112.90571703229632,3,stop_loss,SHORT,SHORT,0.49824561178684235,0.4966275691986084,0.4998636543750763,0.5147001789297213,0.4696367383003235,50.175438821315765,0.5044906139373779,2,False,True,True,58.067804463560805,False,0.240502655506134,UNRANKED,,False,,,
2023-06-29,2023-06-30,2023-07-10,NOW,XLK,111.15799713134766,113.12000274658203,113.12000274658203,5,time_exit,SHORT,SHORT,0.4944071024656296,0.48895055055618286,0.4998636543750763,0.5108070532042579,0.4580825865268707,50.55928975343704,0.5044906139373779,1,True,False,True,58.067804463560805,False,0.46233308315277105,UNRANKED,,False,,,
2023-06-30,2023-07-03,2023-07-11,NOW,XLK,112.16999816894531,112.28800201416016,112.28800201416016,5,time_exit,SHORT,SHORT,0.49103596806526184,0.4822082817554474,0.4998636543750763,0.507386855029529,0.42987602949142456,50.896403193473816,0.5044906139373779,1,True,False,True,58.067804463560805,False,0.06936556100845345,UNRANKED,,False,,,
2023-07-03,2023-07-05,2023-07-12,NOW,XLK,111.27999877929688,112.26799774169922,112.26799774169922,5,time_exit,SHORT,SHORT,0.4863598495721817,0.4728560447692871,0.4998636543750763,0.5026416033659057,0.4251047968864441,51.36401504278183,0.5044906139373779,1,True,False,True,58.067804463560805,False,0.053146392107009804,UNRANKED,,False,,,
2023-07-05,2023-07-06,2023-07-13,NOW,XLK,111.4000015258789,115.48999786376953,114.00457327706474,5,stop_loss,SHORT,SHORT,0.4891783446073532,0.4784930348396301,0.4998636543750763,0.505501879554314,0.4432879686355591,51.08216553926468,0.5044906139373779,1,True,False,True,58.067804463560805,False,0.1844553053379057,UNRANKED,,False,,,
2023-07-06,2023-07-07,2023-07-13,NOW,XLK,111.05599975585938,116.07599639892578,113.5845718383789,4,take_profit,LONG,LONG,0.5030948370695114,0.5063260197639465,0.4998636543750763,0.5196157932948724,0.44674476981163025,50.30948370695114,0.5044906139373779,2,False,True,True,58.067804463560805,False,0.5824344754219054,UNRANKED,,False,,,
2023-07-07,2023-07-10,2023-07-13,NOW,XLK,110.5999984741211,118.47599792480469,113.00828443254743,3,stop_loss,SHORT,SHORT,0.4978894293308258,0.4959152042865753,0.4998636543750763,0.5143389963424645,0.4655638635158539,50.21105706691742,0.5044906139373779,2,False,True,True,58.067804463560805,False,0.7179251909255981,UNRANKED,,False,,,
2023-07-10,2023-07-11,2023-07-14,NOW,XLK,113.44200134277344,119.4260025024414,115.9568590436663,3,stop_loss,SHORT,SHORT,0.4952201694250107,0.49057668447494507,0.4998636543750763,0.5116318143129117,0.4319869577884674,50.47798305749893,0.5044906139373779,1,True,False,True,58.067804463560805,False,0.28844913840293884,UNRANKED,,False,,,
2023-07-11,2023-07-12,2023-07-17,NOW,XLK,114.1719970703125,120.6500015258789,116.6345694405692,3,stop_loss,SHORT,SHORT,0.48853684961795807,0.47721004486083984,0.4998636543750763,0.5048509000130108,0.45679205656051636,51.14631503820419,0.5044906139373779,1,True,False,True,58.067804463560805,False,0.48701250553131104,UNRANKED,,False,,,
2023-07-12,2023-07-13,2023-07-14,NOW,XLK,113.3239974975586,115.7760009765625,115.4268559047154,1,stop_loss,SHORT,SHORT,0.498050719499588,0.49623778462409973,0.4998636543750763,0.5145025525997147,0.5371022820472717,50.1949280500412,0.5044906139373779,2,False,True,True,58.067804463560805,False,0.19445297122001648,UNRANKED,,False,,,
2023-07-13,2023-07-14,2023-07-17,NOW,XLK,115.4000015258789,116.40399932861328,117.87543160574776,1,stop_loss,SHORT,SHORT,0.4933454245328903,0.48682719469070435,0.4998636543750763,0.509730017517177,0.4494893252849579,50.66545754671097,0.5044906139373779,1,True,False,True,58.067804463560805,False,0.20868009328842166,UNRANKED,,False,,,
2023-07-14,2023-07-17,2023-07-18,NOW,XLK,116.53399658203125,115.60800170898438,118.89656938825335,1,stop_loss,SHORT,SHORT,0.4933454245328903,0.48682719469070435,0.4998636543750763,0.509730017517177,0.43326398730278015,50.66545754671097,0.5044906139373779,1,True,False,True,58.067804463560805,False,0.21184501051902765,UNRANKED,,False,,,
2023-07-17,2023-07-18,2023-07-19,NOW,XLK,117.96199798583984,116.47599792480469,120.5239998953683,1,stop_loss,SHORT,SHORT,0.49952830374240875,0.4991929531097412,0.4998636543750763,0.5160007475525015,0.44489380717277527,50.047169625759125,0.5044906139373779,2,False,True,True,58.067804463560805,False,0.027171313762664774,UNRANKED,,False,,,
2023-07-18,2023-07-19,2023-07-20,NOW,XLK,122.18000030517578,115.4540023803711,119.53913988385882,1,take_profit,SHORT,SHORT,0.49722133576869965,0.494579017162323,0.4998636543750763,0.5136614839068161,0.42582160234451294,50.277866423130035,0.5044906139373779,2,False,True,True,58.067804463560805,False,-0.36204567551612843,UNRANKED,,False,,,
2023-07-19,2023-07-20,2023-07-21,NOW,XLK,119.52400207519531,111.97799682617188,116.95714242117745,1,stop_loss,LONG,LONG,0.5044079571962357,0.508952260017395,0.4998636543750763,0.5209462776050258,0.4743711054325104,50.440795719623566,0.5044906139373779,2,False,True,True,58.067804463560805,False,0.2974243760108948,UNRANKED,,False,,,
2023-07-20,2023-07-21,2023-07-27,NOW,XLK,118.12999725341797,113.90799713134766,114.88370949881417,4,stop_loss,LONG,LONG,0.5039880722761154,0.5081124901771545,0.4998636543750763,0.5205208717026174,0.4796835482120514,50.39880722761154,0.5044906139373779,2,False,True,True,58.067804463560805,False,0.5280457139015199,UNRANKED,,False,,,
2023-07-21,2023-07-24,2023-07-27,NOW,XLK,117.30000305175781,116.5999984741211,114.36085837227958,3,stop_loss,LONG,LONG,0.5005054026842117,0.5011471509933472,0.4998636543750763,0.5169913196859498,0.39026111364364624,50.05054026842117,0.5044906139373779,2,False,True,True,58.067804463560805,False,0.5372897088527679,UNRANKED,,False,,,
2023-07-24,2023-07-25,2023-07-27,NOW,XLK,115.80000305175781,118.0780029296875,112.77285875592914,2,stop_loss,LONG,LONG,0.5006369203329086,0.501410186290741,0.4998636543750763,0.5171246408040061,0.3799074590206146,50.06369203329086,0.5044906139373779,2,False,True,True,58.067804463560805,False,0.0846754014492036,UNRANKED,,False,,,
2023-07-25,2023-07-26,2023-08-01,NOW,XLK,114.78399658203125,112.63400268554688,117.85256849016461,4,take_profit,LONG,LONG,0.5020834356546402,0.5043032169342041,0.4998636543750763,0.5185908268118581,0.43406665325164795,50.20834356546402,0.5044906139373779,2,False,True,True,58.067804463560805,False,-0.1230621933937073,UNRANKED,,False,,,
2023-07-26,2023-07-27,2023-07-28,NOW,XLK,119.5999984741211,112.08000183105469,116.6691414969308,1,stop_loss,LONG,LONG,0.5037996917963028,0.5077357292175293,0.4998636543750763,0.5203300045375732,0.4649887979030609,50.37996917963028,0.5044906139373779,2,False,True,True,58.067804463560805,False,0.2462210655212403,UNRANKED,,False,,,
2023-07-27,2023-07-28,2023-08-01,NOW,XLK,113.50800323486328,110.32599639892578,116.85400390625,2,take_profit,LONG,LONG,0.5090382844209671,0.5182129144668579,0.4998636543750763,0.5256353374183292,0.3727797567844391,50.90382844209671,0.5044906139373779,1,True,True,False,58.067804463560805,False,0.7663500607013701,UNRANKED,,False,,,
2023-07-28,2023-07-31,2023-08-01,NOW,XLK,114.76399993896484,110.97799682617188,118.02514321463448,1,take_profit,LONG,LONG,0.5137806981801987,0.527697741985321,0.4998636543750763,0.5304332165750103,0.4249832332134247,51.37806981801987,0.5044906139373779,1,True,True,False,58.067804463560805,False,0.5136257410049437,UNRANKED,,False,,,
2023-07-31,2023-08-01,2023-08-03,NOW,XLK,115.64800262451172,110.56600189208984,112.12114497593471,2,stop_loss,LONG,LONG,0.506094828248024,0.5123260021209717,0.4998636543750763,0.522655016599778,0.4065665900707245,50.6094828248024,0.5044906139373779,1,True,True,False,58.067804463560805,False,0.23385155200958235,UNRANKED,,False,,,
2023-08-01,2023-08-02,2023-08-03,NOW,XLK,115.97799682617188,110.06600189208984,112.24285343715123,1,take_profit,SHORT,SHORT,0.4981135278940201,0.49636340141296387,0.4998636543750763,0.5145662425987622,0.4245932400226593,50.18864721059799,0.5044906139373779,2,False,True,True,58.067804463560805,False,0.0855180919170381,UNRANKED,,False,,,
2023-08-02,2023-08-03,2023-08-10,NOW,XLK,111.59400177001953,111.0,111.0,5,time_exit,LONG,LONG,0.5020828098058701,0.5043019652366638,0.4998636543750763,0.5185901925197763,0.4022933542728424,50.208280980587006,0.5044906139373779,2,False,True,True,58.067804463560805,False,0.3929560482501983,UNRANKED,,False,,,
2023-08-03,2023-08-04,2023-08-11,NOW,XLK,112.87999725341797,111.48799896240234,111.48799896240234,5,time_exit,LONG,LONG,0.5022177547216415,0.5045718550682068,0.4998636543750763,0.5187269565845712,0.44625264406204224,50.221775472164154,0.5044906139373779,2,False,True,True,58.067804463560805,False,0.6457895338535309,UNRANKED,,False,,,
2023-08-04,2023-08-07,2023-08-14,NOW,XLK,111.0719985961914,113.24199676513672,113.24199676513672,5,time_exit,LONG,LONG,0.5002751797437668,0.5006867051124573,0.4998636543750763,0.5167579339426744,0.4789181053638458,50.02751797437668,0.5044906139373779,2,False,True,True,58.067804463560805,False,0.7834904193878174,UNRANKED,,False,,,
2023-08-07,2023-08-08,2023-08-15,NOW,XLK,109.39800262451172,111.91999816894531,111.91999816894531,5,time_exit,LONG,LONG,0.5044796913862228,0.5090957283973694,0.4998636543750763,0.5210189519923427,0.48045480251312256,50.447969138622284,0.5044906139373779,2,False,True,True,58.067804463560805,False,0.36076176166534424,UNRANKED,,False,,,
2023-08-08,2023-08-09,2023-08-16,NOW,XLK,110.30400085449219,109.9000015258789,109.9000015258789,5,time_exit,LONG,LONG,0.5026934593915939,0.5055232644081116,0.4998636543750763,0.5192090515575933,0.5339344143867493,50.26934593915939,0.5044906139373779,2,False,True,True,58.067804463560805,False,0.5017211437225342,UNRANKED,,False,,,
2023-08-09,2023-08-10,2023-08-17,NOW,XLK,111.56600189208984,108.72799682617188,108.72799682617188,5,time_exit,LONG,LONG,0.505703330039978,0.505570113658905,0.505836546421051,0.519232789937343,0.5538602471351624,50.5703330039978,0.5044906139373779,1,True,True,False,58.067804463560805,False,0.5945441424846648,UNRANKED,,False,,,
2023-08-10,2023-08-11,2023-08-18,NOW,XLK,110.15399932861328,108.30000305175781,108.30000305175781,5,time_exit,LONG,LONG,0.5043351948261261,0.5028338432312012,0.505836546421051,0.5178461876155144,0.5233902931213379,50.43351948261261,0.5044906139373779,2,False,True,True,58.067804463560805,False,0.5506051480770111,UNRANKED,,False,,,
2023-08-11,2023-08-14,2023-08-21,NOW,XLK,110.38600158691406,110.94000244140625,110.94000244140625,5,time_exit,SHORT,SHORT,0.4988184869289398,0.4996732175350189,0.4979637563228607,0.4593046226787831,0.4582742750644684,50.11815130710602,0.505641758441925,2,False,True,True,52.0,True,0.3885484635829925,UNRANKED,,False,,,
2023-08-14,2023-08-15,2023-08-16,NOW,XLK,113.49800109863281,112.36399841308594,110.19942910330636,1,take_profit,SHORT,SHORT,0.49174168705940247,0.4996732175350189,0.483810156583786,0.4593046226787831,0.4093671441078186,50.82583129405975,0.505641758441925,1,True,False,True,52.0,True,0.1525944173336029,UNRANKED,,False,,,
2023-08-15,2023-08-16,2023-08-23,NOW,XLK,111.4000015258789,113.5999984741211,113.5999984741211,5,time_exit,LONG,LONG,0.5010507255792618,0.4996732175350189,0.5024282336235046,0.4593046226787831,0.41663268208503723,50.10507255792618,0.505641758441925,2,False,True,True,52.0,True,0.0874643325805665,UNRANKED,,False,,,
2023-08-16,2023-08-17,2023-08-23,NOW,XLK,110.08999633789062,109.90799713134766,113.22342463902065,4,take_profit,LONG,LONG,0.5059277564287186,0.4996732175350189,0.5121822953224182,0.4593046226787831,0.5206567049026489,50.59277564287186,0.505641758441925,1,True,True,False,52.0,True,0.3594849705696105,UNRANKED,,False,,,
2023-08-17,2023-08-18,2023-08-21,NOW,XLK,106.79199981689453,112.7300033569336,109.81714303152901,1,take_profit,LONG,LONG,0.5059277564287186,0.4996732175350189,0.5121822953224182,0.4593046226787831,0.5104517340660095,50.59277564287186,0.505641758441925,1,True,True,False,52.0,True,0.49307826161384594,UNRANKED,,False,,,
2023-08-18,2023-08-21,2023-08-22,NOW,XLK,108.5719985961914,113.66200256347656,111.27371215820312,1,take_profit,LONG,LONG,0.5059277564287186,0.4996732175350189,0.5121822953224182,0.4593046226787831,0.49313145875930786,50.59277564287186,0.505641758441925,1,True,True,False,52.0,True,0.31585806608200073,UNRANKED,,False,,,
2023-08-21,2023-08-22,2023-08-29,NOW,XLK,111.92400360107422,115.77400207519531,114.79171643938336,5,take_profit,LONG,LONG,0.515260860323906,0.4996732175350189,0.530848503112793,0.4593046226787831,0.4788135886192322,51.526086032390594,0.505641758441925,1,True,True,False,52.0,True,0.603733330965042,UNRANKED,,False,,,
2023-08-22,2023-08-23,2023-08-24,NOW,XLK,112.89399719238281,117.64800262451172,110.60057067871094,1,stop_loss,LONG,LONG,0.515260860323906,0.4996732175350189,0.530848503112793,0.4593046226787831,0.4826294779777527,51.526086032390594,0.505641758441925,1,True,True,False,52.0,True,0.5633397698402407,UNRANKED,,False,,,
2023-08-23,2023-08-24,2023-08-30,NOW,XLK,114.91999816894531,117.76599884033203,117.31085314069476,4,take_profit,LONG,LONG,0.5157866179943085,0.500724732875824,0.530848503112793,0.4593046226787831,0.5279714465141296,51.57866179943085,0.505641758441925,1,True,True,False,52.0,True,0.6135925501585007,UNRANKED,,False,,,
2023-08-24,2023-08-25,2023-08-28,NOW,XLK,110.88800048828125,118.1760025024414,113.5557120186942,1,take_profit,LONG,LONG,0.5157866179943085,0.500724732875824,0.530848503112793,0.4593046226787831,0.48411598801612854,51.57866179943085,0.505641758441925,1,True,True,False,52.0,True,0.5602141022682191,UNRANKED,,False,,,
2023-08-25,2023-08-28,2023-08-30,NOW,XLK,113.3239974975586,119.43199920654297,116.3017098563058,2,take_profit,LONG,LONG,0.5360777378082275,0.500724732875824,0.5714307427406311,0.4593046226787831,0.43572676181793213,53.607773780822754,0.505641758441925,1,True,True,False,52.0,True,0.5380410254001619,UNRANKED,,False,,,
2023-08-28,2023-08-29,2023-08-30,NOW,XLK,113.03199768066406,119.7020034790039,116.08399636404855,1,take_profit,LONG,LONG,0.5188818573951721,0.500724732875824,0.5370389819145203,0.4593046226787831,0.4893157482147217,51.88818573951721,0.505641758441925,1,True,True,False,52.0,True,0.7870588600635529,UNRANKED,,False,,,
2023-08-29,2023-08-30,2023-09-05,NOW,XLK,115.68399810791016,119.86399841308594,118.96628243582589,3,take_profit,LONG,LONG,0.5134126245975494,0.500724732875824,0.5261005163192749,0.4593046226787831,0.4914911091327667,51.341262459754944,0.505641758441925,1,True,True,False,52.0,True,0.5432840883731842,UNRANKED,,False,,,
2023-08-30,2023-08-31,2023-09-08,NOW,XLK,118.0,120.01399993896484,120.01399993896484,5,time_exit,LONG,LONG,0.5064535140991211,0.500724732875824,0.5121822953224182,0.4593046226787831,0.47698405385017395,50.64535140991211,0.505641758441925,1,True,True,False,52.0,True,0.3881291151046752,UNRANKED,,False,,,
2023-08-31,2023-09-01,2023-09-11,NOW,XLK,118.7020034790039,121.18800354003906,121.18800354003906,5,time_exit,LONG,LONG,0.5064535140991211,0.500724732875824,0.5121822953224182,0.4593046226787831,0.52842116355896,50.64535140991211,0.505641758441925,1,True,True,False,52.0,True,0.5110733509063721,UNRANKED,,False,,,
2023-09-01,2023-09-05,2023-09-12,NOW,XLK,118.1760025024414,117.76799774169922,117.76799774169922,5,time_exit,LONG,LONG,0.5059277564287186,0.4996732175350189,0.5121822953224182,0.4593046226787831,0.43207159638404846,50.59277564287186,0.505641758441925,1,True,True,False,52.0,True,0.5565837323665619,UNRANKED,,False,,,
2023-09-05,2023-09-06,2023-09-13,NOW,XLK,118.62799835205078,118.2760009765625,118.2760009765625,5,time_exit,SHORT,SHORT,0.4955928772687912,0.4996732175350189,0.4915125370025635,0.4593046226787831,0.46960461139678955,50.44071227312088,0.505641758441925,2,False,True,True,52.0,True,0.345449000597,UNRANKED,,False,,,
2023-09-06,2023-09-07,2023-09-11,NOW,XLK,118.25399780273438,118.02200317382812,121.1662837437221,2,stop_loss,SHORT,SHORT,0.4945550709962845,0.4996732175350189,0.48943692445755005,0.4593046226787831,0.44344452023506165,50.54449290037155,0.505641758441925,2,False,True,True,52.0,True,0.3091248273849488,UNRANKED,,False,,,
2023-09-07,2023-09-08,2023-09-15,NOW,XLK,120.0,115.91600036621094,117.23200116838727,5,take_profit,SHORT,SHORT,0.4945550709962845,0.4996732175350189,0.48943692445755005,0.4593046226787831,0.4400252401828766,50.54449290037155,0.505641758441925,2,False,True,True,52.0,True,0.28865247964859,UNRANKED,,False,,,
2023-09-08,2023-09-11,2023-09-12,NOW,XLK,120.69999694824219,115.7020034790039,117.97171129499164,1,take_profit,SHORT,SHORT,0.4942249655723572,0.4996732175350189,0.48877671360969543,0.4593046226787831,0.3717629611492157,50.57750344276428,0.505641758441925,1,True,False,True,52.0,True,0.2782542705535888,UNRANKED,,False,,,
2023-09-11,2023-09-12,2023-09-15,NOW,XLK,119.5999984741211,114.46600341796875,117.08114079066685,3,take_profit,SHORT,SHORT,0.49468833208084106,0.4999397397041321,0.48943692445755005,0.4593046226787831,0.44076645374298096,50.531166791915894,0.505641758441925,2,False,True,True,52.0,True,0.24025622010231013,UNRANKED,,False,,,
2023-09-12,2023-09-13,2023-09-20,NOW,XLK,117.20999908447266,114.11000061035156,114.40599714006696,5,stop_loss,LONG,LONG,0.5013088881969452,0.4999397397041321,0.5026780366897583,0.4593046226787831,0.4395284652709961,50.13088881969452,0.505641758441925,2,False,True,True,52.0,True,0.43766239285469055,UNRANKED,,False,,,
2023-09-13,2023-09-14,2023-09-15,NOW,XLK,118.69000244140625,109.90599822998047,115.99000004359654,1,stop_loss,LONG,LONG,0.5013088881969452,0.4999397397041321,0.5026780366897583,0.4593046226787831,0.48544925451278687,50.13088881969452,0.505641758441925,2,False,True,True,52.0,True,0.3986871540546418,UNRANKED,,False,,,
2023-09-14,2023-09-15,2023-09-19,NOW,XLK,117.71600341796875,110.81800079345703,115.50714438302177,2,take_profit,SHORT,SHORT,0.49389074742794037,0.4983445703983307,0.48943692445755005,0.2972582972582973,0.5187615156173706,50.61092525720596,0.505641758441925,1,True,False,True,52.0,True,0.23783209919929502,UNRANKED,,False,,,
2023-09-15,2023-09-18,2023-09-21,NOW,XLK,115.447998046875,111.89600372314453,113.34142521449498,3,take_profit,SHORT,SHORT,0.49468833208084106,0.4999397397041321,0.48943692445755005,0.4593046226787831,0.4610588550567627,50.531166791915894,0.505641758441925,2,False,True,True,52.0,True,0.2492531538009643,UNRANKED,,False,,,
2023-09-18,2023-09-19,2023-09-21,NOW,XLK,115.87000274658203,108.9260025024414,113.86600167410714,2,take_profit,SHORT,SHORT,0.49468833208084106,0.4999397397041321,0.48943692445755005,0.4593046226787831,0.4932626485824585,50.531166791915894,0.505641758441925,2,False,True,True,52.0,True,0.2665766775608063,UNRANKED,,False,,,
2023-09-19,2023-09-20,2023-09-21,NOW,XLK,115.0,109.2760009765625,113.1211417061942,1,take_profit,SHORT,SHORT,0.49468833208084106,0.4999397397041321,0.48943692445755005,0.4593046226787831,0.4652170240879059,50.531166791915894,0.505641758441925,2,False,True,True,52.0,True,0.2905787527561187,UNRANKED,,False,,,
2023-09-20,2023-09-21,2023-09-22,NOW,XLK,112.6240005493164,110.7040023803711,110.96199907575335,1,take_profit,SHORT,SHORT,0.49468833208084106,0.4999397397041321,0.48943692445755005,0.4593046226787831,0.5065672397613525,50.531166791915894,0.505641758441925,2,False,True,True,52.0,True,0.26197412610054005,UNRANKED,,False,,,
2023-09-21,2023-09-22,2023-09-29,NOW,XLK,110.35600280761719,111.79199981689453,111.79199981689453,5,time_exit,SHORT,SHORT,0.49572592973709106,0.4999397397041321,0.49151211977005005,0.4593046226787831,0.5051111578941345,50.427407026290894,0.505641758441925,2,False,True,True,52.0,True,0.4254451692104341,UNRANKED,,False,,,
2023-09-22,2023-09-25,2023-10-02,NOW,XLK,110.52400207519531,111.0459976196289,111.0459976196289,5,time_exit,LONG,LONG,0.5006690323352814,0.4999397397041321,0.5013983249664307,0.4593046226787831,0.5030407309532166,50.06690323352814,0.505641758441925,2,False,True,True,52.0,True,0.3346550464630127,UNRANKED,,False,,,
2023-09-25,2023-09-26,2023-10-03,NOW,XLK,110.71199798583984,108.24800109863281,108.4199948992048,5,stop_loss,LONG,LONG,0.5168316662311554,0.4999397397041321,0.5337235927581787,0.4593046226787831,0.5205375552177429,51.68316662311554,0.505641758441925,1,True,True,False,52.0,True,0.2713472843170166,UNRANKED,,False,,,
2023-09-26,2023-09-27,2023-10-04,NOW,XLK,109.91200256347656,109.72799682617188,109.72799682617188,5,time_exit,LONG,LONG,0.5168316662311554,0.4999397397041321,0.5337235927581787,0.4593046226787831,0.5099409222602844,51.68316662311554,0.505641758441925,1,True,True,False,52.0,True,0.27539706230163563,UNRANKED,,False,,,
2023-09-27,2023-09-28,2023-09-29,NOW,XLK,106.802001953125,109.43399810791016,109.50657653808594,1,take_profit,LONG,LONG,0.5225870907306671,0.4999397397041321,0.5452344417572021,0.4593046226787831,0.5340278148651123,52.25870907306671,0.505641758441925,1,True,True,False,52.0,True,0.5309358537197112,UNRANKED,,False,,,
2023-09-28,2023-09-29,2023-10-03,NOW,XLK,112.17400360107422,112.14399719238281,109.28685760498047,2,stop_loss,LONG,LONG,0.5265070199966431,0.4999397397041321,0.553074300289154,0.4593046226787831,0.5016178488731384,52.65070199966431,0.505641758441925,1,True,True,False,52.0,True,0.6222753524780275,UNRANKED,,False,,,
2023-09-29,2023-10-02,2023-10-09,NOW,XLK,110.94999694824219,112.88600158691406,112.88600158691406,5,time_exit,LONG,LONG,0.5265070199966431,0.4999397397041321,0.553074300289154,0.4593046226787831,0.5248298048973083,52.65070199966431,0.505641758441925,1,True,True,False,52.0,True,0.7195450961589813,UNRANKED,,False,,,
2023-10-02,2023-10-03,2023-10-10,NOW,XLK,110.4000015258789,111.66000366210938,111.66000366210938,5,time_exit,LONG,LONG,0.5237171351909637,0.4999397397041321,0.5474945306777954,0.4593046226787831,0.5001873970031738,52.371713519096375,0.505641758441925,1,True,True,False,52.0,True,0.3878866434097291,UNRANKED,,False,,,
2023-10-03,2023-10-04,2023-10-06,NOW,XLK,108.91600036621094,111.73400115966797,111.73600115094867,2,take_profit,LONG,LONG,0.5155538320541382,0.4999397397041321,0.5311679244041443,0.4593046226787831,0.46501633524894714,51.55538320541382,0.505641758441925,1,True,True,False,52.0,True,0.6118848025798796,UNRANKED,,False,,,
2023-10-04,2023-10-05,2023-10-06,NOW,XLK,108.96600341796875,112.02999877929688,111.96114676339286,1,take_profit,LONG,LONG,0.5105299055576324,0.4999397397041321,0.5211200714111328,0.4593046226787831,0.46801239252090454,51.052990555763245,0.505641758441925,1,True,True,False,52.0,True,0.5748395323753358,UNRANKED,,False,,,
2023-10-05,2023-10-06,2023-10-09,NOW,XLK,108.5780029296875,109.93199920654297,111.31428854806083,1,take_profit,LONG,LONG,0.5105299055576324,0.4999397397041321,0.5211200714111328,0.4593046226787831,0.44393301010131836,51.052990555763245,0.505641758441925,1,True,True,False,52.0,True,0.5958345234394072,UNRANKED,,False,,,
2023-10-06,2023-10-09,2023-10-16,NOW,XLK,110.97799682617188,110.32599639892578,110.32599639892578,5,time_exit,LONG,LONG,0.5097323209047318,0.4983445703983307,0.5211200714111328,0.2972582972582973,0.4825361371040344,50.973232090473175,0.505641758441925,1,True,True,False,52.0,True,0.5765447616577148,UNRANKED,,False,,,
2023-10-09,2023-10-10,2023-10-17,NOW,XLK,111.21199798583984,113.69400024414062,113.69400024414062,5,time_exit,LONG,LONG,0.5202179104089737,0.4983445703983307,0.5420912504196167,0.2972582972582973,0.4764484167098999,52.02179104089737,0.505641758441925,1,True,True,False,52.0,True,0.7346433103084564,UNRANKED,,False,,,
2023-10-10,2023-10-11,2023-10-18,NOW,XLK,112.0,110.13600158691406,110.13600158691406,5,time_exit,LONG,LONG,0.5202179104089737,0.4983445703983307,0.5420912504196167,0.2972582972582973,0.539570152759552,52.02179104089737,0.505641758441925,1,True,True,False,52.0,True,0.7830460071563721,UNRANKED,,False,,,
2023-10-11,2023-10-12,2023-10-19,NOW,XLK,112.1520004272461,111.99600219726562,111.99600219726562,5,time_exit,LONG,LONG,0.5097323209047318,0.4983445703983307,0.5211200714111328,0.2972582972582973,0.45403337478637695,50.973232090473175,0.505641758441925,1,True,True,False,52.0,True,0.6189202964305878,UNRANKED,,False,,,
2023-10-12,2023-10-13,2023-10-20,NOW,XLK,111.75199890136719,108.50199890136719,109.28342873709542,5,stop_loss,LONG,LONG,0.510195791721344,0.4992715120315552,0.5211200714111328,0.45686141304347827,0.488180011510849,51.0195791721344,0.505641758441925,1,True,True,False,52.0,True,0.5436418652534485,UNRANKED,,False,,,
2023-10-13,2023-10-16,2023-10-17,NOW,XLK,109.93199920654297,108.2760009765625,112.54628317696708,1,take_profit,LONG,LONG,0.5150600075721741,0.4992715120315552,0.530848503112793,0.45686141304347827,0.5181360244750977,51.50600075721741,0.505641758441925,1,True,True,False,52.0,True,0.7118609845638276,UNRANKED,,False,,,
2023-10-16,2023-10-17,2023-10-24,NOW,XLK,109.93199920654297,110.87799835205078,110.87799835205078,5,time_exit,LONG,LONG,0.5003870576620102,0.4983445703983307,0.5024295449256897,0.2972582972582973,0.48565196990966797,50.03870576620102,0.505641758441925,2,False,True,True,52.0,True,0.531653344631195,UNRANKED,,False,,,
2023-10-17,2023-10-18,2023-10-20,NOW,XLK,112.55999755859375,106.03399658203125,109.882570539202,2,stop_loss,LONG,LONG,0.5065864622592926,0.5107433795928955,0.5024295449256897,0.5714285714285714,0.5103045701980591,50.65864622592926,0.505641758441925,1,True,True,False,52.0,True,0.5523338317871093,UNRANKED,,False,,,
2023-10-18,2023-10-19,2023-10-20,NOW,XLK,111.68800354003906,110.19000244140625,108.70629119873047,1,take_profit,SHORT,SHORT,0.49360741674900055,0.500724732875824,0.4864901006221771,0.4593046226787831,0.5395732522010803,50.639258325099945,0.505641758441925,1,True,False,True,52.0,True,0.3218363523483277,UNRANKED,,False,,,
2023-10-19,2023-10-20,2023-10-25,NOW,XLK,111.31999969482422,110.802001953125,108.22800118582589,3,take_profit,SHORT,SHORT,0.496118426322937,0.500724732875824,0.49151211977005005,0.4593046226787831,0.5673164129257202,50.3881573677063,0.505641758441925,2,False,True,True,52.0,True,0.46500426530838007,UNRANKED,,False,,,
2023-10-20,2023-10-23,2023-10-30,NOW,XLK,107.4000015258789,113.70800018310547,110.8845716203962,5,stop_loss,SHORT,SHORT,0.496118426322937,0.500724732875824,0.49151211977005005,0.4593046226787831,0.5275412201881409,50.3881573677063,0.505641758441925,2,False,True,True,52.0,True,0.6273288428783418,UNRANKED,,False,,,
2023-10-23,2023-10-24,2023-10-30,NOW,XLK,109.14199829101562,116.37000274658203,112.25914001464844,4,stop_loss,SHORT,SHORT,0.49929383397102356,0.500724732875824,0.49786293506622314,0.4593046226787831,0.5385890603065491,50.070616602897644,0.505641758441925,2,False,True,True,52.0,True,0.539865642786026,UNRANKED,,False,,,
2023-10-24,2023-10-25,2023-10-30,NOW,XLK,109.8740005493164,118.69599914550781,113.15142822265625,3,take_profit,LONG,LONG,0.511803925037384,0.500724732875824,0.5228831171989441,0.4593046226787831,0.5522608757019043,51.1803925037384,0.505641758441925,1,True,True,False,52.0,True,0.5882771015167236,UNRANKED,,False,,,
2023-10-25,2023-10-26,2023-10-31,NOW,XLK,112.0,119.88600158691406,115.92742810930524,3,take_profit,LONG,LONG,0.5015771389007568,0.500724732875824,0.5024295449256897,0.4593046226787831,0.5205743312835693,50.157713890075684,0.505641758441925,2,False,True,True,52.0,True,0.6926465630531311,UNRANKED,,False,,,
2023-10-26,2023-10-27,2023-10-31,NOW,XLK,111.29199981689453,121.35199737548828,115.4260003226144,2,take_profit,LONG,LONG,0.5119788944721222,0.500724732875824,0.5232330560684204,0.4593046226787831,0.5102339386940002,51.19788944721222,0.505641758441925,1,True,True,False,52.0,True,0.6176786720752717,UNRANKED,,False,,,
2023-10-27,2023-10-30,2023-10-31,NOW,XLK,111.91999816894531,121.8499984741211,116.03542654854911,1,take_profit,LONG,LONG,0.5081959366798401,0.500724732875824,0.5156671404838562,0.4593046226787831,0.5120877027511597,50.81959366798401,0.505641758441925,1,True,True,False,52.0,True,0.5743580758571625,UNRANKED,,False,,,
2023-10-30,2023-10-31,2023-11-01,NOW,XLK,114.17400360107422,122.78199768066406,118.52943202427456,1,take_profit,LONG,LONG,0.5109224021434784,0.500724732875824,0.5211200714111328,0.4593046226787831,0.49188923835754395,51.09224021434784,0.505641758441925,1,True,True,False,52.0,True,0.6969256997108461,UNRANKED,,False,,,
2023-10-31,2023-11-01,2023-11-03,NOW,XLK,116.19999694824219,125.06600189208984,120.92514038085938,2,take_profit,LONG,LONG,0.5109224021434784,0.500724732875824,0.5211200714111328,0.4593046226787831,0.44078919291496277,51.09224021434784,0.505641758441925,1,True,True,False,52.0,True,0.4805909395217897,UNRANKED,,False,,,
2023-11-01,2023-11-02,2023-11-09,NOW,XLK,120.24199676513672,123.9520034790039,123.9520034790039,5,time_exit,LONG,LONG,0.5159463286399841,0.500724732875824,0.5311679244041443,0.4593046226787831,0.5454782247543335,51.59463286399841,0.505641758441925,1,True,True,False,52.0,True,0.5720007121562959,UNRANKED,,False,,,
2023-11-02,2023-11-03,2023-11-08,NOW,XLK,120.11599731445312,126.9520034790039,125.00142669677734,3,take_profit,LONG,LONG,0.523207277059555,0.500724732875824,0.5456898212432861,0.4593046226787831,0.5684168934822083,52.320727705955505,0.505641758441925,1,True,True,False,52.0,True,0.5967684686183929,UNRANKED,,False,,,
2023-11-03,2023-11-06,2023-11-10,NOW,XLK,121.69999694824219,127.68199920654297,126.73856898716518,4,take_profit,LONG,LONG,0.5208966583013535,0.4996732175350189,0.542120099067688,0.4593046226787831,0.5194883346557617,52.089665830135345,0.505641758441925,1,True,True,False,52.0,True,0.7264071106910707,UNRANKED,,False,,,
2023-11-06,2023-11-07,2023-11-10,NOW,XLK,122.07599639892578,130.83399963378906,126.70456804547992,3,take_profit,LONG,LONG,0.5076701790094376,0.4996732175350189,0.5156671404838562,0.4593046226787831,0.4758245646953583,50.767017900943756,0.505641758441925,1,True,True,False,52.0,True,0.5463243126869202,UNRANKED,,False,,,
2023-11-07,2023-11-08,2023-11-13,NOW,XLK,123.21600341796875,130.17999267578125,127.4694322858538,3,take_profit,LONG,LONG,0.5047768503427505,0.4996732175350189,0.5098804831504822,0.4593046226787831,0.5362482666969299,50.477685034275055,0.505641758441925,2,False,True,True,52.0,True,0.38262689113616943,UNRANKED,,False,,,
2023-11-08,2023-11-09,2023-11-14,NOW,XLK,125.0199966430664,130.45599365234375,129.33399745396204,3,stop_loss,SHORT,SHORT,0.4945550709962845,0.4996732175350189,0.48943692445755005,0.4593046226787831,0.5472294092178345,50.54449290037155,0.505641758441925,2,False,True,True,52.0,True,0.3377875983715056,UNRANKED,,False,,,
2023-11-09,2023-11-10,2023-11-14,NOW,XLK,123.9520034790039,130.8719940185547,127.92600359235492,2,stop_loss,SHORT,SHORT,0.4945550709962845,0.4996732175350189,0.48943692445755005,0.4593046226787831,0.5642229914665222,50.54449290037155,0.505641758441925,2,False,True,True,52.0,True,0.3443986177444458,UNRANKED,,False,,,
2023-11-10,2023-11-13,2023-11-20,NOW,XLK,126.75599670410156,133.38400268554688,131.12628282819475,5,take_profit,LONG,LONG,0.5084768384695053,0.4996732175350189,0.5172804594039917,0.4593046226787831,0.5104540586471558,50.84768384695053,0.505641758441925,1,True,True,False,52.0,True,0.41167387366294866,UNRANKED,,False,,,
2023-11-13,2023-11-14,2023-11-21,NOW,XLK,129.49600219726562,133.67999267578125,133.59885951450892,5,take_profit,LONG,LONG,0.5011756271123886,0.4996732175350189,0.5026780366897583,0.4593046226787831,0.3996453285217285,50.11756271123886,0.505641758441925,2,False,True,True,52.0,True,0.34781980514526367,UNRANKED,,False,,,
2023-11-14,2023-11-15,2023-11-22,NOW,XLK,130.8939971923828,133.9320068359375,133.9320068359375,5,time_exit,LONG,LONG,0.5112035125494003,0.4996732175350189,0.5227338075637817,0.4593046226787831,0.48371195793151855,51.12035125494003,0.505641758441925,1,True,True,False,52.0,True,-0.0184471905231476,UNRANKED,,False,,,
2023-11-15,2023-11-16,2023-11-20,NOW,XLK,130.0,134.77999877929688,133.36085728236608,2,stop_loss,SHORT,SHORT,0.4933389872312546,0.4996732175350189,0.48700475692749023,0.4593046226787831,0.5103691816329956,50.66610127687454,0.505641758441925,1,True,False,True,52.0,True,-0.0208458304405211,UNRANKED,,False,,,
2023-11-16,2023-11-17,2023-11-22,NOW,XLK,130.38999938964844,134.11000061035156,133.7028568812779,3,stop_loss,SHORT,SHORT,0.4945550709962845,0.4996732175350189,0.48943692445755005,0.4593046226787831,0.47713804244995117,50.54449290037155,0.505641758441925,2,False,True,True,52.0,True,0.08935722708702087,UNRANKED,,False,,,
2023-11-17,2023-11-20,2023-11-22,NOW,XLK,130.8000030517578,133.04800415039062,133.75714656284876,2,stop_loss,SHORT,SHORT,0.4945550709962845,0.4996732175350189,0.48943692445755005,0.4593046226787831,0.4710635244846344,50.54449290037155,0.505641758441925,2,False,True,True,52.0,True,0.13056489825248727,UNRANKED,,False,,,
2023-11-20,2023-11-21,2023-11-29,NOW,XLK,132.95199584960938,135.78599548339844,135.78599548339844,5,time_exit,SHORT,SHORT,0.4945550709962845,0.4996732175350189,0.48943692445755005,0.4593046226787831,0.5164064168930054,50.54449290037155,0.505641758441925,2,False,True,True,52.0,True,0.18034413456916812,UNRANKED,,False,,,
2023-11-21,2023-11-22,2023-11-30,NOW,XLK,134.53599548339844,137.1479949951172,137.1479949951172,5,time_exit,LONG,LONG,0.5011756271123886,0.4996732175350189,0.5026780366897583,0.4593046226787831,0.5453895330429077,50.11756271123886,0.505641758441925,2,False,True,True,52.0,True,0.1777258813381195,UNRANKED,,False,,,
2023-11-22,2023-11-24,2023-11-30,NOW,XLK,134.1060028076172,138.1580047607422,136.61771937779017,4,take_profit,LONG,LONG,0.5084768384695053,0.4996732175350189,0.5172804594039917,0.4593046226787831,0.5314565896987915,50.84768384695053,0.505641758441925,1,True,True,False,52.0,True,0.3012269735336305,UNRANKED,,False,,,
2023-11-24,2023-11-27,2023-11-30,NOW,XLK,134.39999389648438,137.5240020751953,136.82342420305525,3,take_profit,LONG,LONG,0.5013260394334793,0.4996732175350189,0.5029788613319397,0.4593046226787831,0.46861952543258667,50.13260394334793,0.505641758441925,2,False,True,True,52.0,True,0.13105830550193787,UNRANKED,,False,,,
2023-11-27,2023-11-28,2023-11-30,NOW,XLK,133.5260009765625,137.6439971923828,135.97400229317802,2,take_profit,LONG,LONG,0.506437674164772,0.4996732175350189,0.5132021307945251,0.4593046226787831,0.44072452187538147,50.6437674164772,0.505641758441925,1,True,True,False,52.0,True,0.25731539726257324,UNRANKED,,False,,,
2023-11-28,2023-11-29,2023-11-30,NOW,XLK,134.1999969482422,137.24600219726562,136.66656930106026,1,take_profit,LONG,LONG,0.506437674164772,0.4996732175350189,0.5132021307945251,0.4593046226787831,0.4426782727241516,50.6437674164772,0.505641758441925,1,True,True,False,52.0,True,0.31439018249511724,UNRANKED,,False,,,
2023-11-29,2023-11-30,2023-12-07,NOW,XLK,136.39999389648438,137.53599548339844,137.53599548339844,5,time_exit,LONG,LONG,0.5065709352493286,0.4999397397041321,0.5132021307945251,0.4593046226787831,0.4482318162918091,50.65709352493286,0.505641758441925,1,True,True,False,52.0,True,0.21032068133354187,UNRANKED,,False,,,
2023-11-30,2023-12-01,2023-12-08,NOW,XLK,137.08999633789062,139.8159942626953,139.65685272216797,5,take_profit,LONG,LONG,0.5043110847473145,0.4999397397041321,0.5086824297904968,0.4593046226787831,0.4329356551170349,50.431108474731445,0.505641758441925,2,False,True,True,52.0,True,0.25833043456077565,UNRANKED,,False,,,
2023-12-01,2023-12-04,2023-12-08,NOW,XLK,136.8000030517578,141.0240020751953,139.08257511683874,4,stop_loss,SHORT,SHORT,0.49656957387924194,0.4999397397041321,0.4931994080543518,0.4593046226787831,0.6224067807197571,50.343042612075806,0.505641758441925,2,False,True,True,52.0,True,0.11365208029747009,UNRANKED,,False,,,
2023-12-04,2023-12-05,2023-12-08,NOW,XLK,135.88600158691406,143.29600524902344,138.15486036028182,3,stop_loss,SHORT,SHORT,0.4890564829111099,0.4999397397041321,0.47817322611808777,0.4593046226787831,0.6358250975608826,51.09435170888901,0.505641758441925,1,True,False,True,52.0,True,0.1642772555351258,UNRANKED,,False,,,
2023-12-05,2023-12-06,2023-12-11,NOW,XLK,138.0,143.1280059814453,139.8357151576451,3,stop_loss,SHORT,SHORT,0.4998007118701935,0.4999397397041321,0.4996616840362549,0.4593046226787831,0.5791082978248596,50.01992881298065,0.505641758441925,2,False,True,True,52.0,True,0.332381546497345,UNRANKED,,False,,,
2023-12-06,2023-12-07,2023-12-08,NOW,XLK,137.1199951171875,136.0780029296875,138.91913713727678,1,take_profit,LONG,LONG,0.5007153451442719,0.4999397397041321,0.5014909505844116,0.4593046226787831,0.5100587010383606,50.071534514427185,0.505641758441925,2,False,True,True,52.0,True,0.35294008255004883,UNRANKED,,False,,,
2023-12-07,2023-12-08,2023-12-11,NOW,XLK,137.88999938964844,139.6479949951172,139.6911403111049,1,stop_loss,SHORT,SHORT,0.49753983318805695,0.4999397397041321,0.4951399266719818,0.4593046226787831,0.5680485367774963,50.246016681194305,0.505641758441925,2,False,True,True,52.0,True,0.19027379155159,UNRANKED,,False,,,
2023-12-08,2023-12-11,2023-12-12,NOW,XLK,139.82200622558594,140.74400329589844,141.8894326346261,1,stop_loss,SHORT,SHORT,0.4939248263835907,0.4999397397041321,0.4879099130630493,0.4593046226787831,0.5932974815368652,50.60751736164093,0.505641758441925,1,True,False,True,52.0,True,0.038362592458724906,UNRANKED,,False,,,
2023-12-11,2023-12-12,2023-12-13,NOW,XLK,141.0240020751953,141.54200744628906,142.90514264787947,1,stop_loss,SHORT,SHORT,0.49753983318805695,0.4999397397041321,0.4951399266719818,0.4593046226787831,0.6004592776298523,50.246016681194305,0.505641758441925,2,False,True,True,52.0,True,0.23924040794372553,UNRANKED,,False,,,
2023-12-12,2023-12-13,2023-12-14,NOW,XLK,143.39999389648438,138.75999450683594,141.23656572614397,1,take_profit,SHORT,SHORT,0.4998007118701935,0.4999397397041321,0.4996616840362549,0.4593046226787831,0.61136394739151,50.01992881298065,0.505641758441925,2,False,True,True,52.0,True,0.21817716956138605,UNRANKED,,False,,,
2023-12-13,2023-12-14,2023-12-15,NOW,XLK,142.0,140.15199279785156,139.84857395717077,1,take_profit,SHORT,SHORT,0.49560466408729553,0.4999397397041321,0.491269588470459,0.4593046226787831,0.6204563975334167,50.43953359127045,0.505641758441925,2,False,True,True,52.0,True,0.22440871596336368,UNRANKED,,False,,,
2023-12-14,2023-12-15,2023-12-18,NOW,XLK,135.052001953125,139.50999450683594,138.0894295828683,1,stop_loss,SHORT,SHORT,0.489707350730896,0.4999397397041321,0.4794749617576599,0.4593046226787831,0.5600906014442444,51.0292649269104,0.505641758441925,1,True,False,True,52.0,True,0.11998438835144049,UNRANKED,,False,,,
2023-12-15,2023-12-18,2023-12-26,NOW,XLK,140.4040069580078,140.24600219726562,140.24600219726562,5,time_exit,SHORT,SHORT,0.49753983318805695,0.4999397397041321,0.4951399266719818,0.4593046226787831,0.5104588270187378,50.246016681194305,0.505641758441925,2,False,True,True,52.0,True,0.17776173353195182,UNRANKED,,False,,,
2023-12-18,2023-12-19,2023-12-27,NOW,XLK,141.13999938964844,140.7519989013672,140.7519989013672,5,time_exit,SHORT,SHORT,0.49753983318805695,0.4999397397041321,0.4951399266719818,0.4593046226787831,0.5517598390579224,50.246016681194305,0.505641758441925,2,False,True,True,52.0,True,0.2666119039058686,UNRANKED,,False,,,
2023-12-19,2023-12-20,2023-12-28,NOW,XLK,140.81399536132812,140.49200439453125,140.49200439453125,5,time_exit,LONG,LONG,0.5043110847473145,0.4999397397041321,0.5086824297904968,0.4593046226787831,0.4569009244441986,50.431108474731445,0.505641758441925,2,False,True,True,52.0,True,0.09282737970352176,UNRANKED,,False,,,
2023-12-20,2023-12-21,2023-12-29,NOW,XLK,140.14999389648438,141.29800415039062,141.29800415039062,5,time_exit,LONG,LONG,0.5043108761310577,0.4999397397041321,0.5086820125579834,0.4593046226787831,0.4600902199745178,50.431087613105774,0.505641758441925,2,False,True,True,52.0,True,0.3767699003219603,UNRANKED,,False,,,
2023-12-21,2023-12-22,2024-01-02,NOW,XLK,140.77000427246094,137.50399780273438,137.50399780273438,5,time_exit,LONG,LONG,0.5006954371929169,0.4999397397041321,0.5014511346817017,0.4593046226787831,0.5377370119094849,50.06954371929169,0.505641758441925,2,False,True,True,52.0,True,-0.08054426312446607,UNRANKED,,False,,,
2023-12-22,2023-12-26,2024-01-03,NOW,XLK,140.03399658203125,135.05999755859375,136.5959952218192,5,stop_loss,LONG,LONG,0.5043110847473145,0.4999397397041321,0.5086824297904968,0.4593046226787831,0.45674705505371094,50.431108474731445,0.505641758441925,2,False,True,True,52.0,True,0.21131429076194772,UNRANKED,,False,,,
2023-12-26,2023-12-27,2024-01-03,NOW,XLK,140.26199340820312,134.37399291992188,136.7359902518136,4,stop_loss,LONG,LONG,0.5043110847473145,0.4999397397041321,0.5086824297904968,0.4593046226787831,0.45690158009529114,50.431108474731445,0.505641758441925,2,False,True,True,52.0,True,0.29066985845565796,UNRANKED,,False,,,
2023-12-27,2023-12-28,2024-01-02,NOW,XLK,141.3280029296875,135.23199462890625,137.7865709577288,2,stop_loss,LONG,LONG,0.5065709352493286,0.4999397397041321,0.5132021307945251,0.4593046226787831,0.43791043758392334,50.65709352493286,0.505641758441925,1,True,True,False,52.0,True,0.223669558763504,UNRANKED,,False,,,
2023-12-28,2023-12-29,2024-01-02,NOW,XLK,141.39999389648438,139.2519989013672,137.86284746442522,1,stop_loss,LONG,LONG,0.5065560191869736,0.499909907579422,0.5132021307945251,0.4593046226787831,0.43253982067108154,50.65560191869736,0.505641758441925,1,True,True,False,52.0,True,0.19914516806602486,UNRANKED,,False,,,
2023-12-29,2024-01-02,2024-01-03,NOW,XLK,139.41000366210938,139.73399353027344,136.08342851911272,1,take_profit,SHORT,SHORT,0.49978579580783844,0.499909907579422,0.4996616840362549,0.4593046226787831,0.49333927035331726,50.021420419216156,0.505641758441925,2,False,True,True,52.0,True,0.2917115986347199,UNRANKED,,False,,,
2024-01-02,2024-01-03,2024-01-08,NOW,XLK,135.15199279785156,142.86000061035156,138.8479963030134,3,stop_loss,SHORT,SHORT,0.49978579580783844,0.499909907579422,0.4996616840362549,0.4593046226787831,0.39165589213371277,50.021420419216156,0.505641758441925,2,False,True,True,52.0,True,0.3244354724884034,UNRANKED,,False,,,
2024-01-03,2024-01-04,2024-01-08,NOW,XLK,134.95399475097656,145.29200744628906,138.67456926618303,2,stop_loss,SHORT,SHORT,0.49740636348724365,0.4996732175350189,0.4951395094394684,0.4593046226787831,0.43072858452796936,50.259363651275635,0.505641758441925,2,False,True,True,52.0,True,0.425933986902237,UNRANKED,,False,,,
2024-01-04,2024-01-05,2024-01-08,NOW,XLK,134.42599487304688,145.83599853515625,138.22057015555245,1,take_profit,LONG,LONG,0.5007004290819168,0.499909907579422,0.5014909505844116,0.4593046226787831,0.3567202091217041,50.07004290819168,0.505641758441925,2,False,True,True,52.0,True,0.3313874900341032,UNRANKED,,False,,,
2024-01-05,2024-01-08,2024-01-10,NOW,XLK,136.84800720214844,145.51199340820312,139.7580108642578,2,stop_loss,SHORT,SHORT,0.49727344512939453,0.499909907579422,0.49463698267936707,0.4593046226787831,0.38857516646385193,50.27265548706055,0.505641758441925,2,False,True,True,52.0,True,0.24202769994735715,UNRANKED,,False,,,
2024-01-08,2024-01-09,2024-01-10,NOW,XLK,138.77200317382812,145.50799560546875,141.74629429408483,1,take_profit,LONG,LONG,0.5018502622842789,0.499909907579422,0.5037906169891357,0.4593046226787831,0.36586254835128784,50.18502622842789,0.505641758441925,2,False,True,True,52.0,True,0.4145019352436065,UNRANKED,,False,,,
2024-01-09,2024-01-10,2024-01-11,NOW,XLK,141.5,149.19200134277344,144.3865748814174,1,stop_loss,SHORT,SHORT,0.4979323297739029,0.500724732875824,0.4951399266719818,0.4593046226787831,0.5302255153656006,50.20676702260971,0.505641758441925,2,False,True,True,52.0,True,0.35673648118972767,UNRANKED,,False,,,
2024-01-10,2024-01-11,2024-01-18,NOW,XLK,144.51199340820312,149.82200622558594,147.73114013671875,4,stop_loss,SHORT,SHORT,0.495080828666687,0.500724732875824,0.48943692445755005,0.4593046226787831,0.5474523305892944,50.4919171333313,0.505641758441925,2,False,True,True,52.0,True,0.26514244079589844,UNRANKED,,False,,,
2024-01-11,2024-01-12,2024-01-18,NOW,XLK,144.9600067138672,150.49000549316406,148.12915257045202,3,stop_loss,SHORT,SHORT,0.4945550709962845,0.4996732175350189,0.48943692445755005,0.4593046226787831,0.5623756647109985,50.54449290037155,0.505641758441925,2,False,True,True,52.0,True,0.23183926939964297,UNRANKED,,False,,,
2024-01-12,2024-01-16,2024-01-18,NOW,XLK,146.0,150.6840057373047,149.0480019705636,2,stop_loss,SHORT,SHORT,0.4945550709962845,0.4996732175350189,0.48943692445755005,0.4593046226787831,0.5896731019020081,50.54449290037155,0.505641758441925,2,False,True,True,52.0,True,0.26645600795745844,UNRANKED,,False,,,
2024-01-16,2024-01-17,2024-01-18,NOW,XLK,145.1999969482422,152.6840057373047,148.20257132393974,1,stop_loss,SHORT,SHORT,0.4945550709962845,0.4996732175350189,0.48943692445755005,0.4593046226787831,0.5824381709098816,50.54449290037155,0.505641758441925,2,False,True,True,52.0,True,0.3563856184482575,UNRANKED,,False,,,
2024-01-17,2024-01-18,2024-01-24,NOW,XLK,148.48399353027344,153.33799743652344,151.38199506487166,4,stop_loss,SHORT,SHORT,0.4952179938554764,0.4996732175350189,0.49076277017593384,0.4593046226787831,0.5544933080673218,50.47820061445236,0.505641758441925,2,False,True,True,52.0,True,0.11697432398796075,UNRANKED,,False,,,
2024-01-18,2024-01-19,2024-01-26,NOW,XLK,150.08799743652344,153.88800048828125,153.44000026157923,5,stop_loss,SHORT,SHORT,0.4942249655723572,0.4996732175350189,0.48877671360969543,0.4593046226787831,0.5731469392776489,50.57750344276428,0.505641758441925,1,True,False,True,52.0,True,0.20170465111732486,UNRANKED,,False,,,
2024-01-19,2024-01-22,2024-01-29,NOW,XLK,152.03799438476562,157.447998046875,155.44285583496094,5,stop_loss,SHORT,SHORT,0.4920443743467331,0.4996732175350189,0.48441553115844727,0.4593046226787831,0.4762325584888458,50.79556256532669,0.505641758441925,1,True,False,True,52.0,True,-0.44720092415809615,UNRANKED,,False,,,
2024-01-22,2024-01-23,2024-01-26,NOW,XLK,150.42999267578125,157.14599609375,153.8151397705078,3,stop_loss,SHORT,SHORT,0.4945550709962845,0.4996732175350189,0.48943692445755005,0.4593046226787831,0.4869261682033539,50.54449290037155,0.505641758441925,2,False,True,True,52.0,True,-0.2539650201797485,UNRANKED,,False,,,
2024-01-23,2024-01-24,2024-01-29,NOW,XLK,154.17999267578125,153.0800018310547,157.0508531842913,3,stop_loss,SHORT,SHORT,0.49914875626564026,0.4996732175350189,0.4986242949962616,0.4593046226787831,0.4289156198501587,50.085124373435974,0.505641758441925,2,False,True,True,52.0,True,-0.09314966201782225,UNRANKED,,False,,,
2024-01-24,2024-01-25,2024-01-31,NOW,XLK,156.0,154.1999969482422,153.19256809779577,4,stop_loss,LONG,LONG,0.5032141357660294,0.5078039765357971,0.4986242949962616,0.4593046226787831,0.4131428897380829,50.321413576602936,0.505641758441925,2,False,True,True,52.0,True,-0.17415353655815136,UNRANKED,,False,,,
2024-01-25,2024-01-26,2024-01-29,NOW,XLK,153.4199981689453,156.25999450683594,156.22285679408483,1,stop_loss,SHORT,SHORT,0.4986204504966736,0.5078039765357971,0.48943692445755005,0.4593046226787831,0.4826561212539673,50.13795495033264,0.505641758441925,2,False,True,True,52.0,True,-0.17111504077911374,UNRANKED,,False,,,
2024-01-26,2024-01-29,2024-01-30,NOW,XLK,153.86399841308594,156.96800231933594,156.62285723005022,1,take_profit,LONG,LONG,0.5052410066127777,0.5078039765357971,0.5026780366897583,0.4593046226787831,0.4274307191371918,50.52410066127777,0.505641758441925,2,False,True,True,52.0,True,-0.31872010231018066,UNRANKED,,False,,,
2024-01-29,2024-01-30,2024-01-31,NOW,XLK,157.46600341796875,155.49000549316406,154.77285984584265,1,take_profit,SHORT,SHORT,0.4888399988412857,0.48824307322502136,0.48943692445755005,0.2972582972582973,0.5511797666549683,51.11600011587143,0.505641758441925,1,True,False,True,52.0,True,-0.3796651065349579,UNRANKED,,False,,,
2024-01-30,2024-01-31,2024-02-07,NOW,XLK,155.5780029296875,158.0780029296875,158.0780029296875,5,time_exit,SHORT,SHORT,0.4943542182445526,0.4992715120315552,0.48943692445755005,0.45686141304347827,0.5226716995239258,50.56457817554474,0.505641758441925,1,True,False,True,52.0,True,0.15710994601249706,UNRANKED,,False,,,
2024-01-31,2024-02-01,2024-02-05,NOW,XLK,153.8179931640625,159.8820037841797,156.61970738002233,2,take_profit,LONG,LONG,0.5005113035440445,0.4983445703983307,0.5026780366897583,0.2972582972582973,0.47353842854499817,50.05113035440445,0.505641758441925,2,False,True,True,52.0,True,0.2605367004871368,UNRANKED,,False,,,
2024-02-01,2024-02-02,2024-02-07,NOW,XLK,154.79400634765625,162.58799743652344,157.40829031808036,3,stop_loss,SHORT,SHORT,0.49468833208084106,0.4999397397041321,0.48943692445755005,0.4593046226787831,0.5385757684707642,50.531166791915894,0.505641758441925,2,False,True,True,52.0,True,0.16600421071052548,UNRANKED,,False,,,
2024-02-02,2024-02-05,2024-02-08,NOW,XLK,156.39999389648438,157.47000122070312,159.23085021972656,3,take_profit,LONG,LONG,0.5049967765808105,0.4999397397041321,0.510053813457489,0.4593046226787831,0.4808972477912903,50.499677658081055,0.505641758441925,2,False,True,True,52.0,True,-0.05350166559219367,UNRANKED,,False,,,
2024-02-05,2024-02-06,2024-02-09,NOW,XLK,157.7760009765625,154.7519989013672,160.6617148263114,3,take_profit,LONG,LONG,0.5086100995540619,0.4999397397041321,0.5172804594039917,0.4593046226787831,0.5117661356925964,50.86100995540619,0.505641758441925,1,True,True,False,52.0,True,0.14833018183708194,UNRANKED,,False,,,
2024-02-06,2024-02-07,2024-02-08,NOW,XLK,156.56199645996094,158.39999389648438,159.65828159877233,1,stop_loss,SHORT,SHORT,0.49468833208084106,0.4999397397041321,0.48943692445755005,0.4593046226787831,0.5486446619033813,50.531166791915894,0.505641758441925,2,False,True,True,52.0,True,0.1169705092906953,UNRANKED,,False,,,
2024-02-07,2024-02-08,2024-02-09,NOW,XLK,158.39999389648438,156.0,161.33970642089844,1,stop_loss,SHORT,SHORT,0.49468833208084106,0.4999397397041321,0.48943692445755005,0.4593046226787831,0.5506618022918701,50.531166791915894,0.505641758441925,2,False,True,True,52.0,True,0.04772138595581059,UNRANKED,,False,,,
2024-02-08,2024-02-09,2024-02-13,NOW,XLK,160.47000122070312,153.0,157.3625749860491,2,take_profit,SHORT,SHORT,0.49389074742794037,0.4983445703983307,0.48943692445755005,0.2972582972582973,0.5986747741699219,50.61092525720596,0.505641758441925,1,True,False,True,52.0,True,0.11572170257568362,UNRANKED,,False,,,
2024-02-09,2024-02-12,2024-02-13,NOW,XLK,162.82000732421875,150.5679931640625,159.42143903459822,1,stop_loss,LONG,LONG,0.5005113035440445,0.4983445703983307,0.5026780366897583,0.2972582972582973,0.45432421565055847,50.05113035440445,0.505641758441925,2,False,True,True,52.0,True,0.19768527150154108,UNRANKED,,False,,,
2024-02-12,2024-02-13,2024-02-14,NOW,XLK,153.0,149.58799743652344,157.10199628557478,1,take_profit,LONG,LONG,0.5043484568595886,0.5096865296363831,0.4990103840827942,0.4637441099012429,0.5597012639045715,50.43484568595886,0.5109731554985046,2,False,True,True,58.15757003233928,False,0.18317621946334844,UNRANKED,,False,,,
2024-02-13,2024-02-14,2024-02-20,NOW,XLK,157.0,153.8419952392578,152.7954319545201,3,stop_loss,LONG,LONG,0.5254450738430023,0.5518797636032104,0.4990103840827942,0.4926937009450071,0.5441278219223022,52.54450738430023,0.5109731554985046,1,True,True,False,58.15757003233928,False,0.18407413363456718,UNRANKED,,False,,,
2024-02-14,2024-02-15,2024-02-16,NOW,XLK,159.0,154.19400024414062,154.36771719796317,1,stop_loss,LONG,LONG,0.5072552859783173,0.5155001878738403,0.4990103840827942,0.4677228872442518,0.5598859190940857,50.725528597831726,0.5109731554985046,2,False,True,True,58.15757003233928,False,0.2224749624729157,UNRANKED,,False,,,
2024-02-15,2024-02-16,2024-02-21,NOW,XLK,154.85400390625,155.9320068359375,149.95743669782365,2,stop_loss,LONG,LONG,0.5168794691562653,0.5347485542297363,0.4990103840827942,0.4809227228552783,0.5790125131607056,51.687946915626526,0.5109731554985046,1,True,True,False,58.15757003233928,False,0.23445850610733032,UNRANKED,,False,,,
2024-02-16,2024-02-20,2024-02-26,NOW,XLK,150.61599731445312,153.42799377441406,155.43256487165178,4,stop_loss,SHORT,SHORT,0.47320908308029175,0.4474077820777893,0.4990103840827942,0.42151081218385233,0.6401854753494263,52.679091691970825,0.5109731554985046,1,True,False,True,58.15757003233928,False,0.16863265633583072,UNRANKED,,False,,,
2024-02-20,2024-02-21,2024-02-22,NOW,XLK,147.3979949951172,151.95799255371094,152.5188489641462,1,stop_loss,SHORT,SHORT,0.4770001769065857,0.4549899697303772,0.4990103840827942,0.42660413559662774,0.6254942417144775,52.29998230934143,0.5109731554985046,1,True,False,True,58.15757003233928,False,0.25012522935867304,UNRANKED,,False,,,
2024-02-21,2024-02-22,2024-02-29,NOW,XLK,155.0,154.26800537109375,154.26800537109375,5,time_exit,SHORT,SHORT,0.4911404103040695,0.48327043652534485,0.4990103840827942,0.4457308170045905,0.6060426235198975,50.88595896959305,0.5109731554985046,2,False,True,True,58.15757003233928,False,0.2477819323539735,UNRANKED,,False,,,
2024-02-22,2024-02-23,2024-03-01,NOW,XLK,155.07000732421875,154.7259979248047,154.7259979248047,5,time_exit,SHORT,SHORT,0.4948812872171402,0.4907521903514862,0.4990103840827942,0.45082030163998427,0.5957696437835693,50.51187127828598,0.5109731554985046,2,False,True,True,58.15757003233928,False,0.19947177171707153,UNRANKED,,False,,,
2024-02-23,2024-02-26,2024-03-04,NOW,XLK,154.93800354003906,155.21800231933594,155.21800231933594,5,time_exit,SHORT,SHORT,0.47980062663555145,0.4605908691883087,0.4990103840827942,0.4303766176423729,0.618243396282196,52.019937336444855,0.5109731554985046,1,True,False,True,58.15757003233928,False,0.15548473596572882,UNRANKED,,False,,,
2024-02-26,2024-02-27,2024-03-05,NOW,XLK,156.45199584960938,148.02999877929688,151.42114039829798,5,take_profit,SHORT,SHORT,0.46521373093128204,0.4314170777797699,0.4990103840827942,0.41082488498379044,0.5806556940078735,53.478626906871796,0.5109731554985046,1,True,False,True,58.15757003233928,False,0.140760362148285,UNRANKED,,False,,,
2024-02-27,2024-02-28,2024-03-06,NOW,XLK,152.70199584960938,148.21200561523438,148.21200561523438,5,time_exit,SHORT,SHORT,0.4780822992324829,0.45715421438217163,0.4990103840827942,0.42806087389122766,0.5896849036216736,52.19177007675171,0.5109731554985046,1,True,False,True,58.15757003233928,False,0.2600277364253997,UNRANKED,,False,,,
2024-02-28,2024-02-29,2024-03-05,NOW,XLK,153.41000366210938,153.61599731445312,148.3922882080078,3,take_profit,SHORT,SHORT,0.4903092384338379,0.48491227626800537,0.4957062005996704,0.44684674694374205,0.6080555319786072,50.96907615661621,0.5109731554985046,2,False,True,True,58.15757003233928,False,0.236127644777298,UNRANKED,,False,,,
2024-02-29,2024-03-01,2024-03-05,NOW,XLK,154.39999389648438,151.53599548339844,149.30999101911272,2,take_profit,SHORT,SHORT,0.4826427549123764,0.4695793092250824,0.4957062005996704,0.43644752891775035,0.603116512298584,51.73572450876236,0.5109731554985046,1,True,False,True,58.15757003233928,False,0.17417091131210327,UNRANKED,,False,,,
2024-03-01,2024-03-04,2024-03-05,NOW,XLK,154.60000610351562,151.34800720214844,149.83114624023438,1,take_profit,SHORT,SHORT,0.4885804355144501,0.47815048694610596,0.4990103840827942,0.44225443738912407,0.6366021037101746,51.14195644855499,0.5109731554985046,1,True,False,True,58.15757003233928,False,0.3071400523185731,UNRANKED,,False,,,
2024-03-04,2024-03-05,2024-03-06,NOW,XLK,153.24600219726562,157.91200256347656,149.13799830845423,1,take_profit,SHORT,SHORT,0.4880557656288147,0.4771011471748352,0.4990103840827942,0.44154263598040244,0.6299879550933838,51.19442343711853,0.5109731554985046,1,True,False,True,58.15757003233928,False,0.3176514208316804,UNRANKED,,False,,,
2024-03-05,2024-03-06,2024-03-12,NOW,XLK,150.1020050048828,155.37600708007812,154.84858049665178,4,stop_loss,SHORT,SHORT,0.48806723952293396,0.47712409496307373,0.4990103840827942,0.4415581996559081,0.6013807058334351,51.193276047706604,0.5109731554985046,1,True,False,True,58.15757003233928,False,0.23731130361557012,UNRANKED,,False,,,
2024-03-06,2024-03-07,2024-03-12,NOW,XLK,149.69400024414062,155.8979949951172,153.9454345703125,3,take_profit,LONG,LONG,0.5024009644985199,0.5057915449142456,0.4990103840827942,0.46108099134907615,0.5436412692070007,50.24009644985199,0.5109731554985046,2,False,True,True,58.15757003233928,False,0.32445725798606856,UNRANKED,,False,,,
2024-03-07,2024-03-08,2024-03-15,NOW,XLK,153.82000732421875,148.78199768066406,149.1394304547991,5,take_profit,SHORT,SHORT,0.4958448112010956,0.492679238319397,0.4990103840827942,0.4521328935765747,0.5814842581748962,50.41551887989044,0.5109731554985046,2,False,True,True,58.15757003233928,False,0.46970012784004234,UNRANKED,,False,,,
2024-03-08,2024-03-11,2024-03-12,NOW,XLK,150.39999389648438,151.16000366210938,154.9491424560547,1,stop_loss,SHORT,SHORT,0.49302130937576294,0.4870322346687317,0.4990103840827942,0.4482884368736908,0.6331911087036133,50.697869062423706,0.5109731554985046,2,False,True,True,58.15757003233928,False,0.3541915416717528,UNRANKED,,False,,,
2024-03-11,2024-03-12,2024-03-19,NOW,XLK,152.86399841308594,151.38800048828125,151.38800048828125,5,time_exit,LONG,LONG,0.5086450576782227,0.5182797312736511,0.4990103840827942,0.46962664638429225,0.5851295590400696,50.864505767822266,0.5109731554985046,2,False,True,True,58.15757003233928,False,0.37451472878456116,UNRANKED,,False,,,
2024-03-12,2024-03-13,2024-03-15,NOW,XLK,159.01199340820312,153.51199340820312,153.98570469447546,2,take_profit,SHORT,SHORT,0.48965442180633545,0.4836026430130005,0.4957062005996704,0.44595656820740426,0.5473822355270386,51.034557819366455,0.5109731554985046,2,False,True,True,58.15757003233928,False,0.14894017577171334,UNRANKED,,False,,,
2024-03-13,2024-03-14,2024-03-15,NOW,XLK,157.62600708007812,154.63600158691406,152.84514726911272,1,take_profit,SHORT,SHORT,0.4893743246793747,0.483042448759079,0.4957062005996704,0.4455759006717427,0.5160501003265381,51.06256753206253,0.5109731554985046,2,False,True,True,58.15757003233928,False,0.22572991251945518,UNRANKED,,False,,,
2024-03-14,2024-03-15,2024-03-22,NOW,XLK,152.31199645996094,154.8300018310547,154.8300018310547,5,time_exit,SHORT,SHORT,0.4987017512321472,0.49839311838150024,0.4990103840827942,0.4560287002700418,0.6008235216140747,50.12982487678528,0.5109731554985046,2,False,True,True,58.15757003233928,False,0.12592750787734988,UNRANKED,,False,,,
2024-03-15,2024-03-18,2024-03-25,NOW,XLK,150.0,154.92799377441406,154.92799377441406,5,time_exit,LONG,LONG,0.5045801401138306,0.5101498961448669,0.4990103840827942,0.4640610682495659,0.5742998719215393,50.45801401138306,0.5109731554985046,2,False,True,True,58.15757003233928,False,0.2732469439506531,UNRANKED,,False,,,
2024-03-18,2024-03-19,2024-03-26,NOW,XLK,150.0,155.71400451660156,155.55542646135603,5,take_profit,LONG,LONG,0.5086107850074768,0.5182111859321594,0.4990103840827942,0.46957968758897944,0.5855132937431335,50.86107850074768,0.5109731554985046,2,False,True,True,58.15757003233928,False,0.29899165034294134,UNRANKED,,False,,,
2024-03-19,2024-03-20,2024-03-27,NOW,XLK,152.12399291992188,151.8000030517578,151.8000030517578,5,time_exit,LONG,LONG,0.5058349072933197,0.5126594305038452,0.4990103840827942,0.4657781725394543,0.5928901433944702,50.58349072933197,0.5109731554985046,2,False,True,True,58.15757003233928,False,0.14618122577667245,UNRANKED,,False,,,
2024-03-20,2024-03-21,2024-03-28,NOW,XLK,156.0,152.47999572753906,152.47999572753906,5,time_exit,LONG,LONG,0.5067088007926941,0.514407217502594,0.4990103840827942,0.46697454648207337,0.5911431908607483,50.67088007926941,0.5109731554985046,2,False,True,True,58.15757003233928,False,0.14654648303985604,UNRANKED,,False,,,
2024-03-21,2024-03-22,2024-04-01,NOW,XLK,154.947998046875,153.6739959716797,153.6739959716797,5,time_exit,LONG,LONG,0.5002637803554535,0.5015171766281128,0.4990103840827942,0.4581610370383171,0.5537338256835938,50.02637803554535,0.5109731554985046,2,False,True,True,58.15757003233928,False,0.3037989139556885,UNRANKED,,False,,,
2024-03-22,2024-03-25,2024-04-02,NOW,XLK,153.61000061035156,151.39999389648438,151.39999389648438,5,time_exit,SHORT,SHORT,0.49873556196689606,0.4984607398509979,0.4990103840827942,0.45607483876045396,0.5906966328620911,50.126443803310394,0.5109731554985046,2,False,True,True,58.15757003233928,False,0.24170631170272824,UNRANKED,,False,,,
2024-03-25,2024-03-26,2024-04-02,NOW,XLK,155.79800415039062,151.83200073242188,151.40686689104353,4,stop_loss,LONG,LONG,0.5220770537853241,0.545143723487854,0.4990103840827942,0.4880636284891171,0.5480585098266602,52.20770537853241,0.5109731554985046,1,True,True,False,58.15757003233928,False,0.23299151659011835,UNRANKED,,False,,,
2024-03-26,2024-03-27,2024-04-02,NOW,XLK,156.76600646972656,151.50999450683594,152.28858293805803,3,stop_loss,LONG,LONG,0.5105318129062653,0.5220532417297363,0.4990103840827942,0.4722125961166956,0.5160383582115173,51.053181290626526,0.5109731554985046,2,False,True,True,58.15757003233928,False,0.2869133055210113,UNRANKED,,False,,,
2024-03-27,2024-03-28,2024-04-05,NOW,XLK,151.92999267578125,156.6999969482422,156.19456045968192,5,take_profit,LONG,LONG,0.5091296136379242,0.5192488431930542,0.4990103840827942,0.4702906192488422,0.5457708835601807,50.91296136379242,0.5109731554985046,2,False,True,True,58.15757003233928,False,0.15938973426818842,UNRANKED,,False,,,
2024-03-28,2024-04-01,2024-04-08,NOW,XLK,152.79800415039062,157.1199951171875,156.8625706263951,5,take_profit,LONG,LONG,0.5002321004867554,0.5014538168907166,0.4990103840827942,0.45811777513235563,0.5226216316223145,50.02321004867554,0.5109731554985046,2,False,True,True,58.15757003233928,False,0.13833877444267284,UNRANKED,,False,,,
2024-04-01,2024-04-02,2024-04-05,NOW,XLK,151.01800537109375,156.44400024414062,155.22628784179688,3,take_profit,LONG,LONG,0.5096734166145325,0.5203364491462708,0.4990103840827942,0.47103590169930654,0.5290299654006958,50.96734166145325,0.5109731554985046,2,False,True,True,58.15757003233928,False,0.222093164920807,UNRANKED,,False,,,
2024-04-02,2024-04-03,2024-04-05,NOW,XLK,150.5,153.83799743652344,154.09542628696985,2,take_profit,LONG,LONG,0.5142803192138672,0.5295502543449402,0.4990103840827942,0.47735451726671124,0.5251004695892334,51.42803192138672,0.5109731554985046,1,True,True,False,58.15757003233928,False,0.3228406310081482,UNRANKED,,False,,,
2024-04-03,2024-04-04,2024-04-08,NOW,XLK,153.67999267578125,154.26800537109375,156.974849155971,2,take_profit,LONG,LONG,0.5137715041637421,0.5285326242446899,0.4990103840827942,0.4766562568298596,0.5201023817062378,51.37715041637421,0.5109731554985046,1,True,True,False,58.15757003233928,False,0.390240490436554,UNRANKED,,False,,,
2024-04-04,2024-04-05,2024-04-08,NOW,XLK,151.68600463867188,153.74200439453125,154.9522923060826,1,take_profit,LONG,LONG,0.5183037519454956,0.537597119808197,0.4990103840827942,0.48287887800343887,0.5467374920845032,51.83037519454956,0.5109731554985046,1,True,True,False,58.15757003233928,False,0.44989582896232605,UNRANKED,,False,,,
2024-04-05,2024-04-08,2024-04-15,NOW,XLK,156.66799926757812,147.16200256347656,153.6768537248884,5,take_profit,SHORT,SHORT,0.4907115250825882,0.4824126660823822,0.4990103840827942,0.4451480221190665,0.6007301807403564,50.92884749174118,0.5109731554985046,2,False,True,True,58.15757003233928,False,0.2787349224090575,UNRANKED,,False,,,
2024-04-08,2024-04-09,2024-04-10,NOW,XLK,158.6540069580078,148.95599365234375,155.9425768171038,1,take_profit,SHORT,SHORT,0.4908778667449951,0.48274534940719604,0.4990103840827942,0.44537403929873964,0.6169752478599548,50.91221332550049,0.5109731554985046,2,False,True,True,58.15757003233928,False,0.2034283876419067,UNRANKED,,False,,,
2024-04-09,2024-04-10,2024-04-15,NOW,XLK,153.8000030517578,147.2899932861328,151.02457318987166,3,stop_loss,LONG,LONG,0.5034536421298981,0.507896900177002,0.4990103840827942,0.4625202201720872,0.5190942287445068,50.34536421298981,0.5109731554985046,2,False,True,True,58.15757003233928,False,0.38763254880905157,UNRANKED,,False,,,
2024-04-10,2024-04-11,2024-04-15,NOW,XLK,154.0,146.27200317382812,151.1557115827288,2,take_profit,SHORT,SHORT,0.4995911717414856,0.500171959400177,0.4990103840827942,0.45724266183673,0.6010730862617493,50.04088282585144,0.5109731554985046,2,False,True,True,58.15757003233928,False,0.37398615479469305,UNRANKED,,False,,,
2024-04-11,2024-04-12,2024-04-15,NOW,XLK,152.44000244140625,142.78199768066406,149.69485691615515,1,stop_loss,LONG,LONG,0.5238032639026642,0.5485961437225342,0.4990103840827942,0.4904364720762308,0.5447580218315125,52.38032639026642,0.5109731554985046,1,True,True,False,58.15757003233928,False,0.4900415241718292,UNRANKED,,False,,,
2024-04-12,2024-04-15,2024-04-16,NOW,XLK,153.8000030517578,144.38999938964844,151.00742885044642,1,stop_loss,LONG,LONG,0.5343576371669769,0.5654724836349487,0.5032427906990051,0.5020397649481176,0.5443169474601746,53.43576371669769,0.5109731554985046,1,True,True,False,58.15757003233928,False,0.6876911520957947,UNRANKED,,False,,,
2024-04-15,2024-04-16,2024-04-19,NOW,XLK,147.60000610351562,148.19000244140625,143.88143048967635,3,stop_loss,LONG,LONG,0.5539112091064453,0.5778483748435974,0.5299740433692932,0.5105480933737079,0.5333167910575867,55.39112091064453,0.5109731554985046,1,True,True,False,58.15757003233928,False,0.8599071502685548,UNRANKED,,False,,,
2024-04-16,2024-04-17,2024-04-19,NOW,XLK,149.3560028076172,149.25799560546875,145.4934300013951,2,stop_loss,LONG,LONG,0.5449182987213135,0.5695964694023132,0.5202401280403137,0.5048753475155747,0.5072630643844604,54.49182987213135,0.5109731554985046,1,True,True,False,58.15757003233928,False,0.838071346282959,UNRANKED,,False,,,
2024-04-17,2024-04-18,2024-04-19,NOW,XLK,147.3800048828125,143.25,143.8385750906808,1,stop_loss,LONG,LONG,0.5295450091362,0.535595178604126,0.5234948396682739,0.48150405487355896,0.4968687891960144,52.954500913619995,0.5109731554985046,1,True,True,False,58.15757003233928,False,0.8479697406291962,UNRANKED,,False,,,
2024-04-18,2024-04-19,2024-04-24,NOW,XLK,145.0,144.7100067138672,148.58971514020647,3,take_profit,LONG,LONG,0.5161149352788925,0.5336341261863708,0.4985957443714142,0.4801575832619507,0.5374009013175964,51.61149352788925,0.5109731554985046,1,True,True,False,58.15757003233928,False,0.7284177839756012,UNRANKED,,False,,,
2024-04-19,2024-04-22,2024-04-24,NOW,XLK,144.64999389648438,144.23199462890625,148.56770978655135,2,stop_loss,SHORT,SHORT,0.4496181607246399,0.46460115909576416,0.4346351623535156,0.4330827469888381,0.6308844089508057,55.03818392753601,0.5109731554985046,1,True,False,True,58.15757003233928,False,0.5100196599960327,UNRANKED,,False,,,
2024-04-22,2024-04-23,2024-04-30,NOW,XLK,145.44000244140625,138.66600036621094,141.61742946079798,5,take_profit,SHORT,SHORT,0.45358526706695557,0.42108356952667236,0.48608696460723877,0.4039632519358347,0.6035432815551758,54.64147329330444,0.5109731554985046,1,True,False,True,58.15757003233928,False,0.560395896434784,UNRANKED,,False,,,
2024-04-23,2024-04-24,2024-04-25,NOW,XLK,150.79400634765625,137.1219940185547,146.49029105050224,1,take_profit,SHORT,SHORT,0.4821126013994217,0.48236632347106934,0.48185887932777405,0.4451165398435879,0.6210715174674988,51.78873986005783,0.5109731554985046,1,True,False,True,58.15757003233928,False,0.1967365443706513,UNRANKED,,False,,,
2024-04-24,2024-04-25,2024-05-01,NOW,XLK,142.97799682617188,139.1439971923828,138.56771196637834,4,take_profit,SHORT,SHORT,0.48928704857826233,0.4967152178287506,0.48185887932777405,0.4548841034082412,0.6103695034980774,51.07129514217377,0.5109731554985046,2,False,True,True,58.15757003233928,False,0.31466040015220637,UNRANKED,,False,,,
2024-04-25,2024-04-26,2024-04-30,NOW,XLK,144.7519989013672,143.3300018310547,140.224857875279,2,stop_loss,LONG,LONG,0.5086558759212494,0.5139143466949463,0.5033974051475525,0.466637133485156,0.5664505362510681,50.86558759212494,0.5109731554985046,2,False,True,True,58.15757003233928,False,0.3500914871692658,UNRANKED,,False,,,
2024-04-26,2024-04-29,2024-04-30,NOW,XLK,144.65199279785156,145.31199645996094,139.97627912248885,1,stop_loss,LONG,LONG,0.5022656619548798,0.5022599697113037,0.5022713541984558,0.45866826159617025,0.5691528916358948,50.226566195487976,0.5109731554985046,2,False,True,True,58.15757003233928,False,0.6399900913238524,UNRANKED,,False,,,
2024-04-29,2024-04-30,2024-05-01,NOW,XLK,143.3300018310547,142.66600036621094,138.6825714111328,1,stop_loss,LONG,LONG,0.5019210278987885,0.5015707015991211,0.5022713541984558,0.4581975842764494,0.5333974361419678,50.192102789878845,0.5109731554985046,2,False,True,True,58.15757003233928,False,0.313851535320282,UNRANKED,,False,,,
2024-04-30,2024-05-01,2024-05-06,NOW,XLK,138.74200439453125,144.20599365234375,143.81229073660714,3,take_profit,LONG,LONG,0.5075191557407379,0.51276695728302,0.5022713541984558,0.46585176424266644,0.6105472445487976,50.75191557407379,0.5109731554985046,2,False,True,True,58.15757003233928,False,0.35661119222640997,UNRANKED,,False,,,
2024-05-01,2024-05-02,2024-05-06,NOW,XLK,138.60000610351562,144.58799743652344,143.82943507603235,2,take_profit,LONG,LONG,0.520155519247055,0.5380396842956543,0.5022713541984558,0.4831828426740591,0.601723849773407,52.015551924705505,0.5109731554985046,1,True,True,False,58.15757003233928,False,0.3188579678535461,UNRANKED,,False,,,
2024-05-02,2024-05-03,2024-05-10,NOW,XLK,141.99600219726562,145.95799255371094,145.95799255371094,5,time_exit,LONG,LONG,0.5047101378440857,0.5071489214897156,0.5022713541984558,0.46200882632062107,0.5956474542617798,50.47101378440857,0.5109731554985046,2,False,True,True,58.15757003233928,False,0.29161995649337763,UNRANKED,,False,,,
2024-05-03,2024-05-06,2024-05-13,NOW,XLK,143.9980010986328,146.0240020751953,146.0240020751953,5,time_exit,SHORT,SHORT,0.49959608912467957,0.5001817941665649,0.4990103840827942,0.4572493749513478,0.5998612642288208,50.04039108753204,0.5109731554985046,2,False,True,True,58.15757003233928,False,0.28545624017715443,UNRANKED,,False,,,
2024-05-06,2024-05-07,2024-05-14,NOW,XLK,146.0,144.32400512695312,144.32400512695312,5,time_exit,LONG,LONG,0.5194771587848663,0.5399439334869385,0.4990103840827942,0.48449086914428263,0.5701519250869751,51.94771587848663,0.5109731554985046,1,True,True,False,58.15757003233928,False,0.09770715236663806,UNRANKED,,False,,,
2024-05-07,2024-05-08,2024-05-15,NOW,XLK,143.27000427246094,152.11399841308594,148.53800528390067,5,take_profit,LONG,LONG,0.5160288512706757,0.5330473184585571,0.4990103840827942,0.4797547323133326,0.5517472624778748,51.602885127067566,0.5109731554985046,1,True,True,False,58.15757003233928,False,0.20548018813133245,UNRANKED,,False,,,
2024-05-08,2024-05-09,2024-05-15,NOW,XLK,144.11599731445312,151.6020050048828,149.4585702078683,4,take_profit,LONG,LONG,0.5099505484104156,0.5208907127380371,0.4990103840827942,0.4714157609563066,0.5178635120391846,50.995054841041565,0.5109731554985046,2,False,True,True,58.15757003233928,False,0.2560306191444396,UNRANKED,,False,,,
2024-05-09,2024-05-10,2024-05-15,NOW,XLK,145.0,153.00999450683594,149.89857264927454,3,take_profit,LONG,LONG,0.5319147109985352,0.5648190379142761,0.4990103840827942,0.5015904500305317,0.407920777797699,53.191471099853516,0.5109731554985046,1,True,True,False,58.15757003233928,False,0.23799160122871393,UNRANKED,,False,,,
2024-05-10,2024-05-13,2024-05-15,NOW,XLK,146.57000732421875,154.83599853515625,151.43457903180803,2,take_profit,LONG,LONG,0.5142875611782074,0.5295647382736206,0.4990103840827942,0.4773644562525244,0.44890058040618896,51.42875611782074,0.5109731554985046,1,True,True,False,58.15757003233928,False,0.23776814341545105,UNRANKED,,False,,,
2024-05-13,2024-05-14,2024-05-15,NOW,XLK,146.0,155.41000366210938,150.33114406040735,1,take_profit,LONG,LONG,0.5132640600204468,0.5275177359580994,0.4990103840827942,0.47595996859430795,0.5582200288772583,51.32640600204468,0.5109731554985046,1,True,True,False,58.15757003233928,False,0.17278227210044847,UNRANKED,,False,,,
2024-05-14,2024-05-15,2024-05-16,NOW,XLK,146.0,154.16600036621094,150.42143031529017,1,take_profit,LONG,LONG,0.5142090320587158,0.5294076800346375,0.4990103840827942,0.47725668261158266,0.5518922805786133,51.42090320587158,0.5109731554985046,1,True,True,False,58.15757003233928,False,0.16267773509025582,UNRANKED,,False,,,
2024-05-15,2024-05-16,2024-05-23,NOW,XLK,152.69000244140625,151.6300048828125,151.6300048828125,5,time_exit,LONG,LONG,0.5049442946910858,0.5141823887825012,0.4957062005996704,0.46682062787450285,0.5244228839874268,50.49442946910858,0.5109731554985046,2,False,True,True,58.15757003233928,False,0.08428275585174562,UNRANKED,,False,,,
2024-05-16,2024-05-17,2024-05-24,NOW,XLK,153.0,147.70199584960938,148.45942905970983,5,stop_loss,LONG,LONG,0.5074072182178497,0.519108235836029,0.4957062005996704,0.4701942775959048,0.5428784489631653,50.74072182178497,0.5109731554985046,2,False,True,True,58.15757003233928,False,0.1390097141265867,UNRANKED,,False,,,
2024-05-17,2024-05-20,2024-05-24,NOW,XLK,152.70599365234375,145.77200317382812,148.0325687953404,4,stop_loss,LONG,LONG,0.5135419964790344,0.5313777923583984,0.4957062005996704,0.47860872722393033,0.5483879446983337,51.35419964790344,0.5109731554985046,1,True,True,False,58.15757003233928,False,0.1466975808143616,UNRANKED,,False,,,
2024-05-20,2024-05-21,2024-05-24,NOW,XLK,155.0,146.2239990234375,150.86085946219308,3,stop_loss,LONG,LONG,0.5062008798122406,0.513391375541687,0.4990103840827942,0.46627914755881583,0.5252981185913086,50.62008798122406,0.5109731554985046,2,False,True,True,58.15757003233928,False,0.2570369243621825,UNRANKED,,False,,,
2024-05-21,2024-05-22,2024-05-23,NOW,XLK,156.0,128.6580047607422,151.99943106515067,1,stop_loss,LONG,LONG,0.5015037953853607,0.5039972066879272,0.4990103840827942,0.45985488595671964,0.5268924236297607,50.15037953853607,0.5109731554985046,2,False,True,True,58.15757003233928,False,0.3928630053997041,UNRANKED,,False,,,
2024-05-22,2024-05-23,2024-05-24,NOW,XLK,156.33599853515625,131.38600158691406,152.44657244001115,1,stop_loss,LONG,LONG,0.5028611421585083,0.5067119002342224,0.4990103840827942,0.4617100713341931,0.5302064418792725,50.28611421585083,0.5109731554985046,2,False,True,True,58.15757003233928,False,0.20920178294181824,UNRANKED,,False,,,
2024-05-23,2024-05-24,2024-05-28,NOW,XLK,149.8719940185547,132.02200317382812,146.2182835170201,1,stop_loss,LONG,LONG,0.5038484036922455,0.5086864233016968,0.4990103840827942,0.46306010354238836,0.5238696336746216,50.38484036922455,0.5109731554985046,2,False,True,True,58.15757003233928,False,0.5631616711616516,UNRANKED,,False,,,
2024-05-24,2024-05-28,2024-05-30,NOW,XLK,147.7760009765625,134.39999389648438,143.8442884172712,2,stop_loss,LONG,LONG,0.5056269764900208,0.5122435688972473,0.4990103840827942,0.4654935694534064,0.4458307921886444,50.562697649002075,0.5109731554985046,2,False,True,True,58.15757003233928,False,0.24749860167503357,UNRANKED,,False,,,
2024-05-28,2024-05-29,2024-05-30,NOW,XLK,144.39999389648438,140.82200622558594,140.57056753976005,1,stop_loss,LONG,LONG,0.5137322545051575,0.5284541249275208,0.4990103840827942,0.47660239723448444,0.47443297505378723,51.37322545051575,0.5109731554985046,1,True,True,False,58.15757003233928,False,0.46912428736686723,UNRANKED,,False,,,
2024-05-29,2024-05-30,2024-05-31,NOW,XLK,138.197998046875,140.6320037841797,134.5239998953683,1,stop_loss,LONG,LONG,0.5151913464069366,0.5313723087310791,0.4990103840827942,0.47860496348729986,0.49949130415916443,51.519134640693665,0.5109731554985046,1,True,True,False,58.15757003233928,False,0.5876076519489288,UNRANKED,,False,,,
2024-05-30,2024-05-31,2024-06-05,NOW,XLK,130.35800170898438,139.76199340820312,136.48685564313615,3,take_profit,LONG,LONG,0.5495353639125824,0.6000603437423706,0.4990103840827942,0.5258000675904151,0.49262940883636475,54.95353639125824,0.5109731554985046,1,True,True,False,58.15757003233928,False,0.5016461312770842,UNRANKED,,False,,,
2024-05-31,2024-06-03,2024-06-05,NOW,XLK,131.9600067138672,141.8300018310547,138.2828608921596,2,take_profit,LONG,LONG,0.518812745809555,0.5386151075363159,0.4990103840827942,0.48357807672922387,0.5338525176048279,51.881274580955505,0.5109731554985046,1,True,True,False,58.15757003233928,False,0.5984410047531128,UNRANKED,,False,,,
2024-06-03,2024-06-04,2024-06-05,NOW,XLK,131.72000122070312,142.4080047607422,138.12428283691406,1,stop_loss,SHORT,SHORT,0.4928142726421356,0.48661816120147705,0.4990103840827942,0.44800677473931644,0.5899555683135986,50.71857273578644,0.5109731554985046,2,False,True,True,58.15757003233928,False,0.5258418619632722,UNRANKED,,False,,,
2024-06-04,2024-06-05,2024-06-12,NOW,XLK,136.69000244140625,144.3000030517578,143.1911403111049,5,take_profit,LONG,LONG,0.5209605395793915,0.5429106950759888,0.4990103840827942,0.48652915093618887,0.5722835659980774,52.09605395793915,0.5109731554985046,1,True,True,False,58.15757003233928,False,0.2865943908691406,UNRANKED,,False,,,
2024-06-05,2024-06-06,2024-06-13,NOW,XLK,141.24600219726562,141.95199584960938,141.95199584960938,5,time_exit,LONG,LONG,0.5214760303497314,0.5439416766166687,0.4990103840827942,0.4872375841451341,0.5666776299476624,52.147603034973145,0.5109731554985046,1,True,True,False,58.15757003233928,False,0.37149921059608465,UNRANKED,,False,,,
2024-06-06,2024-06-07,2024-06-14,NOW,XLK,140.1020050048828,145.71600341796875,145.71600341796875,5,time_exit,LONG,LONG,0.5056776404380798,0.5123448967933655,0.4990103840827942,0.46556291313300807,0.4944019615650177,50.56776404380798,0.5109731554985046,2,False,True,True,58.15757003233928,False,0.3756368458271027,UNRANKED,,False,,,
2024-06-07,2024-06-10,2024-06-14,NOW,XLK,139.46400451660156,145.10000610351562,145.64686366489954,4,take_profit,LONG,LONG,0.5178917348384857,0.540077269077301,0.4957062005996704,0.4845824653693595,0.5068981051445007,51.78917348384857,0.5109731554985046,1,True,True,False,58.15757003233928,False,0.41246479749679565,UNRANKED,,False,,,
2024-06-10,2024-06-11,2024-06-18,NOW,XLK,142.3459930419922,146.03399658203125,146.03399658203125,5,time_exit,LONG,LONG,0.5189446806907654,0.5421831607818604,0.4957062005996704,0.48602926221168447,0.5008216500282288,51.89446806907654,0.5109731554985046,1,True,True,False,58.15757003233928,False,0.380885660648346,UNRANKED,,False,,,
2024-06-11,2024-06-12,2024-06-20,NOW,XLK,144.45199584960938,146.86199951171875,146.86199951171875,5,time_exit,LONG,LONG,0.5245730578899384,0.5534399151802063,0.4957062005996704,0.49376629175746023,0.538063645362854,52.457305788993835,0.5109731554985046,1,True,True,False,58.15757003233928,False,0.3825643658638001,UNRANKED,,False,,,
2024-06-12,2024-06-13,2024-06-21,NOW,XLK,144.39999389648438,149.86599731445312,149.86599731445312,5,time_exit,LONG,LONG,0.5236464440822601,0.5515866875648499,0.4957062005996704,0.4924922208907027,0.5069001913070679,52.36464440822601,0.5109731554985046,1,True,True,False,58.15757003233928,False,0.35428223013877863,UNRANKED,,False,,,
2024-06-13,2024-06-14,2024-06-21,NOW,XLK,143.1199951171875,147.91799926757812,149.4037126813616,4,take_profit,LONG,LONG,0.5304941236972809,0.5652820467948914,0.4957062005996704,0.5019088192410808,0.5009850859642029,53.04941236972809,0.5109731554985046,1,True,True,False,58.15757003233928,False,0.28401434421539307,UNRANKED,,False,,,
2024-06-14,2024-06-17,2024-06-25,NOW,XLK,144.6840057373047,150.96200561523438,150.94429452078683,5,take_profit,LONG,LONG,0.5469739437103271,0.5982416868209839,0.4957062005996704,0.5245526981071228,0.5007534027099609,54.697394371032715,0.5109731554985046,1,True,True,False,58.15757003233928,False,0.10203337669372567,UNRANKED,,False,,,
2024-06-17,2024-06-18,2024-06-25,NOW,XLK,144.57200622558594,150.78199768066406,150.6445813860212,4,take_profit,LONG,LONG,0.5464157462120056,0.593821108341217,0.4990103840827942,0.5215194914694434,0.5180627107620239,54.64157462120056,0.5109731554985046,1,True,True,False,58.15757003233928,False,0.25923690199852,UNRANKED,,False,,,
2024-06-18,2024-06-20,2024-06-27,NOW,XLK,148.39999389648438,154.8260040283203,154.54142543247767,5,take_profit,LONG,LONG,0.5477257966995239,0.5964412093162537,0.4990103840827942,0.5233174955090576,0.5031751990318298,54.77257966995239,0.5109731554985046,1,True,True,False,58.15757003233928,False,0.22264954447746288,UNRANKED,,False,,,
2024-06-20,2024-06-21,2024-06-27,NOW,XLK,147.98800659179688,157.33399963378906,151.73829650878906,4,take_profit,LONG,LONG,0.530272364616394,0.5615343451499939,0.4990103840827942,0.4993318427796479,0.4592837989330292,53.027236461639404,0.5109731554985046,1,True,True,False,58.15757003233928,False,0.07026594877243032,UNRANKED,,False,,,
2024-06-21,2024-06-24,2024-06-27,NOW,XLK,148.39999389648438,157.79200744628906,152.18971252441406,3,take_profit,LONG,LONG,0.538578987121582,0.5781475901603699,0.4990103840827942,0.5107537457695609,0.48536431789398193,53.8578987121582,0.5109731554985046,1,True,True,False,58.15757003233928,False,0.07245802879333497,UNRANKED,,False,,,
2024-06-24,2024-06-25,2024-06-27,NOW,XLK,149.0,158.82200622558594,152.9771466936384,2,take_profit,LONG,LONG,0.524024248123169,0.5490381121635437,0.4990103840827942,0.49074026972886636,0.48275667428970337,52.402424812316895,0.5109731554985046,1,True,True,False,58.15757003233928,False,0.3121814429759979,UNRANKED,,False,,,
2024-06-25,2024-06-26,2024-06-28,NOW,XLK,150.8000030517578,157.1840057373047,154.87229483468192,2,stop_loss,SHORT,SHORT,0.4850284159183502,0.47104644775390625,0.4990103840827942,0.4374403143248135,0.5692887306213379,51.49715840816498,0.5109731554985046,1,True,False,True,58.15757003233928,False,0.41030985116958607,UNRANKED,,False,,,
2024-06-26,2024-06-27,2024-06-28,NOW,XLK,151.64199829101562,161.29400634765625,154.82257516043526,1,take_profit,LONG,LONG,0.5152155458927155,0.5314207077026367,0.4990103840827942,0.4786381826379247,0.5086143016815186,51.521554589271545,0.5109731554985046,1,True,True,False,58.15757003233928,False,0.20726951956748976,UNRANKED,,False,,,
2024-06-27,2024-06-28,2024-07-02,NOW,XLK,155.08599853515625,153.24000549316406,158.81714739118303,2,stop_loss,SHORT,SHORT,0.4975646287202835,0.4961188733577728,0.4990103840827942,0.4544774151502881,0.5281143188476562,50.24353712797165,0.5109731554985046,2,False,True,True,58.15757003233928,False,0.15570569038391113,UNRANKED,,False,,,
2024-06-28,2024-07-01,2024-07-05,NOW,XLK,156.8000030517578,148.802001953125,160.76514979771204,3,take_profit,LONG,LONG,0.5080807209014893,0.5171510577201843,0.4990103840827942,0.46885348786970227,0.4983610212802887,50.808072090148926,0.5109731554985046,2,False,True,True,58.15757003233928,False,0.18703100085258484,UNRANKED,,False,,,
2024-07-01,2024-07-02,2024-07-05,NOW,XLK,156.99600219726562,148.6300048828125,160.73114885602678,2,stop_loss,SHORT,SHORT,0.4980887174606323,0.49716705083847046,0.4990103840827942,0.45519227948459084,0.59394371509552,50.19112825393677,0.5109731554985046,2,False,True,True,58.15757003233928,False,0.5668407976627351,UNRANKED,,False,,,
2024-07-02,2024-07-03,2024-07-08,NOW,XLK,158.73399353027344,149.8280029296875,154.9342760358538,2,take_profit,SHORT,SHORT,0.49509505927562714,0.4911797344684601,0.4990103840827942,0.45111146116683853,0.5859644412994385,50.490494072437286,0.5109731554985046,2,False,True,True,58.15757003233928,False,0.26792937517166143,UNRANKED,,False,,,
2024-07-03,2024-07-05,2024-07-08,NOW,XLK,157.6840057373047,151.697998046875,153.92057364327567,1,take_profit,SHORT,SHORT,0.4975840747356415,0.49615776538848877,0.4990103840827942,0.45450393645220044,0.6155062317848206,50.24159252643585,0.5109731554985046,2,False,True,True,58.15757003233928,False,0.27206477522850037,UNRANKED,,False,,,
2024-07-05,2024-07-08,2024-07-10,NOW,XLK,152.6999969482422,153.57000732421875,148.68485151018416,2,stop_loss,LONG,LONG,0.50226891040802,0.5088316202163696,0.4957062005996704,0.4631594000312136,0.5481916666030884,50.226891040802,0.5109731554985046,2,False,True,True,58.15757003233928,False,0.36036318540573115,UNRANKED,,False,,,
2024-07-08,2024-07-09,2024-07-16,NOW,XLK,150.19200134277344,152.1580047607422,152.1580047607422,5,time_exit,SHORT,SHORT,0.4887685924768448,0.48183098435401917,0.4957062005996704,0.4447528958820325,0.5152525901794434,51.12314075231552,0.5109731554985046,1,True,False,True,58.15757003233928,False,0.286416858434677,UNRANKED,,False,,,
2024-07-09,2024-07-10,2024-07-15,NOW,XLK,148.11199951171875,147.21400451660156,153.28600202287947,3,take_profit,LONG,LONG,0.5158454775810242,0.5359847545623779,0.4957062005996704,0.4817715729234421,0.5178543925285339,51.58454775810242,0.5109731554985046,1,True,True,False,58.15757003233928,False,0.2711116969585419,UNRANKED,,False,,,
2024-07-10,2024-07-11,2024-07-18,NOW,XLK,149.1999969482422,147.75399780273438,147.75399780273438,5,time_exit,LONG,LONG,0.5337485373020172,0.5684866905212402,0.4990103840827942,0.5041123056603528,0.46734222769737244,53.37485373020172,0.5109731554985046,1,True,True,False,58.15757003233928,False,0.258641004562378,UNRANKED,,False,,,
2024-07-11,2024-07-12,2024-07-19,NOW,XLK,149.8000030517578,150.24000549316406,150.24000549316406,5,time_exit,LONG,LONG,0.5506307184696198,0.6022510528564453,0.4990103840827942,0.5273021891548181,0.45499199628829956,55.063071846961975,0.5109731554985046,1,True,True,False,58.15757003233928,False,0.37682998180389415,UNRANKED,,False,,,
2024-07-12,2024-07-15,2024-07-17,NOW,XLK,153.38999938964844,151.3000030517578,148.43399701799666,2,stop_loss,LONG,LONG,0.5284516215324402,0.5578928589820862,0.4990103840827942,0.4968279344530439,0.4751671254634857,52.84516215324402,0.5109731554985046,1,True,True,False,58.15757003233928,False,0.4064880907535551,UNRANKED,,False,,,
2024-07-15,2024-07-16,2024-07-17,NOW,XLK,153.57000732421875,153.10400390625,148.62486049107142,1,take_profit,SHORT,SHORT,0.4855082482099533,0.4720061123371124,0.4990103840827942,0.438089973251226,0.5452814102172852,51.44917517900467,0.5109731554985046,1,True,False,True,58.15757003233928,False,0.4062859714031219,UNRANKED,,False,,,
2024-07-16,2024-07-17,2024-07-23,NOW,XLK,148.0,146.1739959716797,152.71200343540735,4,stop_loss,SHORT,SHORT,0.469683513045311,0.44035664200782776,0.4990103840827942,0.416789136080227,0.512890636920929,53.0316486954689,0.5109731554985046,1,True,False,True,58.15757003233928,False,0.21643176674842837,UNRANKED,,False,,,
2024-07-17,2024-07-18,2024-07-23,NOW,XLK,147.66799926757812,165.75799560546875,153.0605730329241,3,stop_loss,SHORT,SHORT,0.4670441597700119,0.4350779354572296,0.4990103840827942,0.4132642540205787,0.5411830544471741,53.29558402299881,0.5109731554985046,1,True,False,True,58.15757003233928,False,0.3201237320899964,UNRANKED,,False,,,
2024-07-18,2024-07-19,2024-07-25,NOW,XLK,148.93800354003906,165.52200317382812,153.8300040108817,4,stop_loss,SHORT,SHORT,0.48040780425071716,0.46180522441864014,0.4990103840827942,0.4311956289326452,0.6029441356658936,51.959219574928284,0.5109731554985046,1,True,False,True,58.15757003233928,False,0.2273387014865874,UNRANKED,,False,,,
2024-07-19,2024-07-22,2024-07-25,NOW,XLK,150.96200561523438,159.81199645996094,155.85086495535714,3,stop_loss,SHORT,SHORT,0.46531179547309875,0.4316132068634033,0.4990103840827942,0.4109554633054051,0.6089054346084595,53.468820452690125,0.5109731554985046,1,True,False,True,58.15757003233928,False,0.26915523409843445,UNRANKED,,False,,,
2024-07-22,2024-07-23,2024-07-24,NOW,XLK,152.69400024414062,159.75999450683594,147.7191423688616,1,take_profit,SHORT,SHORT,0.45400679111480713,0.40900319814682007,0.4990103840827942,0.39598920479853444,0.5998143553733826,54.59932088851929,0.5109731554985046,1,True,False,True,58.15757003233928,False,0.18882596492767328,UNRANKED,,False,,,
2024-07-23,2024-07-24,2024-07-25,NOW,XLK,151.0,162.8780059814453,156.08542960030692,1,stop_loss,SHORT,SHORT,0.44160473346710205,0.3841990828514099,0.4990103840827942,0.37979271892762784,0.5946999788284302,55.839526653289795,0.5109731554985046,1,True,False,True,58.15757003233928,False,0.15462216734886178,UNRANKED,,False,,,
2024-07-24,2024-07-25,2024-07-26,NOW,XLK,157.86599731445312,162.2760009765625,163.70742797851562,1,stop_loss,SHORT,SHORT,0.47296419739723206,0.4469180107116699,0.4990103840827942,0.4211823703733387,0.7117793560028076,52.703580260276794,0.5109731554985046,1,True,False,True,58.15757003233928,False,0.43047182261943817,UNRANKED,,False,,,
2024-07-25,2024-07-26,2024-08-02,NOW,XLK,165.1699981689453,158.1280059814453,158.1280059814453,5,time_exit,SHORT,SHORT,0.4780409038066864,0.4570714235305786,0.4990103840827942,0.4280051248197697,0.6046099066734314,52.19590961933136,0.5109731554985046,1,True,False,True,58.15757003233928,False,0.32404950261116017,UNRANKED,,False,,,
2024-07-26,2024-07-29,2024-08-02,NOW,XLK,165.8000030517578,156.25399780273438,158.86485944475447,4,take_profit,SHORT,SHORT,0.48131415247917175,0.4636179208755493,0.4990103840827942,0.4324188854305151,0.6071070432662964,51.868584752082825,0.5109731554985046,1,True,False,True,58.15757003233928,False,0.3010316789150239,UNRANKED,,False,,,
2024-07-29,2024-07-30,2024-08-06,NOW,XLK,161.1479949951172,158.58999633789062,158.58999633789062,5,time_exit,SHORT,SHORT,0.49270276725292206,0.4863951504230499,0.4990103840827942,0.4478550915742341,0.6533634066581726,50.729723274707794,0.5109731554985046,2,False,True,True,58.15757003233928,False,0.4860080778598784,UNRANKED,,False,,,
2024-07-30,2024-07-31,2024-08-07,NOW,XLK,163.23199462890625,155.25599670410156,156.1322784423828,5,take_profit,SHORT,SHORT,0.4840778261423111,0.469145268201828,0.4990103840827942,0.4361539186498829,0.6758555173873901,51.59221738576889,0.5109731554985046,1,True,False,True,58.15757003233928,False,0.551550030708313,UNRANKED,,False,,,
2024-07-31,2024-08-01,2024-08-05,NOW,XLK,163.77200317382812,159.22799682617188,156.3979993547712,2,stop_loss,LONG,LONG,0.5089528560638428,0.5188953280448914,0.4990103840827942,0.4700484012052351,0.6260542273521423,50.89528560638428,0.5109731554985046,2,False,True,True,58.15757003233928,False,0.5116056948900223,UNRANKED,,False,,,
2024-08-01,2024-08-02,2024-08-09,NOW,XLK,158.1719970703125,162.21600341796875,162.21600341796875,5,time_exit,LONG,LONG,0.5230781435966492,0.5471459031105042,0.4990103840827942,0.4894396650764792,0.5783589482307434,52.30781435966492,0.5109731554985046,1,True,True,False,58.15757003233928,False,0.5042780935764312,UNRANKED,,False,,,
2024-08-02,2024-08-05,2024-08-08,NOW,XLK,151.4080047607422,161.32400512695312,158.92600795200892,3,take_profit,LONG,LONG,0.5336698889732361,0.568329393863678,0.4990103840827942,0.5040041528139512,0.5579454302787781,53.36698889732361,0.5109731554985046,1,True,True,False,58.15757003233928,False,0.8004392087459564,UNRANKED,,False,,,
2024-08-05,2024-08-06,2024-08-13,NOW,XLK,157.39999389648438,163.75999450683594,163.75999450683594,5,time_exit,LONG,LONG,0.5389190018177032,0.5478639602661133,0.5299740433692932,0.48993320379479127,0.5799676775932312,53.891900181770325,0.5109731554985046,1,True,True,False,58.15757003233928,False,1.2317756563425064,UNRANKED,,False,,,
2024-08-06,2024-08-07,2024-08-14,NOW,XLK,161.1280059814453,163.8040008544922,163.8040008544922,5,time_exit,LONG,LONG,0.5130607187747955,0.5228786468505859,0.5032427906990051,0.47277844182030854,0.5777656435966492,51.30607187747955,0.5109731554985046,1,True,True,False,58.15757003233928,False,0.7156924903392793,UNRANKED,,False,,,
2024-08-07,2024-08-08,2024-08-15,NOW,XLK,158.39999389648438,166.4219970703125,166.0105699811663,5,stop_loss,SHORT,SHORT,0.492001935839653,0.5324332118034363,0.45157065987586975,0.47933316850517366,0.6338809728622437,50.7998064160347,0.5109731554985046,2,False,True,True,58.15757003233928,False,0.8508432656526566,UNRANKED,,False,,,
2024-08-08,2024-08-09,2024-08-16,NOW,XLK,159.22799682617188,165.51199340820312,165.51199340820312,5,time_exit,LONG,LONG,0.5147799551486969,0.5305495262145996,0.4990103840827942,0.478040267116606,0.5946177244186401,51.47799551486969,0.5109731554985046,1,True,True,False,58.15757003233928,False,0.6307425200939178,UNRANKED,,False,,,
2024-08-09,2024-08-12,2024-08-19,NOW,XLK,162.21600341796875,166.5760040283203,166.5760040283203,5,time_exit,SHORT,SHORT,0.49360980093479156,0.48820921778678894,0.4990103840827942,0.44908922799529566,0.6736834049224854,50.63901990652084,0.5109731554985046,2,False,True,True,58.15757003233928,False,0.4233424663543699,UNRANKED,,False,,,
2024-08-12,2024-08-13,2024-08-20,NOW,XLK,162.39999389648438,167.6439971923828,167.6439971923828,5,time_exit,SHORT,SHORT,0.49658504128456116,0.4941596984863281,0.4990103840827942,0.4531417495701383,0.6408202052116394,50.341495871543884,0.5109731554985046,2,False,True,True,58.15757003233928,False,0.48786935210227966,UNRANKED,,False,,,
2024-08-13,2024-08-14,2024-08-21,NOW,XLK,164.39999389648438,167.83599853515625,167.83599853515625,5,time_exit,LONG,LONG,0.5103709101676941,0.49849939346313477,0.5222424268722534,0.44266851980542044,0.4375409185886383,51.03709101676941,0.5032750368118286,1,True,True,False,52.0,True,0.3877469003200533,UNRANKED,,False,,,
2024-08-14,2024-08-15,2024-08-22,NOW,XLK,165.0,164.18600463867188,164.18600463867188,5,time_exit,LONG,LONG,0.5146354734897614,0.5053914189338684,0.5238795280456543,0.4982078853046595,0.30238795280456543,51.463547348976135,0.5032750368118286,1,True,True,False,52.0,True,0.4818272590637206,UNRANKED,,False,,,
2024-08-15,2024-08-16,2024-08-23,NOW,XLK,165.85000610351562,165.6540069580078,165.6540069580078,5,time_exit,LONG,LONG,0.5123105645179749,0.5007416009902954,0.5238795280456543,0.46467929913581224,0.42679527401924133,51.231056451797485,0.5032750368118286,1,True,True,False,52.0,True,0.2119975984096526,UNRANKED,,False,,,
2024-08-16,2024-08-19,2024-08-26,NOW,XLK,165.1840057373047,165.57200622558594,165.57200622558594,5,time_exit,LONG,LONG,0.5114920139312744,0.5007416009902954,0.5222424268722534,0.46467929913581224,0.42990344762802124,51.14920139312744,0.5032750368118286,1,True,True,False,52.0,True,0.0627019405364991,UNRANKED,,False,,,
2024-08-19,2024-08-20,2024-08-27,NOW,XLK,167.0,166.34800720214844,166.34800720214844,5,time_exit,LONG,LONG,0.5047794282436371,0.49849939346313477,0.5110594630241394,0.44266851980542044,0.43736663460731506,50.47794282436371,0.5032750368118286,1,True,True,False,52.0,True,-0.2164116501808166,UNRANKED,,False,,,
2024-08-20,2024-08-21,2024-08-28,NOW,XLK,166.70599365234375,162.82200622558594,162.82200622558594,5,time_exit,LONG,LONG,0.5067203640937805,0.5007416009902954,0.5126991271972656,0.46467929913581224,0.4048849940299988,50.67203640937805,0.5032750368118286,1,True,True,False,52.0,True,0.16422659158706662,UNRANKED,,False,,,
2024-08-21,2024-08-22,2024-08-28,NOW,XLK,168.0,166.25399780273438,164.01771327427454,4,take_profit,SHORT,SHORT,0.49334999918937683,0.5007416009902954,0.48595839738845825,0.46467929913581224,0.5113264918327332,50.66500008106232,0.5032750368118286,1,True,False,True,52.0,True,0.054214179515838734,UNRANKED,,False,,,
2024-08-22,2024-08-23,2024-08-30,NOW,XLK,166.0,171.0,169.91114371163505,5,stop_loss,SHORT,SHORT,0.4994230568408966,0.5007416009902954,0.4981045126914978,0.46467929913581224,0.5752723813056946,50.05769431591034,0.5032750368118286,2,False,True,True,52.0,True,0.2335522174835205,UNRANKED,,False,,,
2024-08-23,2024-08-26,2024-08-30,NOW,XLK,165.93600463867188,167.1719970703125,169.78914751325334,4,stop_loss,SHORT,SHORT,0.4983019530773163,0.49849939346313477,0.4981045126914978,0.44266851980542044,0.432090163230896,50.16980469226837,0.5032750368118286,2,False,True,True,52.0,True,0.12380683422088638,UNRANKED,,False,,,
2024-08-26,2024-08-27,2024-08-30,NOW,XLK,164.63400268554688,166.96600341796875,168.16514587402344,3,take_profit,LONG,LONG,0.5009500980377197,0.5007416009902954,0.501158595085144,0.46467929913581224,0.4139736592769623,50.09500980377197,0.5032750368118286,2,False,True,True,52.0,True,0.3483407497406007,UNRANKED,,False,,,
2024-08-27,2024-08-28,2024-08-30,NOW,XLK,166.33799743652344,167.0800018310547,169.5037122453962,2,stop_loss,SHORT,SHORT,0.4983019530773163,0.49849939346313477,0.4981045126914978,0.44266851980542044,0.5357232093811035,50.16980469226837,0.5032750368118286,2,False,True,True,52.0,True,0.1952646970748901,UNRANKED,,False,,,
2024-08-28,2024-08-29,2024-08-30,NOW,XLK,164.4600067138672,165.00799560546875,167.562007359096,1,stop_loss,SHORT,SHORT,0.4994230568408966,0.5007416009902954,0.4981045126914978,0.46467929913581224,0.5652574300765991,50.05769431591034,0.5032750368118286,2,False,True,True,52.0,True,0.22062218189239524,UNRANKED,,False,,,
2024-08-29,2024-08-30,2024-09-09,NOW,XLK,167.3520050048828,171.11599731445312,170.5174320765904,5,stop_loss,SHORT,SHORT,0.4955713748931885,0.5007416009902954,0.49040114879608154,0.46467929913581224,0.49335163831710815,50.44286251068115,0.5032750368118286,1,True,False,True,52.0,True,0.22417759895324704,UNRANKED,,False,,,
2024-08-30,2024-09-03,2024-09-04,NOW,XLK,171.27999877929688,172.02999877929688,167.56399972098214,1,take_profit,SHORT,SHORT,0.49796250462532043,0.5007416009902954,0.49518340826034546,0.46467929913581224,0.48648303747177124,50.20374953746796,0.5032750368118286,2,False,True,True,52.0,True,0.23331242799758903,UNRANKED,,False,,,
2024-09-03,2024-09-04,2024-09-09,NOW,XLK,165.94400024414062,175.19200134277344,169.8588583809989,3,take_profit,LONG,LONG,0.502964973449707,0.50477135181427,0.501158595085144,0.4982078853046595,0.44183269143104553,50.2964973449707,0.5032750368118286,2,False,True,True,52.0,True,0.42592906951904286,UNRANKED,,False,,,
2024-09-04,2024-09-05,2024-09-09,NOW,XLK,165.3300018310547,177.2259979248047,169.26800101143974,2,take_profit,LONG,LONG,0.502964973449707,0.50477135181427,0.501158595085144,0.4982078853046595,0.44761282205581665,50.2964973449707,0.5032750368118286,2,False,True,True,52.0,True,0.42601633071899425,UNRANKED,,False,,,
2024-09-05,2024-09-06,2024-09-10,NOW,XLK,167.802001953125,175.7899932861328,171.38228716169084,2,take_profit,LONG,LONG,0.5049472749233246,0.50477135181427,0.5051231980323792,0.4982078853046595,0.45733141899108887,50.49472749233246,0.5032750368118286,1,True,True,False,52.0,True,0.6830093562602997,UNRANKED,,False,,,
2024-09-06,2024-09-09,2024-09-10,NOW,XLK,166.697998046875,178.49200439453125,170.44428362165178,1,take_profit,LONG,LONG,0.5036332607269287,0.5021433234214783,0.5051231980323792,0.46467929913581224,0.44940122961997986,50.36332607269287,0.5032750368118286,1,True,True,False,52.0,True,0.33229291439056396,UNRANKED,,False,,,
2024-09-09,2024-09-10,2024-09-12,NOW,XLK,172.14199829101562,177.16600036621094,176.60885402134485,2,take_profit,LONG,LONG,0.5016509592533112,0.5021433234214783,0.501158595085144,0.46467929913581224,0.42923951148986816,50.165095925331116,0.5032750368118286,2,False,True,True,52.0,True,0.39803764224052435,UNRANKED,,False,,,
2024-09-10,2024-09-11,2024-09-12,NOW,XLK,171.6540069580078,178.0780029296875,176.09886387416296,1,stop_loss,SHORT,SHORT,0.49862049520015717,0.5021433234214783,0.49509766697883606,0.46467929913581224,0.5651100873947144,50.13795047998428,0.5032750368118286,2,False,True,True,52.0,True,0.26529416441917425,UNRANKED,,False,,,
2024-09-11,2024-09-12,2024-09-19,NOW,XLK,176.00599670410156,183.85000610351562,180.87513950892858,5,stop_loss,SHORT,SHORT,0.49631330370903015,0.49849939346313477,0.49412721395492554,0.44266851980542044,0.584217369556427,50.368669629096985,0.5032750368118286,1,True,False,True,52.0,True,0.3105786442756653,UNRANKED,,False,,,
2024-09-12,2024-09-13,2024-09-19,NOW,XLK,176.35400390625,187.4720001220703,180.99228995186942,4,stop_loss,SHORT,SHORT,0.49631330370903015,0.49849939346313477,0.49412721395492554,0.44266851980542044,0.5866947770118713,50.368669629096985,0.5032750368118286,1,True,False,True,52.0,True,0.17655560374259943,UNRANKED,,False,,,
2024-09-13,2024-09-16,2024-09-19,NOW,XLK,177.0,185.11000061035156,181.6337149483817,3,stop_loss,SHORT,SHORT,0.4974344074726105,0.5007416009902954,0.49412721395492554,0.46467929913581224,0.4641825258731842,50.25655925273895,0.5032750368118286,2,False,True,True,52.0,True,0.3569620847702026,UNRANKED,,False,,,
2024-09-16,2024-09-17,2024-09-19,NOW,XLK,178.1300048828125,184.72000122070312,183.13800702776228,2,stop_loss,SHORT,SHORT,0.49791963398456573,0.5007416009902954,0.49509766697883606,0.46467929913581224,0.4694235324859619,50.20803660154343,0.5032750368118286,2,False,True,True,52.0,True,0.1621953248977662,UNRANKED,,False,,,
2024-09-17,2024-09-18,2024-09-19,NOW,XLK,177.552001953125,178.00599670410156,182.6385759626116,1,take_profit,LONG,LONG,0.5009500980377197,0.5007416009902954,0.501158595085144,0.46467929913581224,0.42827108502388,50.09500980377197,0.5032750368118286,2,False,True,True,52.0,True,0.4078874289989472,UNRANKED,,False,,,
2024-09-18,2024-09-19,2024-09-20,NOW,XLK,181.60000610351562,176.9720001220703,186.31315176827567,1,stop_loss,SHORT,SHORT,0.4998289942741394,0.49849939346313477,0.501158595085144,0.44266851980542044,0.5126433968544006,50.01710057258606,0.5032750368118286,2,False,True,True,52.0,True,0.31544998288154596,UNRANKED,,False,,,
2024-09-19,2024-09-20,2024-09-25,NOW,XLK,184.08399963378906,176.35800170898438,179.03656659807478,3,take_profit,SHORT,SHORT,0.4983019530773163,0.49849939346313477,0.4981045126914978,0.44266851980542044,0.44243285059928894,50.16980469226837,0.5032750368118286,2,False,True,True,52.0,True,0.3195033669471741,UNRANKED,,False,,,
2024-09-20,2024-09-23,2024-09-25,NOW,XLK,187.37600708007812,178.8780059814453,182.48914664132255,2,take_profit,SHORT,SHORT,0.49754534661769867,0.5007416009902954,0.49434909224510193,0.46467929913581224,0.5572878122329712,50.24546533823013,0.5032750368118286,2,False,True,True,52.0,True,0.2522978484630584,UNRANKED,,False,,,
2024-09-23,2024-09-24,2024-09-25,NOW,XLK,185.11000061035156,173.43600463867188,180.4325692313058,1,take_profit,SHORT,SHORT,0.49334999918937683,0.5007416009902954,0.48595839738845825,0.46467929913581224,0.5078054070472717,50.66500008106232,0.5032750368118286,1,True,False,True,52.0,True,0.16849622130393976,UNRANKED,,False,,,
2024-09-24,2024-09-25,2024-10-01,NOW,XLK,179.69400024414062,176.08200073242188,174.9902823311942,4,take_profit,SHORT,SHORT,0.49334999918937683,0.5007416009902954,0.48595839738845825,0.46467929913581224,0.5201382040977478,50.66500008106232,0.5032750368118286,1,True,False,True,52.0,True,0.16655144095420843,UNRANKED,,False,,,
2024-09-25,2024-09-26,2024-10-03,NOW,XLK,178.72999572753906,178.1280059814453,178.1280059814453,5,time_exit,SHORT,SHORT,0.49825459718704224,0.5007416009902954,0.49576759338378906,0.46467929913581224,0.5839824676513672,50.174540281295776,0.5032750368118286,2,False,True,True,52.0,True,0.29738864302635193,UNRANKED,,False,,,
2024-09-26,2024-09-27,2024-10-04,NOW,XLK,176.80799865722656,183.53599548339844,182.30628749302454,5,stop_loss,SHORT,SHORT,0.49754534661769867,0.5007416009902954,0.49434909224510193,0.46467929913581224,0.5691519975662231,50.24546533823013,0.5032750368118286,2,False,True,True,52.0,True,0.25602722167968744,UNRANKED,,False,,,
2024-09-27,2024-09-30,2024-10-04,NOW,XLK,175.8520050048828,181.18800354003906,180.56543622698103,4,stop_loss,SHORT,SHORT,0.4994230568408966,0.5007416009902954,0.4981045126914978,0.46467929913581224,0.5575900673866272,50.05769431591034,0.5032750368118286,2,False,True,True,52.0,True,0.3491385877132417,UNRANKED,,False,,,
2024-09-30,2024-10-01,2024-10-08,NOW,XLK,179.71800231933594,184.39999389648438,184.39999389648438,5,time_exit,SHORT,SHORT,0.49754534661769867,0.5007416009902954,0.49434909224510193,0.46467929913581224,0.5187575221061707,50.24546533823013,0.5032750368118286,2,False,True,True,52.0,True,0.29141512513160717,UNRANKED,,False,,,
2024-10-01,2024-10-02,2024-10-04,NOW,XLK,173.8000030517578,187.72999572753906,179.0685773577009,2,stop_loss,SHORT,SHORT,0.4994230568408966,0.5007416009902954,0.4981045126914978,0.46467929913581224,0.5406589508056641,50.05769431591034,0.5032750368118286,2,False,True,True,52.0,True,0.30706092715263356,UNRANKED,,False,,,
2024-10-02,2024-10-03,2024-10-04,NOW,XLK,175.60000610351562,188.92599487304688,180.9560089111328,1,stop_loss,SHORT,SHORT,0.4994230568408966,0.5007416009902954,0.4981045126914978,0.46467929913581224,0.5254846215248108,50.05769431591034,0.5032750368118286,2,False,True,True,52.0,True,0.1932166516780855,UNRANKED,,False,,,
2024-10-03,2024-10-04,2024-10-09,NOW,XLK,179.95799255371094,187.71800231933594,185.40113830566406,3,take_profit,LONG,LONG,0.5009500980377197,0.5007416009902954,0.501158595085144,0.46467929913581224,0.4302133619785309,50.09500980377197,0.5032750368118286,2,False,True,True,52.0,True,0.3439316153526305,UNRANKED,,False,,,
2024-10-04,2024-10-07,2024-10-14,NOW,XLK,183.82400512695312,188.93800354003906,188.93800354003906,5,time_exit,SHORT,SHORT,0.4967985302209854,0.49849939346313477,0.49509766697883606,0.44266851980542044,0.5999341607093811,50.32014697790146,0.5032750368118286,2,False,True,True,52.0,True,0.3041820824146272,UNRANKED,,False,,,
2024-10-07,2024-10-08,2024-10-15,NOW,XLK,185.19400024414062,185.5919952392578,185.5919952392578,5,time_exit,SHORT,SHORT,0.4956427663564682,0.4969364404678345,0.49434909224510193,0.44266851980542044,0.6173397898674011,50.43572336435318,0.5032750368118286,1,True,False,True,52.0,True,0.2376363873481749,UNRANKED,,False,,,
2024-10-08,2024-10-09,2024-10-16,NOW,XLK,184.39199829101562,183.7740020751953,183.7740020751953,5,time_exit,SHORT,SHORT,0.49553182721138,0.4969364404678345,0.49412721395492554,0.44266851980542044,0.6063371896743774,50.446817278862,0.5032750368118286,1,True,False,True,52.0,True,0.1799686849117279,UNRANKED,,False,,,
2024-10-09,2024-10-10,2024-10-17,NOW,XLK,186.64199829101562,183.4239959716797,183.4239959716797,5,time_exit,SHORT,SHORT,0.4974344074726105,0.5007416009902954,0.49412721395492554,0.46467929913581224,0.5730869770050049,50.25655925273895,0.5032750368118286,2,False,True,True,52.0,True,0.21081104874610904,UNRANKED,,False,,,
2024-10-10,2024-10-11,2024-10-18,NOW,XLK,188.56399536132812,184.35000610351562,184.35000610351562,5,time_exit,SHORT,SHORT,0.49635201692581177,0.4969364404678345,0.49576759338378906,0.44266851980542044,0.5748194456100464,50.36479830741882,0.5032750368118286,1,True,False,True,52.0,True,0.2329950630664825,UNRANKED,,False,,,
2024-10-11,2024-10-14,2024-10-16,NOW,XLK,189.47799682617188,183.66799926757812,184.03400094168526,2,take_profit,SHORT,SHORT,0.49334999918937683,0.5007416009902954,0.48595839738845825,0.46467929913581224,0.5598869919776917,50.66500008106232,0.5032750368118286,1,True,False,True,52.0,True,0.23037198185920718,UNRANKED,,False,,,
2024-10-14,2024-10-15,2024-10-17,NOW,XLK,189.05599975585938,183.58999633789062,183.4934321812221,2,take_profit,SHORT,SHORT,0.49791963398456573,0.5007416009902954,0.49509766697883606,0.46467929913581224,0.4273024797439575,50.20803660154343,0.5032750368118286,2,False,True,True,52.0,True,0.14448010921478266,UNRANKED,,False,,,
2024-10-15,2024-10-16,2024-10-23,NOW,XLK,184.99200439453125,181.53599548339844,181.53599548339844,5,time_exit,SHORT,SHORT,0.4983019530773163,0.49849939346313477,0.4981045126914978,0.44266851980542044,0.5686851739883423,50.16980469226837,0.5032750368118286,2,False,True,True,52.0,True,0.22046795487403859,UNRANKED,,False,,,
2024-10-16,2024-10-17,2024-10-24,NOW,XLK,186.55599975585938,191.3159942626953,191.3159942626953,5,time_exit,SHORT,SHORT,0.4991673082113266,0.5007416009902954,0.4975930154323578,0.46467929913581224,0.5410070419311523,50.08326917886734,0.5032750368118286,2,False,True,True,52.0,True,0.2868348360061645,UNRANKED,,False,,,
2024-10-17,2024-10-18,2024-10-24,NOW,XLK,184.1999969482422,190.1699981689453,189.355708530971,4,stop_loss,SHORT,SHORT,0.49796250462532043,0.5007416009902954,0.49518340826034546,0.46467929913581224,0.5387746095657349,50.20374953746796,0.5032750368118286,2,False,True,True,52.0,True,0.25065416097640986,UNRANKED,,False,,,
2024-10-18,2024-10-21,2024-10-24,NOW,XLK,180.39999389648438,189.0,185.32799203055245,3,stop_loss,SHORT,SHORT,0.49231575429439545,0.5007416009902954,0.4838899075984955,0.46467929913581224,0.5452638268470764,50.768424570560455,0.5032750368118286,1,True,False,True,52.0,True,0.22061577439308183,UNRANKED,,False,,,
2024-10-21,2024-10-22,2024-10-24,NOW,XLK,183.29800415039062,190.61599731445312,187.54600306919642,2,stop_loss,SHORT,SHORT,0.4922288954257965,0.49849939346313477,0.48595839738845825,0.44266851980542044,0.5552785992622375,50.77711045742035,0.5032750368118286,1,True,False,True,52.0,True,0.14504396915435788,UNRANKED,,False,,,
2024-10-22,2024-10-23,2024-10-24,NOW,XLK,183.29400634765625,190.0,187.1751491001674,1,take_profit,LONG,LONG,0.5107600688934326,0.5021433234214783,0.519376814365387,0.46467929913581224,0.41945093870162964,51.07600688934326,0.5032750368118286,1,True,True,False,52.0,True,0.27291518449783314,UNRANKED,,False,,,
2024-10-23,2024-10-24,2024-10-31,NOW,XLK,189.67799377441406,186.59800720214844,186.59800720214844,5,time_exit,LONG,LONG,0.513796329498291,0.5021433234214783,0.5254493355751038,0.46467929913581224,0.4266291558742523,51.3796329498291,0.5032750368118286,1,True,True,False,52.0,True,0.6109612286090853,UNRANKED,,False,,,
2024-10-24,2024-10-25,2024-10-31,NOW,XLK,191.45199584960938,188.6820068359375,186.94513811383928,4,stop_loss,LONG,LONG,0.507421225309372,0.5021433234214783,0.5126991271972656,0.46467929913581224,0.39399421215057373,50.742122530937195,0.5032750368118286,1,True,True,False,52.0,True,0.3080307841300965,UNRANKED,,False,,,
2024-10-25,2024-10-28,2024-10-31,NOW,XLK,191.802001953125,190.91799926757812,187.46685791015625,3,take_profit,SHORT,SHORT,0.4981352686882019,0.5021433234214783,0.49412721395492554,0.46467929913581224,0.5812178254127502,50.18647313117981,0.5032750368118286,2,False,True,True,52.0,True,0.15022969245910645,UNRANKED,,False,,,
2024-10-28,2024-10-29,2024-11-05,NOW,XLK,190.0,194.20799255371094,194.0434308733259,5,stop_loss,SHORT,SHORT,0.4992474615573883,0.4954885244369507,0.5030063986778259,0.44266851980542044,0.5889765024185181,50.07525384426117,0.5032750368118286,2,False,True,True,52.0,True,0.22610670328140253,UNRANKED,,False,,,
2024-10-29,2024-10-30,2024-11-05,NOW,XLK,190.20599365234375,198.89599609375,194.0045667375837,4,stop_loss,SHORT,SHORT,0.4980838745832443,0.5021433234214783,0.4940244257450104,0.46467929913581224,0.6012400984764099,50.19161254167557,0.5032750368118286,2,False,True,True,52.0,True,0.16912081837654097,UNRANKED,,False,,,
2024-10-30,2024-10-31,2024-11-05,NOW,XLK,188.16000366210938,203.05599975585938,191.87571934291296,3,stop_loss,SHORT,SHORT,0.4866832047700882,0.5021433234214783,0.4712230861186981,0.46467929913581224,0.5807288289070129,51.33167952299118,0.5032750368118286,1,True,False,True,52.0,True,0.20656496286392206,UNRANKED,,False,,,
2024-10-31,2024-11-01,2024-11-05,NOW,XLK,187.4720001220703,201.61599731445312,191.5011444091797,2,take_profit,LONG,LONG,0.5016509592533112,0.5021433234214783,0.501158595085144,0.46467929913581224,0.4646775424480438,50.165095925331116,0.5032750368118286,2,False,True,True,52.0,True,0.4239178001880646,UNRANKED,,False,,,
2024-11-01,2024-11-04,2024-11-05,NOW,XLK,188.80599975585938,207.20199584960938,192.9585723876953,1,take_profit,LONG,LONG,0.5016509592533112,0.5021433234214783,0.501158595085144,0.46467929913581224,0.40761905908584595,50.165095925331116,0.5032750368118286,2,False,True,True,52.0,True,0.41414457559585577,UNRANKED,,False,,,
2024-11-04,2024-11-05,2024-11-06,NOW,XLK,192.29200744628906,209.6580047607422,196.2860063825335,1,stop_loss,SHORT,SHORT,0.4980462044477463,0.49849939346313477,0.4975930154323578,0.44266851980542044,0.551120400428772,50.19537955522537,0.5032750368118286,2,False,True,True,52.0,True,0.2958894670009613,UNRANKED,,False,,,
2024-11-05,2024-11-06,2024-11-07,NOW,XLK,198.8000030517578,209.11000061035156,203.00428771972656,1,stop_loss,SHORT,SHORT,0.4998289942741394,0.49849939346313477,0.501158595085144,0.44266851980542044,0.4689714014530182,50.01710057258606,0.5032750368118286,2,False,True,True,52.0,True,0.4406689703464508,UNRANKED,,False,,,
2024-11-06,2024-11-07,2024-11-11,NOW,XLK,199.36000061035156,207.9600067138672,204.18399919782365,2,take_profit,LONG,LONG,0.5081535875797272,0.49849939346313477,0.5178077816963196,0.44266851980542044,0.495393842458725,50.81535875797272,0.5032750368118286,1,True,True,False,52.0,True,0.47831550240516657,UNRANKED,,False,,,
2024-11-07,2024-11-08,2024-11-12,NOW,XLK,202.18800354003906,202.2779998779297,207.47400120326452,2,take_profit,LONG,LONG,0.504134476184845,0.49849939346313477,0.5097695589065552,0.44266851980542044,0.3907946050167084,50.4134476184845,0.5032750368118286,1,True,True,False,52.0,True,0.09823313355445873,UNRANKED,,False,,,
2024-11-08,2024-11-11,2024-11-12,NOW,XLK,202.60000610351562,201.0679931640625,207.9942888532366,1,stop_loss,SHORT,SHORT,0.4972744882106781,0.5007416009902954,0.4938073754310608,0.46467929913581224,0.44400373101234436,50.27255117893219,0.5032750368118286,2,False,True,True,52.0,True,-0.003974109888076841,UNRANKED,,False,,,
2024-11-11,2024-11-12,2024-11-19,NOW,XLK,206.156005859375,204.4199981689453,204.4199981689453,5,time_exit,SHORT,SHORT,0.49791963398456573,0.5007416009902954,0.49509766697883606,0.46467929913581224,0.4626406729221344,50.20803660154343,0.5032750368118286,2,False,True,True,52.0,True,0.10494196414947507,UNRANKED,,False,,,
2024-11-12,2024-11-13,2024-11-15,NOW,XLK,209.6580047607422,204.5959930419922,203.41943577357702,2,take_profit,SHORT,SHORT,0.4971334934234619,0.49849939346313477,0.49576759338378906,0.44266851980542044,0.5097646117210388,50.28665065765381,0.5032750368118286,2,False,True,True,52.0,True,0.26016512513160706,UNRANKED,,False,,,
2024-11-13,2024-11-14,2024-11-15,NOW,XLK,209.8000030517578,209.41000366210938,204.88029044015067,1,take_profit,SHORT,SHORT,0.49334999918937683,0.5007416009902954,0.48595839738845825,0.46467929913581224,0.5141230225563049,50.66500008106232,0.5032750368118286,1,True,False,True,52.0,True,0.18679115176200864,UNRANKED,,False,,,
2024-11-14,2024-11-15,2024-11-22,NOW,XLK,204.79400634765625,212.1199951171875,209.71429007393974,5,take_profit,LONG,LONG,0.5009500980377197,0.5007416009902954,0.501158595085144,0.46467929913581224,0.39143675565719604,50.09500980377197,0.5032750368118286,2,False,True,True,52.0,True,0.33253392577171315,UNRANKED,,False,,,
2024-11-15,2024-11-18,2024-11-21,NOW,XLK,203.30799865722656,210.54200744628906,208.87285505022322,3,take_profit,LONG,LONG,0.5049472749233246,0.50477135181427,0.5051231980323792,0.4982078853046595,0.4322024881839752,50.49472749233246,0.5032750368118286,1,True,True,False,52.0,True,0.2849459052085877,UNRANKED,,False,,,
2024-11-18,2024-11-19,2024-11-21,NOW,XLK,199.53399658203125,214.01400756835938,205.04085431780135,2,take_profit,LONG,LONG,0.5009500980377197,0.5007416009902954,0.501158595085144,0.46467929913581224,0.4292687773704529,50.09500980377197,0.5032750368118286,2,False,True,True,52.0,True,0.2877661883831025,UNRANKED,,False,,,
2024-11-19,2024-11-20,2024-11-22,NOW,XLK,205.60000610351562,208.27999877929688,211.49772208077567,2,stop_loss,SHORT,SHORT,0.49601705372333527,0.4969364404678345,0.49509766697883606,0.44266851980542044,0.5138776898384094,50.39829462766647,0.5032750368118286,1,True,False,True,52.0,True,0.15365082025527946,UNRANKED,,False,,,
2024-11-20,2024-11-21,2024-11-26,NOW,XLK,206.7259979248047,209.88800048828125,212.16285705566406,3,stop_loss,SHORT,SHORT,0.4949638992547989,0.49849939346313477,0.491428405046463,0.44266851980542044,0.5632560849189758,50.50361007452011,0.5032750368118286,1,True,False,True,52.0,True,0.18270590901374822,UNRANKED,,False,,,
2024-11-21,2024-11-22,2024-12-02,NOW,XLK,210.1999969482422,209.68600463867188,209.68600463867188,5,time_exit,SHORT,SHORT,0.4998289942741394,0.49849939346313477,0.501158595085144,0.44266851980542044,0.41391250491142273,50.01710057258606,0.5032750368118286,2,False,True,True,52.0,True,0.40302014350891113,UNRANKED,,False,,,
2024-11-22,2024-11-25,2024-12-03,NOW,XLK,212.9199981689453,211.46400451660156,211.46400451660156,5,time_exit,LONG,LONG,0.5009500980377197,0.5007416009902954,0.501158595085144,0.46467929913581224,0.4185139238834381,50.09500980377197,0.5032750368118286,2,False,True,True,52.0,True,0.19675567746162415,UNRANKED,,False,,,
2024-11-25,2024-11-26,2024-12-04,NOW,XLK,212.0,224.62600708007812,217.6500026157924,5,take_profit,LONG,LONG,0.5009500980377197,0.5007416009902954,0.501158595085144,0.46467929913581224,0.3846990168094635,50.09500980377197,0.5032750368118286,2,False,True,True,52.0,True,0.2608028948307036,UNRANKED,,False,,,
2024-11-26,2024-11-27,2024-12-04,NOW,XLK,212.73800659179688,224.74400329589844,218.21429443359375,4,take_profit,LONG,LONG,0.5009500980377197,0.5007416009902954,0.501158595085144,0.46467929913581224,0.43136781454086304,50.09500980377197,0.5032750368118286,2,False,True,True,52.0,True,0.28953918814659113,UNRANKED,,False,,,
2024-11-27,2024-11-29,2024-12-04,NOW,XLK,208.47000122070312,224.8679962158203,214.171146937779,3,stop_loss,SHORT,SHORT,0.4994230568408966,0.5007416009902954,0.4981045126914978,0.46467929913581224,0.5066036581993103,50.05769431591034,0.5032750368118286,2,False,True,True,52.0,True,0.27707692980766296,UNRANKED,,False,,,
2024-11-29,2024-12-02,2024-12-04,NOW,XLK,209.67999267578125,224.0959930419922,215.40513828822546,2,stop_loss,SHORT,SHORT,0.49796250462532043,0.5007416009902954,0.49518340826034546,0.46467929913581224,0.5501730442047119,50.20374953746796,0.5032750368118286,2,False,True,True,52.0,True,0.27459391951560974,UNRANKED,,False,,,
2024-12-02,2024-12-03,2024-12-04,NOW,XLK,208.01800537109375,225.5679931640625,212.97400774274553,1,stop_loss,SHORT,SHORT,0.49334999918937683,0.5007416009902954,0.48595839738845825,0.46467929913581224,0.5561264157295227,50.66500008106232,0.5032750368118286,1,True,False,True,52.0,True,0.21464818716049205,UNRANKED,,False,,,
2024-12-03,2024-12-04,2024-12-05,NOW,XLK,216.73399353027344,229.43600463867188,221.59313746861048,1,take_profit,LONG,LONG,0.5145265758037567,0.5007416009902954,0.528311550617218,0.46467929913581224,0.3432615399360657,51.45265758037567,0.5032750368118286,1,True,True,False,52.0,True,0.5248707234859467,UNRANKED,,False,,,
2024-12-04,2024-12-05,2024-12-12,NOW,XLK,223.02000427246094,229.6840057373047,229.681147984096,5,take_profit,LONG,LONG,0.5103709101676941,0.49849939346313477,0.5222424268722534,0.44266851980542044,0.34506773948669434,51.03709101676941,0.5032750368118286,1,True,True,False,52.0,True,0.4368503093719483,UNRANKED,,False,,,
2024-12-05,2024-12-06,2024-12-13,NOW,XLK,227.12399291992188,224.22000122070312,224.22000122070312,5,time_exit,LONG,LONG,0.5134054720401764,0.49849939346313477,0.528311550617218,0.44266851980542044,0.4019816517829895,51.34054720401764,0.5032750368118286,1,True,True,False,52.0,True,0.49922546744346624,UNRANKED,,False,,,
2024-12-06,2024-12-09,2024-12-16,NOW,XLK,224.83999633789062,225.98599243164062,225.98599243164062,5,time_exit,LONG,LONG,0.5103709101676941,0.49849939346313477,0.5222424268722534,0.44266851980542044,0.3403453528881073,51.03709101676941,0.5032750368118286,1,True,True,False,52.0,True,0.3951455056667329,UNRANKED,,False,,,
2024-12-09,2024-12-10,2024-12-11,NOW,XLK,222.8040008544922,222.94400024414062,228.46114240373885,1,take_profit,LONG,LONG,0.5035327672958374,0.49849939346313477,0.50856614112854,0.44266851980542044,0.4192323684692383,50.35327672958374,0.5032750368118286,1,True,True,False,52.0,True,0.4487615227699281,UNRANKED,,False,,,
2024-12-10,2024-12-11,2024-12-18,NOW,XLK,227.20799255371094,212.197998046875,221.81942313058036,5,stop_loss,LONG,LONG,0.5066013932228088,0.5021433234214783,0.5110594630241394,0.46467929913581224,0.3917214274406433,50.660139322280884,0.5032750368118286,1,True,True,False,52.0,True,0.45715910196304316,UNRANKED,,False,,,
2024-12-11,2024-12-12,2024-12-18,NOW,XLK,228.18800354003906,214.9739990234375,222.27200317382812,4,take_profit,SHORT,SHORT,0.49895545840263367,0.5021433234214783,0.49576759338378906,0.46467929913581224,0.5853996276855469,50.10445415973663,0.5032750368118286,2,False,True,True,52.0,True,0.4395503997802735,UNRANKED,,False,,,
2024-12-12,2024-12-13,2024-12-18,NOW,XLK,226.0,218.25,220.73628670828683,3,take_profit,SHORT,SHORT,0.49895545840263367,0.5021433234214783,0.49576759338378906,0.46467929913581224,0.57463139295578,50.10445415973663,0.5032750368118286,2,False,True,True,52.0,True,0.36062714457511896,UNRANKED,,False,,,
2024-12-13,2024-12-16,2024-12-18,NOW,XLK,223.55999755859375,217.65199279785156,217.9028538295201,2,take_profit,SHORT,SHORT,0.49895545840263367,0.5021433234214783,0.49576759338378906,0.46467929913581224,0.561477541923523,50.10445415973663,0.5032750368118286,2,False,True,True,52.0,True,0.31835544109344477,UNRANKED,,False,,,
2024-12-16,2024-12-17,2024-12-18,NOW,XLK,226.0,221.11199951171875,220.31599862234933,1,take_profit,SHORT,SHORT,0.49895545840263367,0.5021433234214783,0.49576759338378906,0.46467929913581224,0.5867830514907837,50.10445415973663,0.5032750368118286,2,False,True,True,52.0,True,0.4702603518962861,UNRANKED,,False,,,
2024-12-17,2024-12-18,2024-12-19,NOW,XLK,223.4980010986328,219.82200622558594,217.87542942592077,1,stop_loss,LONG,LONG,0.521525114774704,0.5021433234214783,0.5409069061279297,0.46467929913581224,0.3436749279499054,52.1525114774704,0.5032750368118286,1,True,True,False,52.0,True,0.6299104392528534,UNRANKED,,False,,,
2024-12-18,2024-12-19,2024-12-24,NOW,XLK,214.04800415039062,216.29200744628906,220.3865748814174,3,take_profit,LONG,LONG,0.5209556221961975,0.5021433234214783,0.5397679209709167,0.46467929913581224,0.3480198085308075,52.09556221961975,0.5032750368118286,1,True,True,False,52.0,True,0.5930196344852446,UNRANKED,,False,,,
2024-12-19,2024-12-20,2024-12-24,NOW,XLK,212.0,213.5399932861328,218.50542776925224,2,take_profit,LONG,LONG,0.5210562944412231,0.5021433234214783,0.539969265460968,0.46467929913581224,0.29305458068847656,52.105629444122314,0.5032750368118286,1,True,True,False,52.0,True,0.5422018766403197,UNRANKED,,False,,,
2024-12-20,2024-12-23,2024-12-31,NOW,XLK,217.1999969482422,212.0240020751953,212.0240020751953,5,time_exit,LONG,LONG,0.5245353579521179,0.5053914189338684,0.5436792969703674,0.4982078853046595,0.3124520778656006,52.45353579521179,0.5032750368118286,1,True,True,False,52.0,True,0.47426700592041027,UNRANKED,,False,,,
2024-12-23,2024-12-24,2024-12-31,NOW,XLK,219.41600036621094,210.8679962158203,212.63999938964844,4,stop_loss,LONG,LONG,0.5395559072494507,0.5053914189338684,0.573720395565033,0.4982078853046595,0.3022577166557312,53.95559072494507,0.5032750368118286,1,True,True,False,52.0,True,0.7825147062540054,UNRANKED,,False,,,
2024-12-24,2024-12-26,2024-12-30,NOW,XLK,220.0,214.75399780273438,214.60999843052454,2,stop_loss,LONG,LONG,0.5231985151767731,0.5053914189338684,0.5410056114196777,0.4982078853046595,0.3425739109516144,52.31985151767731,0.5032750368118286,1,True,True,False,52.0,True,0.5269338488578795,UNRANKED,,False,,,
2024-12-26,2024-12-27,2024-12-31,NOW,XLK,218.39999389648438,215.41000366210938,212.84256417410714,2,stop_loss,LONG,LONG,0.5223835408687592,0.5053914189338684,0.5393756628036499,0.4982078853046595,0.3469316065311432,52.238354086875916,0.5032750368118286,1,True,True,False,52.0,True,0.5698940455913544,UNRANKED,,False,,,
2024-12-27,2024-12-30,2025-01-07,NOW,XLK,213.19400024414062,210.8300018310547,210.8300018310547,5,time_exit,LONG,LONG,0.5125044286251068,0.4954885244369507,0.5295203328132629,0.44266851980542044,0.32236048579216003,51.25044286251068,0.5032750368118286,1,True,True,False,52.0,True,0.43347093462944036,UNRANKED,,False,,,
2024-12-30,2024-12-31,2025-01-08,NOW,XLK,214.6999969482422,209.8159942626953,209.8159942626953,5,time_exit,SHORT,SHORT,0.48474985361099243,0.5021433234214783,0.4673563838005066,0.46467929913581224,0.514522910118103,51.52501463890076,0.5032750368118286,1,True,False,True,52.0,True,0.30254179239273077,UNRANKED,,False,,,
2024-12-31,2025-01-02,2025-01-10,NOW,XLK,214.70399475097656,204.91400146484375,208.370849609375,5,stop_loss,LONG,LONG,0.5143095850944519,0.5021433234214783,0.5264758467674255,0.46467929913581224,0.36719441413879395,51.43095850944519,0.5032750368118286,1,True,True,False,52.0,True,0.35547795891761785,UNRANKED,,False,,,
2025-01-02,2025-01-03,2025-01-10,NOW,XLK,211.86000061035156,203.1479949951172,205.9142848423549,4,stop_loss,LONG,LONG,0.5131472051143646,0.4954885244369507,0.5308058857917786,0.44266851980542044,0.46150681376457214,51.31472051143646,0.5032750368118286,1,True,True,False,52.0,True,0.43973690271377563,UNRANKED,,False,,,
2025-01-03,2025-01-06,2025-01-08,NOW,XLK,216.79400634765625,206.25799560546875,210.32857622419084,2,stop_loss,LONG,LONG,0.5054470300674438,0.5053914189338684,0.5055026412010193,0.4982078853046595,0.3770824670791626,50.544703006744385,0.5032750368118286,1,True,True,False,52.0,True,0.5831663906574249,UNRANKED,,False,,,
2025-01-06,2025-01-07,2025-01-10,NOW,XLK,214.82000732421875,210.8260040283203,209.04143415178572,2,stop_loss,LONG,LONG,0.5040586739778519,0.5086755156517029,0.49944183230400085,0.4982078853046595,0.3272579610347748,50.40586739778519,0.5032750368118286,1,True,True,False,52.0,True,0.34598922729492176,UNRANKED,,False,,,
2025-01-07,2025-01-08,2025-01-10,NOW,XLK,212.37600708007812,211.4320068359375,206.19543239048548,1,stop_loss,LONG,LONG,0.5054470300674438,0.5053914189338684,0.5055026412010193,0.4982078853046595,0.40763652324676514,50.544703006744385,0.5032750368118286,1,True,True,False,52.0,True,0.5064583718776702,UNRANKED,,False,,,
2025-01-08,2025-01-10,2025-01-17,NOW,XLK,207.8260040283203,214.29600524902344,213.71686662946428,5,take_profit,LONG,LONG,0.5002445429563522,0.5053914189338684,0.49509766697883606,0.4982078853046595,0.37520748376846313,50.02445429563522,0.5032750368118286,2,False,True,True,52.0,True,0.25837579369545,UNRANKED,,False,,,
2025-01-10,2025-01-13,2025-01-15,NOW,XLK,202.2259979248047,219.3699951171875,207.28200204031808,2,take_profit,LONG,LONG,0.5077813565731049,0.5021433234214783,0.5134193897247314,0.46467929913581224,0.46941837668418884,50.778135657310486,0.5032750368118286,1,True,True,False,52.0,True,0.2792131304740905,UNRANKED,,False,,,
2025-01-13,2025-01-14,2025-01-17,NOW,XLK,206.8800048828125,225.03399658203125,211.7917240687779,3,take_profit,LONG,LONG,0.5017479658126831,0.5053914189338684,0.4981045126914978,0.4982078853046595,0.4565665125846863,50.17479658126831,0.5032750368118286,2,False,True,True,52.0,True,0.32540625333786,UNRANKED,,False,,,
2025-01-14,2025-01-15,2025-01-21,NOW,XLK,210.66200256347656,226.83999633789062,215.55000741141183,3,take_profit,LONG,LONG,0.5032750070095062,0.5053914189338684,0.501158595085144,0.4982078853046595,0.3943765163421631,50.32750070095062,0.5032750368118286,2,False,True,True,52.0,True,0.46520850062370295,UNRANKED,,False,,,
2025-01-15,2025-01-16,2025-01-21,NOW,XLK,211.70799255371094,224.99600219726562,217.16314043317522,2,stop_loss,SHORT,SHORT,0.4998289942741394,0.49849939346313477,0.501158595085144,0.44266851980542044,0.5113363265991211,50.01710057258606,0.5032750368118286,2,False,True,True,52.0,True,0.31274870038032526,UNRANKED,,False,,,
2025-01-16,2025-01-17,2025-01-22,NOW,XLK,214.51600646972656,228.12399291992188,219.56343950544084,2,take_profit,LONG,LONG,0.5009500980377197,0.5007416009902954,0.501158595085144,0.46467929913581224,0.41143471002578735,50.09500980377197,0.5032750368118286,2,False,True,True,52.0,True,0.19984456896781927,UNRANKED,,False,,,
2025-01-17,2025-01-21,2025-01-22,NOW,XLK,217.74400329589844,234.0780029296875,223.01629420689173,1,stop_loss,SHORT,SHORT,0.4998289942741394,0.49849939346313477,0.501158595085144,0.44266851980542044,0.47404852509498596,50.01710057258606,0.5032750368118286,2,False,True,True,52.0,True,0.25266426801681524,UNRANKED,,False,,,
2025-01-21,2025-01-22,2025-01-28,NOW,XLK,223.0,228.7259979248047,228.49286106654577,4,stop_loss,SHORT,SHORT,0.4998289942741394,0.49849939346313477,0.501158595085144,0.44266851980542044,0.4894774556159973,50.01710057258606,0.5032750368118286,2,False,True,True,52.0,True,0.33528730273246776,UNRANKED,,False,,,
2025-01-22,2025-01-23,2025-01-28,NOW,XLK,223.52999877929688,202.5500030517578,229.43885803222656,3,take_profit,LONG,LONG,0.5047794282436371,0.49849939346313477,0.5110594630241394,0.44266851980542044,0.3941035568714142,50.47794282436371,0.5032750368118286,1,True,True,False,52.0,True,0.13118138909339908,UNRANKED,,False,,,
2025-01-23,2025-01-24,2025-01-30,NOW,XLK,228.2239990234375,203.67599487304688,222.2737099783761,4,take_profit,SHORT,SHORT,0.4938499927520752,0.49849939346313477,0.4892005920410156,0.44266851980542044,0.49032944440841675,50.61500072479248,0.5032750368118286,1,True,False,True,52.0,True,0.06215333938598636,UNRANKED,,False,,,
2025-01-24,2025-01-27,2025-01-28,NOW,XLK,223.48399353027344,204.18800354003906,229.5325666155134,1,stop_loss,SHORT,SHORT,0.4974344074726105,0.5007416009902954,0.49412721395492554,0.46467929913581224,0.5263840556144714,50.25655925273895,0.5032750368118286,2,False,True,True,52.0,True,0.07606405019760136,UNRANKED,,False,,,
2025-01-27,2025-01-28,2025-01-30,NOW,XLK,230.0,202.0260009765625,224.0597141810826,2,take_profit,SHORT,SHORT,0.49796250462532043,0.5007416009902954,0.49518340826034546,0.46467929913581224,0.5019903182983398,50.20374953746796,0.5032750368118286,2,False,True,True,52.0,True,0.36824271082878096,UNRANKED,,False,,,
2025-01-28,2025-01-29,2025-01-30,NOW,XLK,232.1820068359375,205.41200256347656,225.48486328125,1,take_profit,SHORT,SHORT,0.49334999918937683,0.5007416009902954,0.48595839738845825,0.46467929913581224,0.5400597453117371,50.66500008106232,0.5032750368118286,1,True,False,True,52.0,True,0.3191227912902832,UNRANKED,,False,,,
2025-01-29,2025-01-30,2025-02-06,NOW,XLK,205.4239959716797,204.66000366210938,204.66000366210938,5,time_exit,SHORT,SHORT,0.4991673082113266,0.5007416009902954,0.4975930154323578,0.46467929913581224,0.4887905716896057,50.08326917886734,0.5032750368118286,2,False,True,True,52.0,True,0.30330243706703197,UNRANKED,,False,,,
2025-01-30,2025-01-31,2025-02-07,NOW,XLK,206.40199279785156,201.6580047607422,201.6580047607422,5,time_exit,SHORT,SHORT,0.4994230568408966,0.5007416009902954,0.4981045126914978,0.46467929913581224,0.5702936053276062,50.05769431591034,0.5032750368118286,2,False,True,True,52.0,True,0.29936042428016646,UNRANKED,,False,,,
2025-01-31,2025-02-03,2025-02-10,NOW,XLK,201.3000030517578,204.36199951171875,204.36199951171875,5,time_exit,SHORT,SHORT,0.4994230568408966,0.5007416009902954,0.4981045126914978,0.46467929913581224,0.5680991411209106,50.05769431591034,0.5032750368118286,2,False,True,True,52.0,True,0.2897220253944396,UNRANKED,,False,,,
2025-02-03,2025-02-04,2025-02-11,NOW,XLK,207.98199462890625,201.80999755859375,201.80999755859375,5,time_exit,LONG,LONG,0.5080711543560028,0.5007416009902954,0.5154007077217102,0.46467929913581224,0.4630606770515442,50.80711543560028,0.5032750368118286,1,True,True,False,52.0,True,0.4073554873466491,UNRANKED,,False,,,
2025-02-04,2025-02-05,2025-02-12,NOW,XLK,203.07200622558594,196.47999572753906,196.47999572753906,5,time_exit,LONG,LONG,0.5031221210956573,0.5007416009902954,0.5055026412010193,0.46467929913581224,0.4604516625404358,50.312212109565735,0.5032750368118286,2,False,True,True,52.0,True,0.42824605107307434,UNRANKED,,False,,,
2025-02-05,2025-02-06,2025-02-13,NOW,XLK,204.58399963378906,197.89599609375,197.89599609375,5,time_exit,LONG,LONG,0.5031221210956573,0.5007416009902954,0.5055026412010193,0.46467929913581224,0.42486700415611267,50.312212109565735,0.5032750368118286,2,False,True,True,52.0,True,0.3345189392566681,UNRANKED,,False,,,
2025-02-06,2025-02-07,2025-02-14,NOW,XLK,205.0,197.3260040283203,197.3260040283203,5,time_exit,SHORT,SHORT,0.4974344074726105,0.5007416009902954,0.49412721395492554,0.46467929913581224,0.6138321757316589,50.25655925273895,0.5032750368118286,2,False,True,True,52.0,True,0.14113542437553422,UNRANKED,,False,,,
2025-02-07,2025-02-10,2025-02-18,NOW,XLK,203.50999450683594,199.49600219726562,199.49600219726562,5,time_exit,SHORT,SHORT,0.49405086040496826,0.5021433234214783,0.48595839738845825,0.46467929913581224,0.6300510168075562,50.594913959503174,0.5032750368118286,1,True,False,True,52.0,True,0.18453004956245417,UNRANKED,,False,,,
2025-02-10,2025-02-11,2025-02-19,NOW,XLK,203.0,197.42799377441406,197.42799377441406,5,time_exit,SHORT,SHORT,0.49895545840263367,0.5021433234214783,0.49576759338378906,0.46467929913581224,0.593475878238678,50.10445415973663,0.5032750368118286,2,False,True,True,52.0,True,0.4144758880138396,UNRANKED,,False,,,
2025-02-11,2025-02-12,2025-02-20,NOW,XLK,199.25,193.5959930419922,193.5959930419922,5,time_exit,SHORT,SHORT,0.49405086040496826,0.5021433234214783,0.48595839738845825,0.46467929913581224,0.6005839109420776,50.594913959503174,0.5032750368118286,1,True,False,True,52.0,True,0.29903694987297047,UNRANKED,,False,,,
2025-02-12,2025-02-13,2025-02-21,NOW,XLK,196.47999572753906,187.6820068359375,187.6820068359375,5,time_exit,LONG,LONG,0.5022977888584137,0.5021433234214783,0.5024522542953491,0.46467929913581224,0.48614245653152466,50.22977888584137,0.5032750368118286,2,False,True,True,52.0,True,0.6007043123245239,UNRANKED,,False,,,
2025-02-13,2025-02-14,2025-02-24,NOW,XLK,195.82000732421875,185.51600646972656,186.74114990234375,5,stop_loss,LONG,LONG,0.5005118995904922,0.5027590990066528,0.49826470017433167,0.4810340661995651,0.48270729184150696,50.051189959049225,0.5030162632465363,2,False,True,True,55.0,False,0.31842333078384405,UNRANKED,,False,,,
2025-02-14,2025-02-18,2025-02-21,NOW,XLK,197.60000610351562,184.45799255371094,188.88657706124442,3,stop_loss,LONG,LONG,0.5038179457187653,0.5027590990066528,0.5048767924308777,0.4810340661995651,0.5180466771125793,50.381794571876526,0.5030162632465363,1,True,True,False,55.0,False,0.3157781064510345,UNRANKED,,False,,,
2025-02-18,2025-02-19,2025-02-21,NOW,XLK,199.46400451660156,188.39199829101562,191.29114859444755,2,take_profit,SHORT,SHORT,0.49910159409046173,0.4999384880065918,0.49826470017433167,0.4810340661995651,0.4094456434249878,50.08984059095383,0.5030162632465363,2,False,True,True,55.0,False,0.2706163823604584,UNRANKED,,False,,,
2025-02-19,2025-02-20,2025-02-21,NOW,XLK,196.01600646972656,184.19200134277344,188.31229291643416,1,take_profit,SHORT,SHORT,0.49910159409046173,0.4999384880065918,0.49826470017433167,0.4810340661995651,0.4079655110836029,50.08984059095383,0.5030162632465363,2,False,True,True,55.0,False,0.277888059616089,UNRANKED,,False,,,
2025-02-20,2025-02-21,2025-02-24,NOW,XLK,192.94000244140625,185.95199584960938,188.42828805106026,1,take_profit,SHORT,SHORT,0.4995536059141159,0.5008425116539001,0.49826470017433167,0.4810340661995651,0.5077295303344727,50.04463940858841,0.5030162632465363,2,False,True,True,55.0,False,0.2583102285861969,UNRANKED,,False,,,
2025-02-21,2025-02-24,2025-03-03,NOW,XLK,188.80799865722656,182.06199645996094,183.61228506905692,5,take_profit,SHORT,SHORT,0.49878066778182983,0.499296635389328,0.49826470017433167,0.4810340661995651,0.45056813955307007,50.12193322181702,0.5030162632465363,2,False,True,True,55.0,False,0.36207488179206854,UNRANKED,,False,,,
2025-02-24,2025-02-25,2025-03-04,NOW,XLK,184.74400329589844,181.21800231933594,181.21800231933594,5,time_exit,LONG,LONG,0.5014053583145142,0.5076092481613159,0.4952014684677124,0.4810340661995651,0.43271327018737793,50.140535831451416,0.5030162632465363,2,False,True,True,55.0,False,0.32465857267379766,UNRANKED,,False,,,
2025-02-25,2025-02-26,2025-03-05,NOW,XLK,185.86000061035156,183.1580047607422,183.1580047607422,5,time_exit,LONG,LONG,0.5005137473344803,0.499296635389328,0.5017308592796326,0.4810340661995651,0.43337780237197876,50.05137473344803,0.5030162632465363,2,False,True,True,55.0,False,0.3695963919162749,UNRANKED,,False,,,
2025-02-26,2025-02-27,2025-03-03,NOW,XLK,189.6320037841797,173.41799926757812,184.27943202427454,2,stop_loss,LONG,LONG,0.5014027208089828,0.5037896037101746,0.49901583790779114,0.4810340661995651,0.4653957784175873,50.140272080898285,0.5030162632465363,2,False,True,True,55.0,False,0.08920061588287356,UNRANKED,,False,,,
2025-02-27,2025-02-28,2025-03-06,NOW,XLK,184.19400024414062,170.12600708007812,178.34885733468192,4,stop_loss,LONG,LONG,0.5076031684875488,0.5134754776954651,0.5017308592796326,0.4810340661995651,0.5142989754676819,50.76031684875488,0.5030162632465363,1,True,True,False,55.0,False,0.3942245244979858,UNRANKED,,False,,,
2025-02-28,2025-03-03,2025-03-04,NOW,XLK,187.20199584960938,156.76600646972656,181.53428213936942,1,stop_loss,LONG,LONG,0.5017265975475311,0.5017223358154297,0.5017308592796326,0.4810340661995651,0.5181649923324585,50.17265975475311,0.5030162632465363,2,False,True,True,55.0,False,0.20577824115753182,UNRANKED,,False,,,
2025-03-03,2025-03-04,2025-03-06,NOW,XLK,180.0,161.67999267578125,174.16285705566406,2,stop_loss,LONG,LONG,0.5015894174575806,0.5014479756355286,0.5017308592796326,0.4810340661995651,0.500498354434967,50.15894174575806,0.5030162632465363,2,False,True,True,55.0,False,0.20124992728233326,UNRANKED,,False,,,
2025-03-04,2025-03-05,2025-03-06,NOW,XLK,181.0,168.6280059814453,175.40685817173548,1,stop_loss,LONG,LONG,0.503920704126358,0.5061105489730835,0.5017308592796326,0.4810340661995651,0.4368632435798645,50.3920704126358,0.5030162632465363,1,True,True,False,55.0,False,0.48003697395324696,UNRANKED,,False,,,
2025-03-05,2025-03-06,2025-03-07,NOW,XLK,178.0,162.32400512695312,172.89114379882812,1,stop_loss,LONG,LONG,0.5068186223506927,0.5119063854217529,0.5017308592796326,0.4810340661995651,0.38036254048347473,50.681862235069275,0.5030162632465363,1,True,True,False,55.0,False,0.4401859343051911,UNRANKED,,False,,,
2025-03-06,2025-03-07,2025-03-10,NOW,XLK,171.3000030517578,168.86599731445312,165.0020032610212,1,stop_loss,LONG,LONG,0.5062335580587387,0.5134512782096863,0.49901583790779114,0.4810340661995651,0.4574173092842102,50.62335580587387,0.5030162632465363,1,True,True,False,55.0,False,0.43557482957839966,UNRANKED,,False,,,
2025-03-07,2025-03-10,2025-03-17,NOW,XLK,164.67999267578125,168.58599853515625,168.58599853515625,5,time_exit,LONG,LONG,0.507564902305603,0.5133989453315735,0.5017308592796326,0.4810340661995651,0.5912399888038635,50.7564902305603,0.5030162632465363,1,True,True,False,55.0,False,0.5023780763149261,UNRANKED,,False,,,
2025-03-10,2025-03-11,2025-03-12,NOW,XLK,160.0,166.0,168.2854287283761,1,take_profit,LONG,LONG,0.504431813955307,0.5071327686309814,0.5017308592796326,0.4810340661995651,0.5740758180618286,50.4431813955307,0.5030162632465363,1,True,True,False,55.0,False,0.49658313393592834,UNRANKED,,False,,,
2025-03-11,2025-03-12,2025-03-19,NOW,XLK,166.95799255371094,168.82400512695312,168.82400512695312,5,time_exit,LONG,LONG,0.5092396438121796,0.5167484283447266,0.5017308592796326,0.4810340661995651,0.6093191504478455,50.92396438121796,0.5030162632465363,1,True,True,False,55.0,False,0.5229120254516604,UNRANKED,,False,,,
2025-03-12,2025-03-13,2025-03-20,NOW,XLK,166.0,164.82400512695312,164.82400512695312,5,time_exit,LONG,LONG,0.5043611824512482,0.5069915056228638,0.5017308592796326,0.4810340661995651,0.5831859707832336,50.43611824512482,0.5030162632465363,1,True,True,False,55.0,False,0.5610294938087462,UNRANKED,,False,,,
2025-03-13,2025-03-14,2025-03-21,NOW,XLK,164.552001953125,165.5500030517578,165.5500030517578,5,time_exit,LONG,LONG,0.5068186223506927,0.5119063854217529,0.5017308592796326,0.4810340661995651,0.5918853878974915,50.681862235069275,0.5030162632465363,1,True,True,False,55.0,False,0.5815269351005554,UNRANKED,,False,,,
2025-03-14,2025-03-17,2025-03-24,NOW,XLK,167.8000030517578,169.9459991455078,169.9459991455078,5,time_exit,LONG,LONG,0.5025843679904938,0.503437876701355,0.5017308592796326,0.4810340661995651,0.5860061645507812,50.25843679904938,0.5030162632465363,2,False,True,True,55.0,False,0.5772881209850313,UNRANKED,,False,,,
2025-03-17,2025-03-18,2025-03-25,NOW,XLK,167.48599243164062,172.2760009765625,172.2760009765625,5,time_exit,SHORT,SHORT,0.4943273365497589,0.48377788066864014,0.5048767924308777,0.3638948116560057,0.5317894816398621,50.56726634502411,0.5030162632465363,1,True,False,True,55.0,False,0.5521607398986818,UNRANKED,,False,,,
2025-03-18,2025-03-19,2025-03-26,NOW,XLK,167.14599609375,167.7100067138672,167.7100067138672,5,time_exit,LONG,LONG,0.5027759075164795,0.5038209557533264,0.5017308592796326,0.4810340661995651,0.637687087059021,50.27759075164795,0.5030162632465363,2,False,True,True,55.0,False,0.5577746033668518,UNRANKED,,False,,,
2025-03-19,2025-03-20,2025-03-27,NOW,XLK,165.447998046875,165.54800415039062,165.54800415039062,5,time_exit,SHORT,SHORT,0.49619221687316895,0.4906535744667053,0.5017308592796326,0.4215530903328051,0.4788956344127655,50.380778312683105,0.5030162632465363,1,True,False,True,55.0,False,0.048563390970230054,UNRANKED,,False,,,
2025-03-20,2025-03-21,2025-03-28,NOW,XLK,163.22799682617188,159.552001953125,159.552001953125,5,time_exit,LONG,LONG,0.5028077065944672,0.5038845539093018,0.5017308592796326,0.4810340661995651,0.5396741032600403,50.280770659446716,0.5030162632465363,2,False,True,True,55.0,False,0.5528260767459868,UNRANKED,,False,,,
2025-03-21,2025-03-24,2025-03-28,NOW,XLK,169.1999969482422,159.22799682617188,160.01428440638952,4,stop_loss,LONG,LONG,0.5015875697135925,0.5014442801475525,0.5017308592796326,0.4810340661995651,0.5267812013626099,50.15875697135925,0.5030162632465363,2,False,True,True,55.0,False,0.49329790472984314,UNRANKED,,False,,,
2025-03-24,2025-03-25,2025-03-28,NOW,XLK,171.64599609375,162.31199645996094,161.9528547014509,3,stop_loss,LONG,LONG,0.5025405883789062,0.5033503174781799,0.5017308592796326,0.4810340661995651,0.46596232056617737,50.254058837890625,0.5030162632465363,2,False,True,True,55.0,False,0.2960433065891266,UNRANKED,,False,,,
2025-03-25,2025-03-26,2025-03-28,NOW,XLK,171.26800537109375,164.80599975585938,161.51914978027344,2,stop_loss,LONG,LONG,0.5009330958127975,0.5037409663200378,0.49812522530555725,0.4810340661995651,0.4240623414516449,50.093309581279755,0.5030162632465363,2,False,True,True,55.0,False,0.3379608690738678,UNRANKED,,False,,,
2025-03-26,2025-03-27,2025-04-03,NOW,XLK,167.00799560546875,154.81399536132812,157.99828447614397,5,take_profit,SHORT,SHORT,0.4958749860525131,0.4900191128253937,0.5017308592796326,0.3638948116560057,0.41119667887687683,50.41250139474869,0.5030162632465363,1,True,False,True,55.0,False,0.38465577363967896,UNRANKED,,False,,,
2025-03-27,2025-03-28,2025-04-03,NOW,XLK,164.0,144.3300018310547,155.15171595982142,4,stop_loss,LONG,LONG,0.503142923116684,0.5110843777656555,0.4952014684677124,0.4810340661995651,0.43352919816970825,50.314292311668396,0.5030162632465363,1,True,True,False,55.0,False,0.31050449609756475,UNRANKED,,False,,,
2025-03-28,2025-03-31,2025-04-02,NOW,XLK,156.3040008544922,147.10000610351562,164.10028512137276,2,take_profit,LONG,LONG,0.511556088924408,0.5213813185691833,0.5017308592796326,0.4810340661995651,0.3924916088581085,51.155608892440796,0.5030162632465363,1,True,True,False,55.0,False,0.45479539036750777,UNRANKED,,False,,,
2025-03-31,2025-04-01,2025-04-04,NOW,XLK,159.6439971923828,145.52000427246094,152.50342450823103,3,stop_loss,LONG,LONG,0.5032570660114288,0.5047832727432251,0.5017308592796326,0.4810340661995651,0.45961353182792664,50.32570660114288,0.5030162632465363,1,True,True,False,55.0,False,0.35382115840911854,UNRANKED,,False,,,
2025-04-01,2025-04-02,2025-04-04,NOW,XLK,158.93600463867188,165.19000244140625,152.3474339076451,2,take_profit,SHORT,SHORT,0.49847984313964844,0.4952288269996643,0.5017308592796326,0.4581673306772908,0.5750913023948669,50.152015686035156,0.5030162632465363,2,False,True,True,55.0,False,0.31572774052619923,UNRANKED,,False,,,
2025-04-02,2025-04-03,2025-04-04,NOW,XLK,156.5500030517578,156.697998046875,150.50571768624442,1,stop_loss,LONG,LONG,0.5029448866844177,0.5041589140892029,0.5017308592796326,0.4810340661995651,0.5201959609985352,50.29448866844177,0.5030162632465363,2,False,True,True,55.0,False,0.4727148413658142,UNRANKED,,False,,,
2025-04-03,2025-04-04,2025-04-09,NOW,XLK,151.26800537109375,157.13400268554688,157.8051496233259,3,take_profit,LONG,LONG,0.5032658576965332,0.5048008561134338,0.5017308592796326,0.4810340661995651,0.5467270016670227,50.32658576965332,0.5030162632465363,1,True,True,False,55.0,False,0.5677132606506348,UNRANKED,,False,,,
2025-04-04,2025-04-07,2025-04-09,NOW,XLK,137.60000610351562,159.96400451660156,145.59486389160156,2,take_profit,LONG,LONG,0.5050935596227646,0.511171281337738,0.49901583790779114,0.4810340661995651,0.5841379761695862,50.50935596227646,0.5030162632465363,1,True,True,False,55.0,False,0.3486662805080414,UNRANKED,,False,,,
2025-04-07,2025-04-08,2025-04-09,NOW,XLK,153.6020050048828,163.3000030517578,161.62314932686942,1,take_profit,LONG,LONG,0.5032658576965332,0.5048008561134338,0.5017308592796326,0.4810340661995651,0.5628722310066223,50.32658576965332,0.5030162632465363,1,True,True,False,55.0,False,0.7849818766117095,UNRANKED,,False,,,
2025-04-08,2025-04-09,2025-04-10,NOW,XLK,145.0,159.33200073242188,152.8434295654297,1,take_profit,LONG,LONG,0.5056784451007843,0.509626030921936,0.5017308592796326,0.4810340661995651,0.5555054545402527,50.56784451007843,0.5030162632465363,1,True,True,False,55.0,False,0.5771995782852174,UNRANKED,,False,,,
2025-04-09,2025-04-10,2025-04-17,NOW,XLK,161.41799926757812,154.4320068359375,154.4320068359375,5,time_exit,SHORT,SHORT,0.48145341873168945,0.46879592537879944,0.49411091208457947,0.2777777777777778,0.5580725073814392,51.854658126831055,0.5030162632465363,1,True,False,True,55.0,False,0.49905429780483235,UNRANKED,,False,,,
2025-04-10,2025-04-11,2025-04-21,NOW,XLK,154.26199340820312,151.197998046875,151.197998046875,5,time_exit,LONG,LONG,0.5014910250902176,0.5088711380958557,0.49411091208457947,0.4810340661995651,0.5874771475791931,50.14910250902176,0.5030162632465363,2,False,True,True,55.0,False,0.6842483282089232,UNRANKED,,False,,,
2025-04-11,2025-04-14,2025-04-22,NOW,XLK,160.44400024414062,153.36599731445312,153.36599731445312,5,time_exit,LONG,LONG,0.5017042011022568,0.4921322166919708,0.5112761855125427,0.4579380139152435,0.5272048711776733,50.17042011022568,0.5030162632465363,2,False,True,True,55.0,False,1.0854174792766573,UNRANKED,,False,,,
2025-04-14,2025-04-15,2025-04-23,NOW,XLK,160.19200134277344,162.5399932861328,162.5399932861328,5,time_exit,LONG,LONG,0.506018340587616,0.5007604956626892,0.5112761855125427,0.4810340661995651,0.5334634184837341,50.6018340587616,0.5030162632465363,1,True,True,False,55.0,False,0.46275478601455705,UNRANKED,,False,,,
2025-04-15,2025-04-16,2025-04-24,NOW,XLK,160.9219970703125,187.71400451660156,171.44342912946428,5,take_profit,LONG,LONG,0.506018340587616,0.5007604956626892,0.5112761855125427,0.4810340661995651,0.5476111769676208,50.6018340587616,0.5030162632465363,1,True,True,False,55.0,False,0.4634554833173751,UNRANKED,,False,,,
2025-04-16,2025-04-17,2025-04-24,NOW,XLK,160.01199340820312,189.052001953125,170.79142543247767,4,stop_loss,SHORT,SHORT,0.4884987771511078,0.4787328541278839,0.49826470017433167,0.34845360824742266,0.5989556312561035,51.15012228488922,0.5030162632465363,1,True,False,True,55.0,False,0.053546726703643764,UNRANKED,,False,,,
2025-04-17,2025-04-21,2025-04-23,NOW,XLK,151.8719940185547,187.48199462890625,162.49485342843192,2,stop_loss,SHORT,SHORT,0.49278953671455383,0.487314373254776,0.49826470017433167,0.3638948116560057,0.38878631591796875,50.72104632854462,0.5030162632465363,1,True,False,True,55.0,False,0.003519982099533213,UNRANKED,,False,,,
2025-04-21,2025-04-22,2025-04-24,NOW,XLK,152.55999755859375,188.57200622558594,163.59857177734375,2,take_profit,LONG,LONG,0.502217635512352,0.5061705708503723,0.49826470017433167,0.4810340661995651,0.3832760453224182,50.2217635512352,0.5030162632465363,2,False,True,True,55.0,False,0.1259413659572604,UNRANKED,,False,,,
2025-04-22,2025-04-23,2025-04-24,NOW,XLK,164.20799255371094,191.0019989013672,175.11570957728796,1,take_profit,LONG,LONG,0.5112151354551315,0.5241655707359314,0.49826470017433167,0.4810340661995651,0.3311036229133606,51.12151354551315,0.5030162632465363,1,True,True,False,55.0,False,0.4660471677780151,UNRANKED,,False,,,
2025-04-23,2025-04-24,2025-05-01,NOW,XLK,180.06199645996094,191.58999633789062,191.58999633789062,5,time_exit,LONG,LONG,0.5077030062675476,0.5136751532554626,0.5017308592796326,0.4810340661995651,0.382489413022995,50.77030062675476,0.5030162632465363,1,True,True,False,55.0,False,0.49394994974136347,UNRANKED,,False,,,
2025-04-24,2025-04-25,2025-05-02,NOW,XLK,188.8000030517578,195.4720001220703,195.4720001220703,5,time_exit,SHORT,SHORT,0.4917764365673065,0.48182201385498047,0.5017308592796326,0.3638948116560057,0.38174381852149963,50.82235634326935,0.5030162632465363,1,True,False,True,55.0,False,0.5907061100006104,UNRANKED,,False,,,
2025-04-25,2025-04-28,2025-05-05,NOW,XLK,191.97000122070312,195.61000061035156,195.61000061035156,5,time_exit,LONG,LONG,0.5008505135774612,0.507590115070343,0.49411091208457947,0.4810340661995651,0.38742005825042725,50.085051357746124,0.5030162632465363,2,False,True,True,55.0,False,0.38564079999923695,UNRANKED,,False,,,
2025-04-28,2025-04-29,2025-05-06,NOW,XLK,188.0,193.052001953125,193.052001953125,5,time_exit,SHORT,SHORT,0.4980306476354599,0.5019503831863403,0.49411091208457947,0.4810340661995651,0.509391188621521,50.19693523645401,0.5030162632465363,2,False,True,True,55.0,False,0.6857538223266603,UNRANKED,,False,,,
2025-04-29,2025-04-30,2025-05-07,NOW,XLK,186.11199951171875,196.6580047607422,196.6580047607422,5,time_exit,LONG,LONG,0.5059685707092285,0.5006609559059143,0.5112761855125427,0.4810340661995651,0.47983062267303467,50.59685707092285,0.5030162632465363,1,True,True,False,55.0,False,0.5013767778873442,UNRANKED,,False,,,
2025-04-30,2025-05-01,2025-05-08,NOW,XLK,194.77200317382812,194.8979949951172,194.8979949951172,5,time_exit,LONG,LONG,0.5050017088651657,0.4987272322177887,0.5112761855125427,0.4810340661995651,0.5196470618247986,50.50017088651657,0.5030162632465363,1,True,True,False,55.0,False,0.43613919615745556,UNRANKED,,False,,,
2025-05-01,2025-05-02,2025-05-09,NOW,XLK,195.78399658203125,196.01199340820312,196.01199340820312,5,time_exit,LONG,LONG,0.5065523982048035,0.5018286108970642,0.5112761855125427,0.4810340661995651,0.38528844714164734,50.65523982048035,0.5030162632465363,1,True,True,False,55.0,False,0.4249252676963806,UNRANKED,,False,,,
2025-05-02,2025-05-05,2025-05-12,NOW,XLK,194.60000610351562,203.1199951171875,203.1199951171875,5,time_exit,LONG,LONG,0.5026592463254929,0.507053792476654,0.49826470017433167,0.4810340661995651,0.39080488681793213,50.265924632549286,0.5030162632465363,2,False,True,True,55.0,False,0.5436762869358064,UNRANKED,,False,,,
2025-05-05,2025-05-06,2025-05-12,NOW,XLK,193.80799865722656,207.343994140625,202.80657305036272,4,stop_loss,SHORT,SHORT,0.4962911754846573,0.4943176507949829,0.49826470017433167,0.4579380139152435,0.4634481370449066,50.37088245153427,0.5030162632465363,1,True,False,True,55.0,False,0.5101452469825746,UNRANKED,,False,,,
2025-05-06,2025-05-07,2025-05-13,NOW,XLK,194.24400329589844,205.36399841308594,203.13143484933036,4,take_profit,LONG,LONG,0.5010918825864792,0.5039190649986267,0.49826470017433167,0.4810340661995651,0.46838241815567017,50.10918825864792,0.5030162632465363,2,False,True,True,55.0,False,0.22238677740097054,UNRANKED,,False,,,
2025-05-07,2025-05-08,2025-05-13,NOW,XLK,197.0,207.03599548339844,205.8357173374721,3,stop_loss,SHORT,SHORT,0.49909044802188873,0.4999161958694458,0.49826470017433167,0.4810340661995651,0.42414647340774536,50.09095519781113,0.5030162632465363,2,False,True,True,55.0,False,0.20557194948196403,UNRANKED,,False,,,
2025-05-08,2025-05-09,2025-05-13,NOW,XLK,196.0,208.03599548339844,204.38714817592077,2,take_profit,LONG,LONG,0.5019177049398422,0.5055707097053528,0.49826470017433167,0.4810340661995651,0.4173031151294708,50.19177049398422,0.5030162632465363,2,False,True,True,55.0,False,0.2632282078266143,UNRANKED,,False,,,
2025-05-09,2025-05-12,2025-05-19,NOW,XLK,201.70399475097656,205.14999389648438,205.14999389648438,5,time_exit,SHORT,SHORT,0.497180700302124,0.4960967004299164,0.49826470017433167,0.46327014218009477,0.5143109560012817,50.2819299697876,0.5030162632465363,2,False,True,True,55.0,False,0.23110857605934146,UNRANKED,,False,,,
2025-05-12,2025-05-13,2025-05-20,NOW,XLK,204.60000610351562,204.3679962158203,204.3679962158203,5,time_exit,LONG,LONG,0.5013934522867203,0.5045222043991089,0.49826470017433167,0.4810340661995651,0.4403995871543884,50.13934522867203,0.5030162632465363,2,False,True,True,55.0,False,0.3261557519435883,UNRANKED,,False,,,
2025-05-13,2025-05-14,2025-05-21,NOW,XLK,207.39999389648438,202.95199584960938,202.95199584960938,5,time_exit,SHORT,SHORT,0.49294881522655487,0.49069616198539734,0.4952014684677124,0.4215530903328051,0.4357195496559143,50.70511847734451,0.5030162632465363,1,True,False,True,55.0,False,0.1911903023719788,UNRANKED,,False,,,
2025-05-14,2025-05-15,2025-05-22,NOW,XLK,206.88400268554688,203.1540069580078,203.1540069580078,5,time_exit,SHORT,SHORT,0.4905073195695877,0.48288941383361816,0.49812522530555725,0.3638948116560057,0.5424844622612,50.94926804304123,0.5030162632465363,1,True,False,True,55.0,False,0.28086662292480474,UNRANKED,,False,,,
2025-05-15,2025-05-16,2025-05-23,NOW,XLK,207.67799377441406,200.87399291992188,202.86084856305803,5,take_profit,SHORT,SHORT,0.4987058788537979,0.4992865324020386,0.49812522530555725,0.4810340661995651,0.4301609694957733,50.12941211462021,0.5030162632465363,2,False,True,True,55.0,False,0.2839801609516144,UNRANKED,,False,,,
2025-05-16,2025-05-19,2025-05-23,NOW,XLK,205.7899932861328,205.47799682617188,201.05427769252233,4,stop_loss,LONG,LONG,0.5015805959701538,0.49828439950942993,0.5048767924308777,0.4810340661995651,0.4567592740058899,50.15805959701538,0.5030162632465363,2,False,True,True,55.0,False,0.2770141661167146,UNRANKED,,False,,,
2025-05-19,2025-05-20,2025-05-28,NOW,XLK,203.0,204.25999450683594,204.25999450683594,5,time_exit,SHORT,SHORT,0.4987756162881851,0.4992865324020386,0.49826470017433167,0.4810340661995651,0.4206485152244568,50.12243837118149,0.5030162632465363,2,False,True,True,55.0,False,0.1396771073341369,UNRANKED,,False,,,
2025-05-20,2025-05-21,2025-05-29,NOW,XLK,201.77999877929688,203.04600524902344,203.04600524902344,5,time_exit,SHORT,SHORT,0.49698181450366974,0.4956989288330078,0.49826470017433167,0.46327014218009477,0.47516998648643494,50.301818549633026,0.5030162632465363,1,True,False,True,55.0,False,0.27376598119735723,UNRANKED,,False,,,
2025-05-21,2025-05-22,2025-05-30,NOW,XLK,202.95199584960938,202.21800231933594,202.21800231933594,5,time_exit,SHORT,SHORT,0.49698181450366974,0.4956989288330078,0.49826470017433167,0.46327014218009477,0.5033543705940247,50.301818549633026,0.5030162632465363,1,True,False,True,55.0,False,0.24900150299072268,UNRANKED,,False,,,
2025-05-22,2025-05-23,2025-05-27,NOW,XLK,200.0,202.4219970703125,204.34943062918526,1,stop_loss,SHORT,SHORT,0.49730274081230164,0.4963407814502716,0.49826470017433167,0.46327014218009477,0.4790474772453308,50.269725918769836,0.5030162632465363,2,False,True,True,55.0,False,0.22812777757644656,UNRANKED,,False,,,
2025-05-23,2025-05-27,2025-06-03,NOW,XLK,202.7220001220703,202.17599487304688,202.17599487304688,5,time_exit,SHORT,SHORT,0.49730274081230164,0.4963407814502716,0.49826470017433167,0.46327014218009477,0.503892719745636,50.269725918769836,0.5030162632465363,2,False,True,True,55.0,False,0.3497773408889771,UNRANKED,,False,,,
2025-05-27,2025-05-28,2025-06-04,NOW,XLK,205.47799682617188,202.54800415039062,202.54800415039062,5,time_exit,LONG,LONG,0.5003939419984818,0.4959110915660858,0.5048767924308777,0.46327014218009477,0.45215684175491333,50.039394199848175,0.5030162632465363,2,False,True,True,55.0,False,0.30308160185813904,UNRANKED,,False,,,
2025-05-28,2025-05-29,2025-06-05,NOW,XLK,204.63400268554688,203.52000427246094,203.52000427246094,5,time_exit,LONG,LONG,0.501883253455162,0.5056412816047668,0.49812522530555725,0.4810340661995651,0.5211336612701416,50.188325345516205,0.5030162632465363,2,False,True,True,55.0,False,0.2812266945838929,UNRANKED,,False,,,
2025-05-29,2025-05-30,2025-06-06,NOW,XLK,204.0,206.04200744628906,206.04200744628906,5,time_exit,LONG,LONG,0.5018725693225861,0.49886834621429443,0.5048767924308777,0.4810340661995651,0.5020536184310913,50.187256932258606,0.5030162632465363,2,False,True,True,55.0,False,0.3186502456665038,UNRANKED,,False,,,
2025-05-30,2025-06-02,2025-06-09,NOW,XLK,201.8280029296875,205.3719940185547,205.3719940185547,5,time_exit,SHORT,SHORT,0.4987756162881851,0.4992865324020386,0.49826470017433167,0.4810340661995651,0.4495471715927124,50.12243837118149,0.5030162632465363,2,False,True,True,55.0,False,0.156728059053421,UNRANKED,,False,,,
2025-06-02,2025-06-03,2025-06-06,NOW,XLK,202.36399841308594,201.95799255371094,205.8654283796038,3,stop_loss,SHORT,SHORT,0.4987058788537979,0.4992865324020386,0.49812522530555725,0.4810340661995651,0.5553728938102722,50.12941211462021,0.5030162632465363,2,False,True,True,55.0,False,0.4634154736995696,UNRANKED,,False,,,
2025-06-03,2025-06-04,2025-06-06,NOW,XLK,202.31199645996094,200.86599731445312,205.2451411655971,2,stop_loss,SHORT,SHORT,0.49631503224372864,0.4943653643131256,0.49826470017433167,0.4579380139152435,0.5351966619491577,50.368496775627136,0.5030162632465363,1,True,False,True,55.0,False,0.2810220718383788,UNRANKED,,False,,,
2025-06-04,2025-06-05,2025-06-10,NOW,XLK,205.46200561523438,201.4739990234375,202.7585732596261,3,take_profit,SHORT,SHORT,0.4980756342411041,0.4978865683078766,0.49826470017433167,0.4810340661995651,0.4302513897418976,50.19243657588959,0.5030162632465363,2,False,True,True,55.0,False,0.22171586751937858,UNRANKED,,False,,,
2025-06-05,2025-06-06,2025-06-10,NOW,XLK,205.24600219726562,197.73199462890625,202.64256940569197,2,take_profit,SHORT,SHORT,0.49856652319431305,0.49886834621429443,0.49826470017433167,0.4810340661995651,0.4306764006614685,50.143347680568695,0.5030162632465363,2,False,True,True,55.0,False,0.24393779039382935,UNRANKED,,False,,,
2025-06-06,2025-06-09,2025-06-10,NOW,XLK,206.1999969482422,201.0260009765625,203.37913513183594,1,take_profit,SHORT,SHORT,0.49856652319431305,0.49886834621429443,0.49826470017433167,0.4810340661995651,0.3985343277454376,50.143347680568695,0.5030162632465363,2,False,True,True,55.0,False,0.17990651726722723,UNRANKED,,False,,,
2025-06-09,2025-06-10,2025-06-11,NOW,XLK,204.22799682617188,200.98199462890625,201.7237047467913,1,take_profit,SHORT,SHORT,0.49824558198451996,0.49822646379470825,0.49826470017433167,0.4810340661995651,0.3787168860435486,50.175441801548004,0.5030162632465363,2,False,True,True,55.0,False,0.12903395295143122,UNRANKED,,False,,,
2025-06-10,2025-06-11,2025-06-13,NOW,XLK,202.04800415039062,196.41600036621094,199.16771153041296,2,take_profit,SHORT,SHORT,0.49708789587020874,0.4959110915660858,0.49826470017433167,0.46327014218009477,0.37607282400131226,50.291210412979126,0.5030162632465363,2,False,True,True,55.0,False,0.12236607074737546,UNRANKED,,False,,,
2025-06-11,2025-06-12,2025-06-18,NOW,XLK,200.52000427246094,194.28199768066406,197.68599809919084,4,take_profit,SHORT,SHORT,0.49856652319431305,0.49886834621429443,0.49826470017433167,0.4810340661995651,0.3325677514076233,50.143347680568695,0.5030162632465363,2,False,True,True,55.0,False,0.1650457084178925,UNRANKED,,False,,,
2025-06-12,2025-06-13,2025-06-18,NOW,XLK,199.6060028076172,196.0800018310547,196.71399797712053,3,take_profit,SHORT,SHORT,0.49856652319431305,0.49886834621429443,0.49826470017433167,0.4810340661995651,0.3293868601322174,50.143347680568695,0.5030162632465363,2,False,True,True,55.0,False,0.11667957901954655,UNRANKED,,False,,,
2025-06-13,2025-06-16,2025-06-20,NOW,XLK,198.39999389648438,199.26400756835938,195.29913330078125,3,take_profit,SHORT,SHORT,0.49856652319431305,0.49886834621429443,0.49826470017433167,0.4810340661995651,0.37722158432006836,50.143347680568695,0.5030162632465363,2,False,True,True,55.0,False,0.18735939264297485,UNRANKED,,False,,,
2025-06-16,2025-06-17,2025-06-18,NOW,XLK,200.77000427246094,201.03199768066406,197.85628618512834,1,take_profit,SHORT,SHORT,0.4982745498418808,0.49828439950942993,0.49826470017433167,0.4810340661995651,0.36099520325660706,50.17254501581192,0.5030162632465363,2,False,True,True,55.0,False,0.168671816587448,UNRANKED,,False,,,
2025-06-17,2025-06-18,2025-06-20,NOW,XLK,200.88800048828125,202.28799438476562,198.1419961111886,1,take_profit,SHORT,SHORT,0.49954853951931,0.5008323788642883,0.49826470017433167,0.4810340661995651,0.39085695147514343,50.045146048069,0.5030162632465363,2,False,True,True,55.0,False,0.13417378067970284,UNRANKED,,False,,,
2025-06-18,2025-06-20,2025-06-25,NOW,XLK,197.1179962158203,204.48399353027344,200.34285845075334,3,stop_loss,SHORT,SHORT,0.49954853951931,0.5008323788642883,0.49826470017433167,0.4810340661995651,0.4149603247642517,50.045146048069,0.5030162632465363,2,False,True,True,55.0,False,0.2211813032627104,UNRANKED,,False,,,
2025-06-20,2025-06-23,2025-06-24,NOW,XLK,194.28199768066406,205.61599731445312,197.6934313092913,1,stop_loss,SHORT,SHORT,0.49845467507839203,0.4986446499824524,0.49826470017433167,0.4810340661995651,0.3896443545818329,50.1545324921608,0.5030162632465363,2,False,True,True,55.0,False,0.2552781999111174,UNRANKED,,False,,,
2025-06-23,2025-06-24,2025-06-26,NOW,XLK,198.0,202.3780059814453,201.63914925711495,2,stop_loss,SHORT,SHORT,0.49642200767993927,0.49764254689216614,0.4952014684677124,0.4810340661995651,0.3885857164859772,50.35779923200607,0.5030162632465363,1,True,False,True,55.0,False,0.20427790284156802,UNRANKED,,False,,,
2025-06-24,2025-06-25,2025-06-27,NOW,XLK,199.656005859375,201.95199584960938,203.7148699079241,2,stop_loss,SHORT,SHORT,0.49642200767993927,0.49764254689216614,0.4952014684677124,0.4810340661995651,0.3907834589481354,50.35779923200607,0.5030162632465363,1,True,False,True,55.0,False,0.0873683393001555,UNRANKED,,False,,,
2025-06-25,2025-06-26,2025-07-03,NOW,XLK,201.43600463867188,208.93800354003906,205.69429452078683,5,stop_loss,SHORT,SHORT,0.4972440004348755,0.4992865324020386,0.4952014684677124,0.4810340661995651,0.3915073871612549,50.27559995651245,0.5030162632465363,2,False,True,True,55.0,False,0.12401276826858529,UNRANKED,,False,,,
2025-06-26,2025-06-27,2025-07-03,NOW,XLK,202.55599975585938,207.0019989013672,206.85486057826452,4,take_profit,LONG,LONG,0.5008076876401901,0.49673858284950256,0.5048767924308777,0.4810340661995651,0.48146161437034607,50.08076876401901,0.5030162632465363,2,False,True,True,55.0,False,0.19323298335075373,UNRANKED,,False,,,
2025-06-27,2025-06-30,2025-07-08,NOW,XLK,205.947998046875,204.5959930419922,204.5959930419922,5,time_exit,SHORT,SHORT,0.4982048124074936,0.49828439950942993,0.49812522530555725,0.4810340661995651,0.459438294172287,50.17951875925064,0.5030162632465363,2,False,True,True,55.0,False,0.23977431654930106,UNRANKED,,False,,,
2025-06-30,2025-07-01,2025-07-09,NOW,XLK,205.45199584960938,202.74200439453125,202.74200439453125,5,time_exit,SHORT,SHORT,0.4982048124074936,0.49828439950942993,0.49812522530555725,0.4810340661995651,0.5231221318244934,50.17951875925064,0.5030162632465363,2,False,True,True,55.0,False,0.27787497639656067,UNRANKED,,False,,,
2025-07-01,2025-07-02,2025-07-03,NOW,XLK,200.07400512695312,193.6179962158203,204.36714826311385,1,take_profit,LONG,LONG,0.5054075568914413,0.512550413608551,0.49826470017433167,0.4810340661995651,0.4394020438194275,50.540755689144135,0.5030162632465363,1,True,True,False,55.0,False,0.3549154996871948,UNRANKED,,False,,,
2025-07-02,2025-07-03,2025-07-10,NOW,XLK,203.54600524902344,187.75599670410156,199.34800284249442,4,take_profit,SHORT,SHORT,0.48261670768260956,0.46696871519088745,0.49826470017433167,0.2777777777777778,0.392023503780365,51.738329231739044,0.5030162632465363,1,True,False,True,55.0,False,0.35181456804275524,UNRANKED,,False,,,
2025-07-03,2025-07-07,2025-07-09,NOW,XLK,208.64599609375,192.3560028076172,203.53684997558594,2,take_profit,SHORT,SHORT,0.49642200767993927,0.49764254689216614,0.4952014684677124,0.4810340661995651,0.5782465934753418,50.35779923200607,0.5030162632465363,1,True,False,True,55.0,False,0.30842581391334534,UNRANKED,,False,,,
2025-07-07,2025-07-08,2025-07-10,NOW,XLK,207.43600463867188,191.38400268554688,202.58485848563058,2,take_profit,SHORT,SHORT,0.49960316717624664,0.5001904964447021,0.49901583790779114,0.4810340661995651,0.4969480335712433,50.039683282375336,0.5030162632465363,2,False,True,True,55.0,False,0.2095373272895813,UNRANKED,,False,,,
2025-07-08,2025-07-09,2025-07-10,NOW,XLK,204.89999389648438,193.3939971923828,200.1757049560547,1,stop_loss,LONG,LONG,0.5009606778621674,0.5001904964447021,0.5017308592796326,0.4810340661995651,0.4578835666179657,50.096067786216736,0.5030162632465363,2,False,True,True,55.0,False,0.2708066999912261,UNRANKED,,False,,,
2025-07-09,2025-07-10,2025-07-11,NOW,XLK,202.74000549316406,191.8300018310547,197.75714765276228,1,stop_loss,LONG,LONG,0.5084136724472046,0.5150964856147766,0.5017308592796326,0.4810340661995651,0.3827858567237854,50.84136724472046,0.5030162632465363,1,True,True,False,55.0,False,0.2449983954429626,UNRANKED,,False,,,
2025-07-10,2025-07-11,2025-07-18,NOW,XLK,192.0,192.67999267578125,192.67999267578125,5,time_exit,SHORT,SHORT,0.4868243634700775,0.47191786766052246,0.5017308592796326,0.34845360824742266,0.4379954934120178,51.31756365299225,0.5030162632465363,1,True,False,True,55.0,False,0.3931708931922912,UNRANKED,,False,,,
2025-07-11,2025-07-14,2025-07-21,NOW,XLK,187.74000549316406,191.98199462890625,191.98199462890625,5,time_exit,LONG,LONG,0.5019834339618683,0.502236008644104,0.5017308592796326,0.4810340661995651,0.4356943368911743,50.19834339618683,0.5030162632465363,2,False,True,True,55.0,False,0.33113425970077526,UNRANKED,,False,,,
2025-07-14,2025-07-15,2025-07-22,NOW,XLK,193.0540008544922,192.4739990234375,192.4739990234375,5,time_exit,LONG,LONG,0.5007300227880478,0.5024442076683044,0.49901583790779114,0.4810340661995651,0.44483718276023865,50.07300227880478,0.5030162632465363,2,False,True,True,55.0,False,0.28904652595520014,UNRANKED,,False,,,
2025-07-15,2025-07-16,2025-07-23,NOW,XLK,193.01199340820312,191.28599548339844,191.28599548339844,5,time_exit,SHORT,SHORT,0.4968706965446472,0.4956161677837372,0.49812522530555725,0.46327014218009477,0.48006099462509155,50.31293034553528,0.5030162632465363,1,True,False,True,55.0,False,0.5244400501251221,UNRANKED,,False,,,
2025-07-16,2025-07-17,2025-07-24,NOW,XLK,193.697998046875,199.23599243164062,199.23599243164062,5,time_exit,SHORT,SHORT,0.4946177899837494,0.49111035466194153,0.49812522530555725,0.4215530903328051,0.46616968512535095,50.53822100162506,0.5030162632465363,1,True,False,True,55.0,False,0.49519950151443476,UNRANKED,,False,,,
2025-07-17,2025-07-18,2025-07-24,NOW,XLK,191.61000061035156,193.75799560546875,197.9394313267299,4,stop_loss,SHORT,SHORT,0.49808961153030396,0.49805399775505066,0.49812522530555725,0.4810340661995651,0.46300438046455383,50.191038846969604,0.5030162632465363,2,False,True,True,55.0,False,0.3694140017032624,UNRANKED,,False,,,
2025-07-18,2025-07-21,2025-07-24,NOW,XLK,191.906005859375,197.14999389648438,198.04314967564173,3,take_profit,LONG,LONG,0.5011055320501328,0.4973342716693878,0.5048767924308777,0.4810340661995651,0.49647819995880127,50.110553205013275,0.5030162632465363,2,False,True,True,55.0,False,0.3294610381126404,UNRANKED,,False,,,
2025-07-21,2025-07-22,2025-07-24,NOW,XLK,192.75599670410156,198.63999938964844,198.83113970075334,2,stop_loss,SHORT,SHORT,0.4993467181921005,0.5005682110786438,0.49812522530555725,0.4810340661995651,0.5307545065879822,50.06532818078995,0.5030162632465363,2,False,True,True,55.0,False,0.32958921790122997,UNRANKED,,False,,,
2025-07-22,2025-07-23,2025-07-24,NOW,XLK,189.57200622558594,195.49600219726562,195.25486537388392,1,take_profit,LONG,LONG,0.5193258672952652,0.5403870344161987,0.49826470017433167,0.5789473684210527,0.38445308804512024,51.93258672952652,0.5030162632465363,1,True,True,False,55.0,False,-0.07224774360656741,UNRANKED,,False,,,
2025-07-23,2025-07-24,2025-07-25,NOW,XLK,206.9320068359375,188.62399291992188,201.14029148646765,1,stop_loss,LONG,LONG,0.5026369243860245,0.5070091485977173,0.49826470017433167,0.4810340661995651,0.37434691190719604,50.26369243860245,0.5030162632465363,2,False,True,True,55.0,False,0.06789863109588623,UNRANKED,,False,,,
2025-07-24,2025-07-25,2025-07-31,NOW,XLK,200.0240020751953,182.87399291992188,194.09457397460938,4,take_profit,SHORT,SHORT,0.49756236374378204,0.4968600273132324,0.49826470017433167,0.4810340661995651,0.46453797817230225,50.243763625621796,0.5030162632465363,2,False,True,True,55.0,False,0.11573916673660277,UNRANKED,,False,,,
2025-07-25,2025-07-28,2025-07-31,NOW,XLK,195.1999969482422,184.60000610351562,188.76456996372767,3,take_profit,SHORT,SHORT,0.4995536059141159,0.5008425116539001,0.49826470017433167,0.4810340661995651,0.43711456656455994,50.04463940858841,0.5030162632465363,2,False,True,True,55.0,False,0.17457190155982966,UNRANKED,,False,,,
2025-07-28,2025-07-29,2025-07-31,NOW,XLK,198.30599975585938,181.0240020751953,191.72971670968192,2,take_profit,SHORT,SHORT,0.4998162239789963,0.5013677477836609,0.49826470017433167,0.4810340661995651,0.4997015595436096,50.01837760210037,0.5030162632465363,2,False,True,True,55.0,False,0.2906449735164642,UNRANKED,,False,,,
2025-07-29,2025-07-30,2025-07-31,NOW,XLK,198.3179931640625,182.46200561523438,191.79370771135603,1,take_profit,SHORT,SHORT,0.4996785521507263,0.5041556358337402,0.4952014684677124,0.4810340661995651,0.41487592458724976,50.03214478492737,0.5030162632465363,2,False,True,True,55.0,False,0.2605051100254059,UNRANKED,,False,,,
2025-07-30,2025-07-31,2025-08-01,NOW,XLK,196.39999389648438,174.82400512695312,190.72999572753906,1,take_profit,SHORT,SHORT,0.4950254559516907,0.4919256865978241,0.49812522530555725,0.4215530903328051,0.5232903361320496,50.49745440483093,0.5030162632465363,1,True,False,True,55.0,False,0.3689926266670227,UNRANKED,,False,,,
2025-07-31,2025-08-01,2025-08-05,NOW,XLK,187.45799255371094,174.5019989013672,181.64370727539062,2,stop_loss,LONG,LONG,0.5022533684968948,0.5063815116882324,0.49812522530555725,0.4810340661995651,0.38659924268722534,50.225336849689484,0.5030162632465363,2,False,True,True,55.0,False,0.4101594388484956,UNRANKED,,False,,,
2025-08-01,2025-08-04,2025-08-07,NOW,XLK,183.70399475097656,171.2740020751953,177.72542463030135,3,stop_loss,LONG,LONG,0.5064019560813904,0.5079271197319031,0.5048767924308777,0.4810340661995651,0.41259005665779114,50.64019560813904,0.5030162632465363,1,True,True,False,55.0,False,0.4135575592517852,UNRANKED,,False,,,
2025-08-04,2025-08-05,2025-08-07,NOW,XLK,184.39999389648438,170.68600463867188,178.31370762416296,2,take_profit,SHORT,SHORT,0.49922046065330505,0.5032394528388977,0.4952014684677124,0.4810340661995651,0.45082980394363403,50.077953934669495,0.5030162632465363,2,False,True,True,55.0,False,0.4234708547592163,UNRANKED,,False,,,
2025-08-05,2025-08-06,2025-08-07,NOW,XLK,182.32000732421875,172.66000366210938,176.010005405971,1,stop_loss,LONG,LONG,0.5033668428659439,0.5084689855575562,0.49826470017433167,0.4810340661995651,0.46696802973747253,50.33668428659439,0.5030162632465363,1,True,True,False,55.0,False,0.39953464269638067,UNRANKED,,False,,,
2025-08-06,2025-08-07,2025-08-08,NOW,XLK,184.39999389648438,170.1719970703125,178.10799080984933,1,stop_loss,LONG,LONG,0.5002350956201553,0.5023449659347534,0.49812522530555725,0.4810340661995651,0.4772932231426239,50.02350956201553,0.5030162632465363,2,False,True,True,55.0,False,0.4718298017978668,UNRANKED,,False,,,
2025-08-07,2025-08-08,2025-08-15,NOW,XLK,175.67799377441406,173.447998046875,173.447998046875,5,time_exit,LONG,LONG,0.5014002472162247,0.5045357942581177,0.49826470017433167,0.4810340661995651,0.48084917664527893,50.14002472162247,0.5030162632465363,2,False,True,True,55.0,False,0.517064392566681,UNRANKED,,False,,,
2025-08-08,2025-08-11,2025-08-18,NOW,XLK,173.58399963378906,178.41000366210938,178.41000366210938,5,time_exit,LONG,LONG,0.500557616353035,0.5029900074005127,0.49812522530555725,0.4810340661995651,0.3617481291294098,50.0557616353035,0.5030162632465363,2,False,True,True,55.0,False,0.45845910906791687,UNRANKED,,False,,,
2025-08-11,2025-08-12,2025-08-19,NOW,XLK,171.56199645996094,177.3560028076172,177.3560028076172,5,time_exit,LONG,LONG,0.5017777234315872,0.5054302215576172,0.49812522530555725,0.4810340661995651,0.44636601209640503,50.17777234315872,0.5030162632465363,2,False,True,True,55.0,False,0.5469683110713959,UNRANKED,,False,,,
2025-08-12,2025-08-13,2025-08-20,NOW,XLK,172.11399841308594,178.0500030517578,178.0500030517578,5,time_exit,LONG,LONG,0.5025505274534225,0.5069758296012878,0.49812522530555725,0.4810340661995651,0.46216729283332825,50.255052745342255,0.5030162632465363,2,False,True,True,55.0,False,0.3366158306598665,UNRANKED,,False,,,
2025-08-13,2025-08-14,2025-08-18,NOW,XLK,171.23199462890625,175.3939971923828,177.89142717633928,2,stop_loss,SHORT,SHORT,0.4902738332748413,0.48228296637535095,0.49826470017433167,0.3638948116560057,0.36857008934020996,50.97261667251587,0.5030162632465363,1,True,False,True,55.0,False,0.2680977880954741,UNRANKED,,False,,,
2025-08-14,2025-08-15,2025-08-18,NOW,XLK,170.35400390625,177.35000610351562,176.58629499162947,1,take_profit,LONG,LONG,0.5067816525697708,0.51529860496521,0.49826470017433167,0.4810340661995651,0.445749968290329,50.67816525697708,0.5030162632465363,1,True,True,False,55.0,False,0.4864532947540284,UNRANKED,,False,,,
2025-08-15,2025-08-18,2025-08-25,NOW,XLK,173.2899932861328,175.98800659179688,175.98800659179688,5,time_exit,SHORT,SHORT,0.4955815523862839,0.502008855342865,0.48915424942970276,0.502008855342865,0.36860281229019165,50.44184476137161,0.5091242492198944,2,False,True,True,52.0,True,0.19084492325782773,UNRANKED,,False,,,
2025-08-18,2025-08-19,2025-08-26,NOW,XLK,178.67999267578125,172.9320068359375,172.9320068359375,5,time_exit,SHORT,SHORT,0.49258436262607574,0.5004675388336182,0.4847011864185333,0.5004675388336182,0.49592483043670654,50.741563737392426,0.5091242492198944,2,False,True,True,52.0,True,0.43738439679145824,UNRANKED,,False,,,
2025-08-19,2025-08-20,2025-08-27,NOW,XLK,176.8520050048828,177.5959930419922,177.5959930419922,5,time_exit,SHORT,SHORT,0.49305689334869385,0.502008855342865,0.4841049313545227,0.502008855342865,0.4435519576072693,50.694310665130615,0.5091242492198944,2,False,True,True,52.0,True,-0.2173156440258027,UNRANKED,,False,,,
2025-08-20,2025-08-21,2025-08-28,NOW,XLK,177.18600463867188,185.72000122070312,182.7165810721261,5,stop_loss,SHORT,SHORT,0.49890604615211487,0.502008855342865,0.49580323696136475,0.502008855342865,0.3994521200656891,50.10939538478851,0.5091242492198944,2,False,True,True,52.0,True,0.2865778505802154,UNRANKED,,False,,,
2025-08-21,2025-08-22,2025-08-28,NOW,XLK,175.66799926757812,183.49200439453125,180.75657653808594,4,stop_loss,SHORT,SHORT,0.4907326400279999,0.502008855342865,0.47945642471313477,0.502008855342865,0.37237587571144104,50.92673599720001,0.5091242492198944,1,True,False,True,52.0,True,0.0809638500213622,UNRANKED,,False,,,
2025-08-22,2025-08-25,2025-08-28,NOW,XLK,177.94200134277344,182.28399658203125,183.06343514578683,3,take_profit,LONG,LONG,0.5099044442176819,0.502008855342865,0.5178000330924988,0.502008855342865,0.2881929278373718,50.99044442176819,0.5091242492198944,1,True,True,False,52.0,True,0.5441968739032745,UNRANKED,,False,,,
2025-08-25,2025-08-26,2025-08-28,NOW,XLK,175.8000030517578,183.87600708007812,180.6051504952567,2,take_profit,LONG,LONG,0.507036566734314,0.5004675388336182,0.5136055946350098,0.5004675388336182,0.2600417733192444,50.7036566734314,0.5091242492198944,2,False,True,True,52.0,True,0.4467139840126038,UNRANKED,,False,,,
2025-08-26,2025-08-27,2025-08-28,NOW,XLK,174.33399963378906,179.71200561523438,179.3702893938337,1,take_profit,LONG,LONG,0.5039724111557007,0.5013411641120911,0.5066036581993103,0.5013411641120911,0.29802700877189636,50.39724111557007,0.5091242492198944,2,False,True,True,52.0,True,0.3939736187458038,UNRANKED,,False,,,
2025-08-27,2025-08-28,2025-08-29,NOW,XLK,178.10000610351562,182.75999450683594,182.71143668038505,1,take_profit,LONG,LONG,0.5077981650829315,0.5013411641120911,0.514255166053772,0.5013411641120911,0.3114554286003113,50.77981650829315,0.5091242492198944,2,False,True,True,52.0,True,0.3631157279014588,UNRANKED,,False,,,
2025-08-28,2025-08-29,2025-09-04,NOW,XLK,185.8520050048828,187.86599731445312,180.1260027204241,3,take_profit,SHORT,SHORT,0.496557354927063,0.4958224594593048,0.49729225039482117,0.4958224594593048,0.4435133934020996,50.3442645072937,0.5091242492198944,2,False,True,True,52.0,True,0.3938471972942352,UNRANKED,,False,,,
2025-08-29,2025-09-02,2025-09-08,NOW,XLK,180.35400390625,186.73399353027344,185.93714904785156,4,stop_loss,SHORT,SHORT,0.496557354927063,0.4958224594593048,0.49729225039482117,0.4958224594593048,0.37239986658096313,50.3442645072937,0.5091242492198944,2,False,True,True,52.0,True,0.4052520394325256,UNRANKED,,False,,,
2025-09-02,2025-09-03,2025-09-08,NOW,XLK,181.79800415039062,184.71400451660156,187.469722202846,3,take_profit,LONG,LONG,0.5041929483413696,0.5018143653869629,0.5065715312957764,0.5018143653869629,0.37107741832733154,50.41929483413696,0.5091242492198944,2,False,True,True,52.0,True,0.5309219360351561,UNRANKED,,False,,,
2025-09-03,2025-09-04,2025-09-08,NOW,XLK,181.89599609375,187.656005859375,187.51314435686385,2,stop_loss,SHORT,SHORT,0.4979843646287918,0.49867647886276245,0.49729225039482117,0.49867647886276245,0.3838517963886261,50.20156353712082,0.5091242492198944,2,False,True,True,52.0,True,0.45911088585853566,UNRANKED,,False,,,
2025-09-04,2025-09-05,2025-09-08,NOW,XLK,180.8300018310547,185.79200744628906,186.68657793317522,1,take_profit,LONG,LONG,0.5133439004421234,0.5021721124649048,0.524515688419342,0.5021721124649048,0.4630924165248871,51.33439004421234,0.5091242492198944,1,True,True,False,52.0,True,0.45819240808486933,UNRANKED,,False,,,
2025-09-05,2025-09-08,2025-09-15,NOW,XLK,183.0279998779297,189.48399353027344,188.8520028250558,5,take_profit,LONG,LONG,0.5005169212818146,0.502008855342865,0.49902498722076416,0.502008855342865,0.3851582407951355,50.05169212818146,0.5091242492198944,2,False,True,True,52.0,True,0.33267441391944885,UNRANKED,,False,,,
2025-09-08,2025-09-09,2025-09-16,NOW,XLK,189.0,186.40199279785156,186.40199279785156,5,time_exit,LONG,LONG,0.500899150967598,0.5021721124649048,0.49962618947029114,0.5021721124649048,0.4419676959514618,50.089915096759796,0.5091242492198944,2,False,True,True,52.0,True,0.2468726634979249,UNRANKED,,False,,,
2025-09-09,2025-09-10,2025-09-17,NOW,XLK,187.1999969482422,190.07400512695312,190.07400512695312,5,time_exit,LONG,LONG,0.513750433921814,0.4918961524963379,0.53560471534729,0.4918961524963379,0.4880509376525879,51.3750433921814,0.5091242492198944,1,True,True,False,52.0,True,0.39372879266738897,UNRANKED,,False,,,
2025-09-10,2025-09-11,2025-09-18,NOW,XLK,185.54400634765625,189.54800415039062,189.54800415039062,5,time_exit,LONG,LONG,0.5100679695606232,0.5021721124649048,0.5179638266563416,0.5021721124649048,0.4892188310623169,51.00679695606232,0.5091242492198944,1,True,True,False,52.0,True,0.43834573030471796,UNRANKED,,False,,,
2025-09-11,2025-09-12,2025-09-19,NOW,XLK,188.3459930419922,192.22999572753906,192.22999572753906,5,time_exit,LONG,LONG,0.5069723129272461,0.5018143653869629,0.5121302604675293,0.5018143653869629,0.4784882962703705,50.69723129272461,0.5091242492198944,2,False,True,True,52.0,True,0.34248086810111983,UNRANKED,,False,,,
2025-09-12,2025-09-15,2025-09-19,NOW,XLK,186.08999633789062,189.55599975585938,192.16285269601005,4,take_profit,LONG,LONG,0.5188884139060974,0.5021721124649048,0.53560471534729,0.5021721124649048,0.4947134256362915,51.88884139060974,0.5091242492198944,1,True,True,False,52.0,True,0.42119327187538147,UNRANKED,,False,,,
2025-09-15,2025-09-16,2025-09-23,NOW,XLK,188.14199829101562,185.53399658203125,185.53399658203125,5,time_exit,LONG,LONG,0.507301852107048,0.47899898886680603,0.53560471534729,0.47899898886680603,0.5084697604179382,50.7301852107048,0.5091242492198944,2,False,True,True,52.0,True,0.4706012010574341,UNRANKED,,False,,,
2025-09-16,2025-09-17,2025-09-24,NOW,XLK,187.35000610351562,186.6739959716797,186.6739959716797,5,time_exit,LONG,LONG,0.5015157461166382,0.5021721124649048,0.5008593797683716,0.5021721124649048,0.5187197923660278,50.15157461166382,0.5091242492198944,2,False,True,True,52.0,True,0.33113270998001104,UNRANKED,,False,,,
2025-09-17,2025-09-18,2025-09-25,NOW,XLK,191.30999755859375,183.7220001220703,185.0422821044922,5,take_profit,SHORT,SHORT,0.49676427245140076,0.5021721124649048,0.49135643243789673,0.5021721124649048,0.46908217668533325,50.323572754859924,0.5091242492198944,2,False,True,True,52.0,True,0.2363514006137848,UNRANKED,,False,,,
2025-09-18,2025-09-19,2025-09-25,NOW,XLK,190.3699951171875,187.1999969482422,185.18770926339286,4,stop_loss,LONG,LONG,0.5035768151283264,0.5021721124649048,0.504981517791748,0.5021721124649048,0.49410906434059143,50.35768151283264,0.5091242492198944,2,False,True,True,52.0,True,0.25518393516540516,UNRANKED,,False,,,
2025-09-19,2025-09-22,2025-09-25,NOW,XLK,190.7779998779297,188.1699981689453,185.5308576311384,3,stop_loss,LONG,LONG,0.500899150967598,0.5021721124649048,0.49962618947029114,0.5021721124649048,0.5073960423469543,50.089915096759796,0.5091242492198944,2,False,True,True,52.0,True,0.17531168460845936,UNRANKED,,False,,,
2025-09-22,2025-09-23,2025-09-25,NOW,XLK,189.51199340820312,184.05599975585938,184.055424281529,2,stop_loss,LONG,LONG,0.5164974331855774,0.5021721124649048,0.53082275390625,0.5021721124649048,0.38134944438934326,51.64974331855774,0.5091242492198944,1,True,True,False,52.0,True,0.3252370953559876,UNRANKED,,False,,,
2025-09-23,2025-09-24,2025-09-25,NOW,XLK,192.5279998779297,182.48599243164062,186.7242889404297,1,take_profit,SHORT,SHORT,0.4970369040966034,0.502008855342865,0.4920649528503418,0.502008855342865,0.3765161633491516,50.29630959033966,0.5091242492198944,2,False,True,True,52.0,True,0.37589886784553533,UNRANKED,,False,,,
2025-09-24,2025-09-25,2025-10-02,NOW,XLK,185.49000549316406,182.02000427246094,182.02000427246094,5,time_exit,SHORT,SHORT,0.4932577759027481,0.5018143653869629,0.4847011864185333,0.5018143653869629,0.3501911163330078,50.67422240972519,0.5091242492198944,2,False,True,True,52.0,True,0.28888580203056335,UNRANKED,,False,,,
2025-09-25,2025-09-26,2025-10-03,NOW,XLK,183.93800354003906,182.4720001220703,182.4720001220703,5,time_exit,LONG,LONG,0.5142402052879333,0.5021721124649048,0.5263082981109619,0.5021721124649048,0.35915523767471313,51.424020528793335,0.5091242492198944,1,True,True,False,52.0,True,0.4356884956359862,UNRANKED,,False,,,
2025-09-26,2025-09-29,2025-10-01,NOW,XLK,188.41200256347656,182.5679931640625,183.28657749720983,2,stop_loss,LONG,LONG,0.5088124573230743,0.502008855342865,0.5156160593032837,0.502008855342865,0.3635740280151367,50.881245732307434,0.5091242492198944,2,False,True,True,52.0,True,0.7152678966522216,UNRANKED,,False,,,
2025-09-29,2025-09-30,2025-10-01,NOW,XLK,187.82000732421875,180.84800720214844,182.7177254813058,1,take_profit,SHORT,SHORT,0.4993460327386856,0.5013411641120911,0.49735090136528015,0.5013411641120911,0.39538493752479553,50.06539672613144,0.5091242492198944,2,False,True,True,52.0,True,0.3297097682952881,UNRANKED,,False,,,
2025-09-30,2025-10-01,2025-10-08,NOW,XLK,184.18800354003906,182.86399841308594,182.86399841308594,5,time_exit,SHORT,SHORT,0.4959966093301773,0.502008855342865,0.4899843633174896,0.502008855342865,0.4013840854167938,50.40033906698227,0.5091242492198944,2,False,True,True,52.0,True,0.31061580777168263,UNRANKED,,False,,,
2025-10-01,2025-10-02,2025-10-09,NOW,XLK,182.33399963378906,183.58999633789062,183.58999633789062,5,time_exit,LONG,LONG,0.5064887702465057,0.5018143653869629,0.5111631751060486,0.5018143653869629,0.37982842326164246,50.648877024650574,0.5091242492198944,2,False,True,True,52.0,True,0.42705196142196644,UNRANKED,,False,,,
2025-10-02,2025-10-03,2025-10-10,NOW,XLK,182.72999572753906,177.74200439453125,177.74200439453125,5,time_exit,SHORT,SHORT,0.49335502088069916,0.502008855342865,0.4847011864185333,0.502008855342865,0.35038307309150696,50.664497911930084,0.5091242492198944,2,False,True,True,52.0,True,0.33179235458374023,UNRANKED,,False,,,
2025-10-03,2025-10-06,2025-10-13,NOW,XLK,180.8040008544922,184.74000549316406,184.74000549316406,5,time_exit,LONG,LONG,0.5041334927082062,0.5004675388336182,0.5077994465827942,0.5004675388336182,0.31554099917411804,50.41334927082062,0.5091242492198944,2,False,True,True,52.0,True,0.4503806531429292,UNRANKED,,False,,,
2025-10-06,2025-10-07,2025-10-10,NOW,XLK,182.8000030517578,182.2519989013672,178.6837201799665,3,stop_loss,LONG,LONG,0.502129465341568,0.5018143653869629,0.5024445652961731,0.5018143653869629,0.3505433201789856,50.2129465341568,0.5091242492198944,2,False,True,True,52.0,True,0.3048124611377716,UNRANKED,,False,,,
2025-10-07,2025-10-08,2025-10-10,NOW,XLK,182.0,180.61000061035156,178.16257803780692,2,stop_loss,LONG,LONG,0.502129465341568,0.5018143653869629,0.5024445652961731,0.5018143653869629,0.3595133125782013,50.2129465341568,0.5091242492198944,2,False,True,True,52.0,True,0.23933583498001107,UNRANKED,,False,,,
2025-10-08,2025-10-09,2025-10-16,NOW,XLK,180.77999877929688,178.8979949951172,178.8979949951172,5,time_exit,LONG,LONG,0.5008778125047684,0.4998610317707062,0.5018945932388306,0.4998610317707062,0.41971802711486816,50.08778125047684,0.5091242492198944,2,False,True,True,52.0,True,0.2332942187786102,UNRANKED,,False,,,
2025-10-09,2025-10-10,2025-10-16,NOW,XLK,184.0,180.72000122070312,180.2291499546596,4,take_profit,SHORT,SHORT,0.49281851947307587,0.4986482560634613,0.48698878288269043,0.4986482560634613,0.4911285936832428,50.71814805269241,0.5091242492198944,2,False,True,True,52.0,True,0.19477540254592896,UNRANKED,,False,,,
2025-10-10,2025-10-13,2025-10-20,NOW,XLK,179.4080047607422,183.50999450683594,183.50999450683594,5,time_exit,LONG,LONG,0.5167075246572495,0.4986482560634613,0.5347667932510376,0.4986482560634613,0.3467109501361847,51.670752465724945,0.5091242492198944,1,True,True,False,52.0,True,0.7138778865337372,UNRANKED,,False,,,
2025-10-13,2025-10-14,2025-10-21,NOW,XLK,181.47000122070312,188.3000030517578,186.11942182268416,5,take_profit,LONG,LONG,0.5032364279031754,0.4986482560634613,0.5078245997428894,0.4986482560634613,0.43508633971214294,50.323642790317535,0.5091242492198944,2,False,True,True,52.0,True,0.3443616032600402,UNRANKED,,False,,,
2025-10-14,2025-10-15,2025-10-22,NOW,XLK,183.60000610351562,187.1300048828125,187.1300048828125,5,time_exit,SHORT,SHORT,0.4979995787143707,0.4986482560634613,0.49735090136528015,0.4986482560634613,0.42275741696357727,50.20004212856293,0.5091242492198944,2,False,True,True,52.0,True,0.4667080342769624,UNRANKED,,False,,,
2025-10-15,2025-10-16,2025-10-21,NOW,XLK,182.79400634765625,187.83399963378906,187.4488568987165,3,take_profit,LONG,LONG,0.5059956461191177,0.4998610317707062,0.5121302604675293,0.4998610317707062,0.3759995102882385,50.599564611911774,0.5091242492198944,2,False,True,True,52.0,True,0.5019515752792357,UNRANKED,,False,,,
2025-10-16,2025-10-17,2025-10-20,NOW,XLK,178.0,186.03399658203125,182.4025660923549,1,stop_loss,SHORT,SHORT,0.49450764060020447,0.4998610317707062,0.48915424942970276,0.4998610317707062,0.3761536777019501,50.54923593997955,0.5091242492198944,2,False,True,True,52.0,True,0.4941049814224243,UNRANKED,,False,,,
2025-10-17,2025-10-20,2025-10-21,NOW,XLK,181.3280029296875,189.25799560546875,185.85228402273995,1,stop_loss,SHORT,SHORT,0.49398964643478394,0.4998610317707062,0.4881182610988617,0.4998610317707062,0.3747403621673584,50.601035356521606,0.5091242492198944,2,False,True,True,52.0,True,0.2784835398197174,UNRANKED,,False,,,
2025-10-20,2025-10-21,2025-10-27,NOW,XLK,183.5,187.58200073242188,187.83513750348772,4,stop_loss,SHORT,SHORT,0.4949226975440979,0.4998610317707062,0.4899843633174896,0.4998610317707062,0.37355878949165344,50.50773024559021,0.5091242492198944,2,False,True,True,52.0,True,0.3999445140361787,UNRANKED,,False,,,
2025-10-21,2025-10-22,2025-10-29,NOW,XLK,188.35800170898438,182.33999633789062,183.56286403111048,5,take_profit,SHORT,SHORT,0.49589936435222626,0.5018143653869629,0.4899843633174896,0.5018143653869629,0.37401583790779114,50.410063564777374,0.5091242492198944,2,False,True,True,52.0,True,0.3241584599018096,UNRANKED,,False,,,
2025-10-22,2025-10-23,2025-10-30,NOW,XLK,186.23800659179688,186.93600463867188,186.93600463867188,5,time_exit,SHORT,SHORT,0.49429289996623993,0.5004675388336182,0.4881182610988617,0.5004675388336182,0.38389191031455994,50.57071000337601,0.5091242492198944,2,False,True,True,52.0,True,0.345451533794403,UNRANKED,,False,,,
2025-10-23,2025-10-24,2025-10-29,NOW,XLK,189.14999389648438,183.8560028076172,184.2182835170201,3,take_profit,SHORT,SHORT,0.49974626302719116,0.5004675388336182,0.49902498722076416,0.5004675388336182,0.3979108929634094,50.025373697280884,0.5091242492198944,2,False,True,True,52.0,True,0.3187542259693145,UNRANKED,,False,,,
2025-10-24,2025-10-27,2025-10-29,NOW,XLK,188.81399536132812,182.76800537109375,183.63885498046875,2,stop_loss,LONG,LONG,0.5008175671100616,0.5018143653869629,0.4998207688331604,0.5018143653869629,0.36530643701553345,50.081756711006165,0.5091242492198944,2,False,True,True,52.0,True,0.21375137567520142,UNRANKED,,False,,,
2025-10-27,2025-10-28,2025-10-29,NOW,XLK,189.86199951171875,177.51400756835938,184.4720001220703,1,stop_loss,LONG,LONG,0.5158000886440277,0.5021721124649048,0.5294280648231506,0.5021721124649048,0.3357827663421631,51.58000886440277,0.5091242492198944,1,True,True,False,52.0,True,0.38471645116806036,UNRANKED,,False,,,
2025-10-28,2025-10-29,2025-11-04,NOW,XLK,186.9080047607422,175.92599487304688,181.5665762765067,4,stop_loss,LONG,LONG,0.522688090801239,0.5013411641120911,0.544035017490387,0.5013411641120911,0.4109322726726532,52.2688090801239,0.5091242492198944,1,True,True,False,52.0,True,0.571511298418045,UNRANKED,,False,,,
2025-10-29,2025-10-30,2025-11-04,NOW,XLK,185.3459930419922,171.75399780273438,179.3594207763672,3,stop_loss,LONG,LONG,0.5274322628974915,0.5013411641120911,0.5535233616828918,0.5013411641120911,0.45813047885894775,52.743226289749146,0.5091242492198944,1,True,True,False,52.0,True,0.7127457559108733,UNRANKED,,False,,,
2025-10-30,2025-10-31,2025-11-03,NOW,XLK,188.64199829101562,172.37399291992188,182.83428083147322,1,stop_loss,LONG,LONG,0.5236469507217407,0.5021721124649048,0.5451217889785767,0.5021721124649048,0.41971439123153687,52.36469507217407,0.5091242492198944,1,True,True,False,52.0,True,0.774366557598114,UNRANKED,,False,,,
2025-10-31,2025-11-03,2025-11-04,NOW,XLK,184.42799377441406,173.25999450683594,179.17999049595423,1,stop_loss,LONG,LONG,0.5152165591716766,0.5021721124649048,0.5282610058784485,0.5021721124649048,0.5119564533233643,51.521655917167664,0.5091242492198944,1,True,True,False,52.0,True,0.6484070718288423,UNRANKED,,False,,,
2025-11-03,2025-11-04,2025-11-06,NOW,XLK,180.0,172.13400268554688,174.9519980294364,2,stop_loss,LONG,LONG,0.5046748220920563,0.5021721124649048,0.5071775317192078,0.5021721124649048,0.536147952079773,50.46748220920563,0.5091242492198944,2,False,True,True,52.0,True,0.4176834523677826,UNRANKED,,False,,,
2025-11-04,2025-11-05,2025-11-06,NOW,XLK,178.33399963378906,172.80799865722656,172.7699977329799,1,take_profit,SHORT,SHORT,0.4946744740009308,0.5013411641120911,0.4880077838897705,0.5013411641120911,0.34917065501213074,50.53255259990692,0.5091242492198944,2,False,True,True,52.0,True,0.32324808835983276,UNRANKED,,False,,,
2025-11-05,2025-11-06,2025-11-13,NOW,XLK,174.9499969482422,169.93800354003906,169.93800354003906,5,time_exit,SHORT,SHORT,0.4918789118528366,0.5013411641120911,0.48241665959358215,0.5013411641120911,0.27900177240371704,50.81210881471634,0.5091242492198944,2,False,True,True,52.0,True,-0.01032024621963508,UNRANKED,,False,,,
2025-11-06,2025-11-07,2025-11-14,NOW,XLK,170.26800537109375,170.08599853515625,170.08599853515625,5,time_exit,SHORT,SHORT,0.4923246055841446,0.48350462317466736,0.5011445879936218,0.48350462317466736,0.34317511320114136,50.76753944158554,0.5091242492198944,2,False,True,True,52.0,True,-0.06126990914344776,UNRANKED,,False,,,
2025-11-07,2025-11-10,2025-11-17,NOW,XLK,172.77200317382812,167.1580047607422,167.2000013078962,5,take_profit,SHORT,SHORT,0.4927450865507126,0.5004675388336182,0.485022634267807,0.5004675388336182,0.3555573523044586,50.72549134492874,0.5091242492198944,2,False,True,True,52.0,True,-0.059440255165100174,UNRANKED,,False,,,
2025-11-10,2025-11-11,2025-11-17,NOW,XLK,172.68600463867188,163.593994140625,167.67171805245536,4,take_profit,SHORT,SHORT,0.4952259510755539,0.5004675388336182,0.4899843633174896,0.5004675388336182,0.40444493293762207,50.47740489244461,0.5091242492198944,2,False,True,True,52.0,True,0.20776277780532854,UNRANKED,,False,,,
2025-11-11,2025-11-12,2025-11-17,NOW,XLK,173.74200439453125,163.2899932861328,168.7340044294085,3,take_profit,SHORT,SHORT,0.4952259510755539,0.5004675388336182,0.4899843633174896,0.5004675388336182,0.34777337312698364,50.47740489244461,0.5091242492198944,2,False,True,True,52.0,True,0.4369924962520599,UNRANKED,,False,,,
2025-11-12,2025-11-13,2025-11-18,NOW,XLK,170.4759979248047,160.0919952392578,165.47228349958147,3,take_profit,SHORT,SHORT,0.49598170816898346,0.5004675388336182,0.49149587750434875,0.5004675388336182,0.40160515904426575,50.401829183101654,0.5091242492198944,2,False,True,True,52.0,True,0.14421236515045172,UNRANKED,,False,,,
2025-11-13,2025-11-14,2025-11-20,NOW,XLK,168.3979949951172,162.68600463867188,163.24142456054688,4,stop_loss,LONG,LONG,0.5007479786872864,0.5004675388336182,0.5010284185409546,0.5004675388336182,0.32186681032180786,50.07479786872864,0.5091242492198944,2,False,True,True,52.0,True,0.26051983237266535,UNRANKED,,False,,,
2025-11-14,2025-11-17,2025-11-18,NOW,XLK,169.38400268554688,163.16799926757812,164.66686139787947,1,stop_loss,LONG,LONG,0.5067237615585327,0.5018143653869629,0.5116331577301025,0.5018143653869629,0.3469250202178955,50.67237615585327,0.5091242492198944,2,False,True,True,52.0,True,0.3157101571559906,UNRANKED,,False,,,
2025-11-17,2025-11-18,2025-11-20,NOW,XLK,165.41600036621094,165.06199645996094,160.52000209263392,2,stop_loss,LONG,LONG,0.5061110854148865,0.5004675388336182,0.5117546319961548,0.5004675388336182,0.3034203350543976,50.61110854148865,0.5091242492198944,2,False,True,True,52.0,True,0.47194901108741766,UNRANKED,,False,,,
2025-11-18,2025-11-19,2025-11-26,NOW,XLK,163.33200073242188,160.54400634765625,160.54400634765625,5,time_exit,LONG,LONG,0.5056526362895966,0.5004675388336182,0.510837733745575,0.5004675388336182,0.3288290500640869,50.565263628959656,0.5091242492198944,2,False,True,True,52.0,True,0.5964525341987609,UNRANKED,,False,,,
2025-11-19,2025-11-20,2025-11-26,NOW,XLK,166.10000610351562,162.48199462890625,162.05686514718192,4,stop_loss,LONG,LONG,0.5035195350646973,0.5004675388336182,0.5065715312957764,0.5004675388336182,0.37217411398887634,50.35195350646973,0.5091242492198944,2,False,True,True,52.0,True,0.6384012699127197,UNRANKED,,False,,,
2025-11-20,2025-11-21,2025-11-25,NOW,XLK,160.4600067138672,164.41400146484375,164.52000427246094,2,take_profit,LONG,LONG,0.5093968510627747,0.5071605443954468,0.5116331577301025,0.5071605443954468,0.3641211986541748,50.939685106277466,0.5091242492198944,1,True,True,False,52.0,True,0.5873234272003174,UNRANKED,,False,,,
2025-11-21,2025-11-24,2025-12-02,NOW,XLK,162.67999267578125,164.87600708007812,164.87600708007812,5,time_exit,LONG,LONG,0.5141620934009552,0.5105241537094116,0.5178000330924988,0.5105241537094116,0.2957894504070282,51.41620934009552,0.5091242492198944,1,True,True,False,52.0,True,0.7789841890335082,UNRANKED,,False,,,
2025-11-24,2025-11-25,2025-12-03,NOW,XLK,162.4739990234375,166.5800018310547,166.06742640904017,5,take_profit,LONG,LONG,0.5079907327890396,0.4998610317707062,0.516120433807373,0.4998610317707062,0.3067690432071686,50.79907327890396,0.5091242492198944,2,False,True,True,52.0,True,0.5793134272098541,UNRANKED,,False,,,
2025-11-25,2025-11-26,2025-12-04,NOW,XLK,163.4499969482422,167.7740020751953,167.0871364048549,5,take_profit,LONG,LONG,0.5130794793367386,0.4998610317707062,0.526297926902771,0.4998610317707062,0.3409503698348999,51.30794793367386,0.5091242492198944,1,True,True,False,52.0,True,0.5292077660560607,UNRANKED,,False,,,
2025-11-26,2025-11-28,2025-12-03,NOW,XLK,161.60000610351562,170.8719940185547,165.2865731375558,3,take_profit,LONG,LONG,0.5041495710611343,0.4998610317707062,0.5084381103515625,0.4998610317707062,0.3060166835784912,50.414957106113434,0.5091242492198944,2,False,True,True,52.0,True,0.45516967773437494,UNRANKED,,False,,,
2025-11-28,2025-12-01,2025-12-02,NOW,XLK,160.33399963378906,170.70399475097656,164.20885140555245,1,take_profit,LONG,LONG,0.5041495710611343,0.4998610317707062,0.5084381103515625,0.4998610317707062,0.3137193024158478,50.414957106113434,0.5091242492198944,2,False,True,True,52.0,True,0.5079874098300935,UNRANKED,,False,,,
2025-12-01,2025-12-02,2025-12-05,NOW,XLK,165.7239990234375,170.98199462890625,169.74828011648995,3,take_profit,LONG,LONG,0.5073378384113312,0.49876850843429565,0.5159071683883667,0.49876850843429565,0.39919379353523254,50.73378384113312,0.5091242492198944,2,False,True,True,52.0,True,0.24055156111717246,UNRANKED,,False,,,
2025-12-02,2025-12-03,2025-12-05,NOW,XLK,164.39999389648438,170.71200561523438,168.3294198172433,2,take_profit,LONG,LONG,0.5070580989122391,0.4998610317707062,0.514255166053772,0.4998610317707062,0.3706206679344177,50.70580989122391,0.5091242492198944,2,False,True,True,52.0,True,0.5768912136554718,UNRANKED,,False,,,
2025-12-03,2025-12-04,2025-12-11,NOW,XLK,168.1999969482422,173.4980010986328,172.2765655517578,5,take_profit,LONG,LONG,0.5032162815332413,0.4998610317707062,0.5065715312957764,0.4998610317707062,0.3962840735912323,50.32162815332413,0.5091242492198944,2,False,True,True,52.0,True,0.29316243529319763,UNRANKED,,False,,,
2025-12-04,2025-12-05,2025-12-11,NOW,XLK,168.16600036621094,173.01199340820312,172.00314113071985,4,stop_loss,SHORT,SHORT,0.49889567494392395,0.4986482560634613,0.4991430938243866,0.4986482560634613,0.34933236241340637,50.110432505607605,0.5091242492198944,2,False,True,True,52.0,True,0.28117370605468756,UNRANKED,,False,,,
2025-12-05,2025-12-08,2025-12-15,NOW,XLK,170.84800720214844,153.0399932861328,166.58943830217635,5,stop_loss,LONG,LONG,0.5037389546632767,0.4986482560634613,0.508829653263092,0.4986482560634613,0.37396371364593506,50.37389546632767,0.5091242492198944,2,False,True,True,52.0,True,0.15278378129005427,UNRANKED,,False,,,
2025-12-08,2025-12-09,2025-12-15,NOW,XLK,170.52200317382812,156.2239990234375,166.657719203404,4,stop_loss,LONG,LONG,0.5014206320047379,0.4986482560634613,0.5041930079460144,0.4986482560634613,0.5131782293319702,50.142063200473785,0.5091242492198944,2,False,True,True,52.0,True,0.12380215525627132,UNRANKED,,False,,,
2025-12-09,2025-12-10,2025-12-15,NOW,XLK,170.11399841308594,156.47799682617188,166.7191445486886,3,take_profit,SHORT,SHORT,0.4926774799823761,0.4986482560634613,0.4867067039012909,0.4986482560634613,0.48328134417533875,50.73225200176239,0.5091242492198944,2,False,True,True,52.0,True,0.09680345654487611,UNRANKED,,False,,,
2025-12-10,2025-12-11,2025-12-15,NOW,XLK,170.60000610351562,153.3800048828125,167.2100110735212,2,stop_loss,LONG,LONG,0.5014798492193222,0.4986482560634613,0.5043114423751831,0.4986482560634613,0.4540708661079407,50.14798492193222,0.5091242492198944,2,False,True,True,52.0,True,0.1734646260738373,UNRANKED,,False,,,
2025-12-11,2025-12-12,2025-12-15,NOW,XLK,173.47799682617188,155.30999755859375,170.14685930524553,1,stop_loss,LONG,LONG,0.5057932287454605,0.4986482560634613,0.5129382014274597,0.4986482560634613,0.4123939275741577,50.57932287454605,0.5091242492198944,2,False,True,True,52.0,True,0.05662226676940909,UNRANKED,,False,,,
2025-12-12,2025-12-15,2025-12-16,NOW,XLK,159.60000610351562,156.67999267578125,156.57001168387276,1,take_profit,SHORT,SHORT,0.4997198283672333,0.49563896656036377,0.5038006901741028,0.49563896656036377,0.4561499357223511,50.02801716327667,0.5091242492198944,2,False,True,True,52.0,True,0.23559689521789545,UNRANKED,,False,,,
2025-12-15,2025-12-16,2025-12-23,NOW,XLK,154.8939971923828,154.36000061035156,154.36000061035156,5,time_exit,SHORT,SHORT,0.4955105781555176,0.497649610042572,0.49337154626846313,0.497649610042572,0.43803250789642334,50.44894218444824,0.5091242492198944,2,False,True,True,52.0,True,0.2737423479557039,UNRANKED,,False,,,
2025-12-16,2025-12-17,2025-12-24,NOW,XLK,157.0,152.58999633789062,152.58999633789062,5,time_exit,LONG,LONG,0.5096870064735413,0.502008855342865,0.5173651576042175,0.502008855342865,0.34307292103767395,50.968700647354126,0.5091242492198944,1,True,True,False,52.0,True,0.48131844401359564,UNRANKED,,False,,,
2025-12-17,2025-12-18,2025-12-26,NOW,XLK,156.50999450683594,153.88999938964844,153.88999938964844,5,time_exit,LONG,LONG,0.5034212470054626,0.502008855342865,0.5048336386680603,0.502008855342865,0.33064982295036316,50.342124700546265,0.5091242492198944,2,False,True,True,52.0,True,0.6006366908550264,UNRANKED,,False,,,
2025-12-18,2025-12-19,2025-12-29,NOW,XLK,152.97000122070312,154.5800018310547,154.5800018310547,5,time_exit,LONG,LONG,0.5081320106983185,0.502008855342865,0.514255166053772,0.502008855342865,0.3640999495983124,50.81320106983185,0.5091242492198944,2,False,True,True,52.0,True,0.615843176841736,UNRANKED,,False,,,
2025-12-19,2025-12-22,2025-12-30,NOW,XLK,156.86000061035156,154.22999572753906,154.22999572753906,5,time_exit,SHORT,SHORT,0.4993327409029007,0.5013411641120911,0.4973243176937103,0.5013411641120911,0.4577963948249817,50.06672590970993,0.5091242492198944,2,False,True,True,52.0,True,0.5986621975898743,UNRANKED,,False,,,
2025-12-22,2025-12-23,2025-12-31,NOW,XLK,155.5,153.19000244140625,153.19000244140625,5,time_exit,LONG,LONG,0.5013341754674911,0.4958224594593048,0.5068458914756775,0.4958224594593048,0.4602995812892914,50.133417546749115,0.5091242492198944,2,False,True,True,52.0,True,0.8352595567703248,UNRANKED,,False,,,
2025-12-23,2025-12-24,2026-01-02,NOW,XLK,153.5,147.4499969482422,147.72743443080358,5,stop_loss,LONG,LONG,0.5051983892917633,0.5021721124649048,0.5082246661186218,0.5021721124649048,0.47606542706489563,50.51983892917633,0.5091242492198944,2,False,True,True,52.0,True,0.592773199081421,UNRANKED,,False,,,
2025-12-24,2025-12-26,2026-01-05,NOW,XLK,152.5,147.60000610351562,147.60000610351562,5,time_exit,LONG,LONG,0.5090396404266357,0.5021721124649048,0.5159071683883667,0.5021721124649048,0.4498390853404999,50.903964042663574,0.5091242492198944,2,False,True,True,52.0,True,0.7561526000499728,UNRANKED,,False,,,
2025-12-26,2025-12-29,2026-01-02,NOW,XLK,153.07000732421875,148.80999755859375,147.47201102120536,3,stop_loss,LONG,LONG,0.5051983892917633,0.5021721124649048,0.5082246661186218,0.5021721124649048,0.4722585678100586,50.51983892917633,0.5091242492198944,2,False,True,True,52.0,True,0.5056564509868623,UNRANKED,,False,,,
2025-12-29,2025-12-30,2026-01-02,NOW,XLK,153.85000610351562,150.89999389648438,148.17743791852678,2,stop_loss,LONG,LONG,0.5016303211450577,0.4958224594593048,0.5074381828308105,0.4958224594593048,0.4664098024368286,50.16303211450577,0.5091242492198944,2,False,True,True,52.0,True,0.3758033812046051,UNRANKED,,False,,,
2025-12-30,2025-12-31,2026-01-02,NOW,XLK,153.99000549316406,146.19000244140625,148.3071507045201,1,take_profit,SHORT,SHORT,0.4875233620405197,0.4958224594593048,0.4792242646217346,0.4958224594593048,0.4277917742729187,51.24766379594803,0.5091242492198944,1,True,False,True,52.0,True,0.19104954600334156,UNRANKED,,False,,,
2025-12-31,2026-01-02,2026-01-08,NOW,XLK,153.0800018310547,141.8000030517578,147.28714643205916,4,stop_loss,LONG,LONG,0.5010792016983032,0.5004675388336182,0.5016908645629883,0.5004675388336182,0.462677925825119,50.10792016983032,0.5091242492198944,2,False,True,True,52.0,True,0.42929300665855413,UNRANKED,,False,,,
2026-01-02,2026-01-05,2026-01-12,NOW,XLK,146.50999450683594,142.63999938964844,142.63999938964844,5,time_exit,LONG,LONG,0.5036565661430359,0.5004675388336182,0.5068455934524536,0.5004675388336182,0.43636590242385864,50.36565661430359,0.5091242492198944,2,False,True,True,52.0,True,0.36603933572769176,UNRANKED,,False,,,
2026-01-05,2026-01-06,2026-01-13,NOW,XLK,147.4199981689453,138.19000244140625,141.25314113071985,5,take_profit,SHORT,SHORT,0.4974534809589386,0.5004675388336182,0.49443942308425903,0.5004675388336182,0.4434235990047455,50.25465190410614,0.5091242492198944,2,False,True,True,52.0,True,0.4471182227134704,UNRANKED,,False,,,
2026-01-06,2026-01-07,2026-01-09,NOW,XLK,148.0,134.61000061035156,144.51342991420202,2,take_profit,SHORT,SHORT,0.49470603466033936,0.502008855342865,0.4874032139778137,0.502008855342865,0.383553683757782,50.529396533966064,0.5091242492198944,2,False,True,True,52.0,True,0.26437661051750183,UNRANKED,,False,,,
2026-01-07,2026-01-08,2026-01-09,NOW,XLK,149.94000244140625,131.1699981689453,146.6097194126674,1,take_profit,SHORT,SHORT,0.49506355822086334,0.502008855342865,0.4881182610988617,0.502008855342865,0.4022136330604553,50.493644177913666,0.5091242492198944,2,False,True,True,52.0,True,0.409282147884369,UNRANKED,,False,,,
2026-01-08,2026-01-09,2026-01-12,NOW,XLK,147.35000610351562,127.30999755859375,143.3831525530134,1,stop_loss,LONG,LONG,0.5029047727584839,0.502008855342865,0.5038006901741028,0.502008855342865,0.32214733958244324,50.29047727584839,0.5091242492198944,2,False,True,True,52.0,True,0.35899016261100763,UNRANKED,,False,,,
2026-01-09,2026-01-12,2026-01-14,NOW,XLK,141.63999938964844,125.4000015258789,137.4885733468192,2,stop_loss,LONG,LONG,0.510806679725647,0.502008855342865,0.519604504108429,0.502008855342865,0.3652332127094269,51.0806679725647,0.5091242492198944,1,True,True,False,52.0,True,0.5131068527698516,UNRANKED,,False,,,
2026-01-12,2026-01-13,2026-01-14,NOW,XLK,142.13999938964844,125.30000305175781,138.144287109375,1,stop_loss,LONG,LONG,0.5069670081138611,0.502008855342865,0.5119251608848572,0.502008855342865,0.3227730393409729,50.69670081138611,0.5091242492198944,2,False,True,True,52.0,True,0.6560079753398895,UNRANKED,,False,,,
2026-01-13,2026-01-14,2026-01-15,NOW,XLK,137.38999938964844,128.55999755859375,132.95428684779577,1,stop_loss,LONG,LONG,0.5042901933193207,0.502008855342865,0.5065715312957764,0.502008855342865,0.3366122841835022,50.42901933193207,0.5091242492198944,2,False,True,True,52.0,True,0.44447356462478643,UNRANKED,,False,,,
2026-01-14,2026-01-15,2026-01-16,NOW,XLK,135.14999389648438,133.11000061035156,130.5342799595424,1,stop_loss,LONG,LONG,0.5002528578042984,0.5013411641120911,0.49916455149650574,0.5013411641120911,0.317440003156662,50.02528578042984,0.5091242492198944,2,False,True,True,52.0,True,0.24974438548088057,UNRANKED,,False,,,
2026-01-15,2026-01-16,2026-01-26,NOW,XLK,129.6999969482422,136.33999633789062,134.55428205217635,5,stop_loss,SHORT,SHORT,0.4990314543247223,0.5013411641120911,0.4967217445373535,0.5013411641120911,0.3491266667842865,50.09685456752777,0.5091242492198944,2,False,True,True,52.0,True,0.4683179259300233,UNRANKED,,False,,,
2026-01-16,2026-01-20,2026-01-23,NOW,XLK,126.56999969482422,131.8000030517578,131.78999873570032,3,stop_loss,SHORT,SHORT,0.4966718852519989,0.502008855342865,0.4913349151611328,0.502008855342865,0.345022976398468,50.33281147480011,0.5091242492198944,2,False,True,True,52.0,True,0.22955301403999318,UNRANKED,,False,,,
2026-01-20,2026-01-21,2026-01-26,NOW,XLK,128.0,129.6199951171875,133.39428383963448,3,take_profit,LONG,LONG,0.5110034048557281,0.5004675388336182,0.5215392708778381,0.5004675388336182,0.3638390600681305,51.100340485572815,0.5091242492198944,1,True,True,False,52.0,True,0.5434812307357787,UNRANKED,,False,,,
2026-01-21,2026-01-22,2026-01-23,NOW,XLK,126.0,116.7300033569336,131.3585684640067,1,take_profit,LONG,LONG,0.5064929127693176,0.5004675388336182,0.5125182867050171,0.5004675388336182,0.35518527030944824,50.64929127693176,0.5091242492198944,2,False,True,True,52.0,True,0.3766099214553833,UNRANKED,,False,,,
2026-01-22,2026-01-23,2026-01-26,NOW,XLK,128.64999389648438,117.01000213623047,134.3257053920201,1,take_profit,LONG,LONG,0.5115219205617905,0.4919596016407013,0.5310842394828796,0.4919596016407013,0.4907098412513733,51.15219205617905,0.5091242492198944,1,True,True,False,52.0,True,0.4941762983798981,UNRANKED,,False,,,
2026-01-23,2026-01-26,2026-01-29,NOW,XLK,134.5500030517578,118.0,129.04429190499442,3,stop_loss,LONG,LONG,0.5039724111557007,0.5013411641120911,0.5066036581993103,0.5013411641120911,0.46829667687416077,50.39724111557007,0.5091242492198944,2,False,True,True,52.0,True,0.6893943548202515,UNRANKED,,False,,,
2026-01-26,2026-01-27,2026-01-28,NOW,XLK,135.8300018310547,109.7699966430664,129.88429260253906,1,stop_loss,LONG,LONG,0.5042901933193207,0.502008855342865,0.5065715312957764,0.502008855342865,0.49490615725517273,50.42901933193207,0.5091242492198944,2,False,True,True,52.0,True,0.6798088252544403,UNRANKED,,False,,,
2026-01-27,2026-01-28,2026-01-29,NOW,XLK,132.27000427246094,111.06999969482422,125.84858049665179,1,stop_loss,LONG,LONG,0.5184124708175659,0.4918961524963379,0.544928789138794,0.4918961524963379,0.44128596782684326,51.84124708175659,0.5091242492198944,1,True,True,False,52.0,True,0.8428363502025603,UNRANKED,,False,,,
2026-01-28,2026-01-29,2026-02-03,NOW,XLK,118.52999877929688,102.62999725341797,112.09571620396206,3,stop_loss,LONG,LONG,0.5209278166294098,0.5013411641120911,0.5405144691467285,0.5013411641120911,0.42802029848098755,52.09278166294098,0.5091242492198944,1,True,True,False,52.0,True,0.6166481077671051,UNRANKED,,False,,,
2026-01-29,2026-01-30,2026-02-03,NOW,XLK,117.54000091552734,100.73999786376953,109.93714686802456,2,stop_loss,LONG,LONG,0.5051983892917633,0.5021721124649048,0.5082246661186218,0.5021721124649048,0.5794197916984558,50.51983892917633,0.5091242492198944,2,False,True,True,52.0,True,0.5061180889606476,UNRANKED,,False,,,
2026-01-30,2026-02-02,2026-02-03,NOW,XLK,118.80000305175781,103.87000274658203,111.78429194859096,1,stop_loss,LONG,LONG,0.511974960565567,0.5021721124649048,0.5217778086662292,0.5021721124649048,0.5942985415458679,51.1974960565567,0.5091242492198944,1,True,True,False,52.0,True,0.6738217175006868,UNRANKED,,False,,,
2026-02-02,2026-02-03,2026-02-05,NOW,XLK,115.0199966430664,106.4800033569336,107.98285675048828,2,take_profit,SHORT,SHORT,0.48974834382534027,0.4958224594593048,0.48367422819137573,0.4958224594593048,0.4806225001811981,51.02516561746597,0.5091242492198944,1,True,False,True,52.0,True,0.5351085662841797,UNRANKED,,False,,,
2026-02-03,2026-02-04,2026-02-11,NOW,XLK,107.19000244140625,100.58000183105469,100.58000183105469,5,time_exit,SHORT,SHORT,0.49655209481716156,0.4919596016407013,0.5011445879936218,0.4919596016407013,0.5084906220436096,50.344790518283844,0.5091242492198944,2,False,True,True,52.0,True,0.23386949300765997,UNRANKED,,False,,,
2026-02-04,2026-02-05,2026-02-06,NOW,XLK,109.26000213623047,103.29000091552734,102.00857543945312,1,take_profit,SHORT,SHORT,0.491004079580307,0.5013411641120911,0.48066699504852295,0.5013411641120911,0.3839144706726074,50.8995920419693,0.5091242492198944,2,False,True,True,52.0,True,-0.12419703602790828,UNRANKED,,False,,,
2026-02-05,2026-02-06,2026-02-13,NOW,XLK,101.68000030517578,107.08000183105469,107.08000183105469,5,time_exit,SHORT,SHORT,0.4988323450088501,0.5013411641120911,0.49632352590560913,0.5013411641120911,0.34040287137031555,50.11676549911499,0.5091242492198944,2,False,True,True,52.0,True,-0.005208879709243941,UNRANKED,,False,,,
2026-02-06,2026-02-09,2026-02-17,NOW,XLK,100.0,105.91000366210938,105.91000366210938,5,time_exit,SHORT,SHORT,0.49701328575611115,0.49913686513900757,0.4948897063732147,0.49913686513900757,0.47369587421417236,50.298671424388885,0.5091242492198944,2,False,True,True,52.0,True,0.27774511277675623,UNRANKED,,False,,,
2026-02-09,2026-02-10,2026-02-18,NOW,XLK,104.98999786376953,107.80999755859375,107.80999755859375,5,time_exit,LONG,LONG,0.5046279728412628,0.49913686513900757,0.5101190805435181,0.49913686513900757,0.35252049565315247,50.46279728412628,0.5091242492198944,2,False,True,True,52.0,True,0.6924749463796614,UNRANKED,,False,,,
2026-02-10,2026-02-11,2026-02-19,NOW,XLK,105.58000183105469,107.37000274658203,107.37000274658203,5,time_exit,LONG,LONG,0.5046279728412628,0.49913686513900757,0.5101190805435181,0.49913686513900757,0.38408976793289185,50.46279728412628,0.5091242492198944,2,False,True,True,52.0,True,0.5768012702465057,UNRANKED,,False,,,
2026-02-11,2026-02-12,2026-02-20,NOW,XLK,101.91999816894531,104.2699966430664,104.2699966430664,5,time_exit,LONG,LONG,0.5081320106983185,0.502008855342865,0.514255166053772,0.502008855342865,0.3534744679927826,50.81320106983185,0.5091242492198944,2,False,True,True,52.0,True,0.6573289483785627,UNRANKED,,False,,,
2026-02-12,2026-02-13,2026-02-23,NOW,XLK,105.1500015258789,100.80000305175781,100.80000305175781,5,time_exit,LONG,LONG,0.519815519452095,0.4919596016407013,0.5476714372634888,0.4919596016407013,0.46829313039779663,51.9815519452095,0.5091242492198944,1,True,True,False,52.0,True,0.9436926841735839,UNRANKED,,False,,,
2026-02-13,2026-02-17,2026-02-23,NOW,XLK,109.55999755859375,102.48999786376953,101.14856828962054,4,stop_loss,LONG,LONG,0.5005149841308594,0.502008855342865,0.49902111291885376,0.502008855342865,0.46916666626930237,50.05149841308594,0.5091242492198944,2,False,True,True,52.0,True,0.1722840666770935,UNRANKED,,False,,,
2026-02-17,2026-02-18,2026-02-25,NOW,XLK,105.93000030517578,104.2300033569336,104.2300033569336,5,time_exit,SHORT,SHORT,0.4968761056661606,0.5070292353630066,0.4867229759693146,0.532630634671451,0.6835379600524902,50.31238943338394,0.5125722885131836,2,False,True,True,52.5,False,-0.12209235131740559,UNRANKED,,False,,,
2026-02-18,2026-02-19,2026-02-26,NOW,XLK,108.06999969482422,109.30000305175781,109.30000305175781,5,time_exit,SHORT,SHORT,0.497899666428566,0.501246452331543,0.494552880525589,0.532630634671451,0.7069210410118103,50.2100333571434,0.5125722885131836,2,False,True,True,52.5,False,0.24451929330825806,UNRANKED,,False,,,
2026-02-19,2026-02-20,2026-02-27,NOW,XLK,106.0,108.01000213623047,108.01000213623047,5,time_exit,SHORT,SHORT,0.4836370497941971,0.4911139905452728,0.47616010904312134,0.490334974186577,0.6777384281158447,51.63629502058029,0.5125722885131836,1,True,False,True,52.5,False,0.4689545035362244,UNRANKED,,False,,,
2026-02-20,2026-02-23,2026-02-26,NOW,XLK,101.94000244140625,109.41999816894531,108.45428902762276,3,take_profit,LONG,LONG,0.5057019740343094,0.49914970993995667,0.5122542381286621,0.490334974186577,0.6719029545783997,50.57019740343094,0.5125722885131836,2,False,True,True,52.5,False,0.40430822968482977,UNRANKED,,False,,,
2026-02-23,2026-02-24,2026-02-26,NOW,XLK,100.95999908447266,113.19000244140625,107.82857077462333,2,stop_loss,SHORT,SHORT,0.4965265095233917,0.49914970993995667,0.4939033091068268,0.490334974186577,0.6172478199005127,50.34734904766083,0.5125722885131836,2,False,True,True,52.5,False,0.05048039555549614,UNRANKED,,False,,,
2026-02-24,2026-02-25,2026-02-26,NOW,XLK,101.62999725341797,113.86000061035156,107.5642820085798,1,stop_loss,SHORT,SHORT,0.494595468044281,0.4911139905452728,0.4980769455432892,0.490334974186577,0.6127795577049255,50.5404531955719,0.5125722885131836,2,False,True,True,52.5,False,0.015068054199218577,UNRANKED,,False,,,
2026-02-25,2026-02-26,2026-03-04,NOW,XLK,107.44999694824219,120.37999725341797,113.44713919503349,4,stop_loss,SHORT,SHORT,0.4948326200246811,0.49914970993995667,0.4905155301094055,0.490334974186577,0.5721538066864014,50.51673799753189,0.5125722885131836,2,False,True,True,52.5,False,0.311878561973572,UNRANKED,,False,,,
2026-02-26,2026-02-27,2026-03-03,NOW,XLK,105.0,124.33999633789062,110.51571328299386,2,stop_loss,SHORT,SHORT,0.4926042705774307,0.5070292353630066,0.47817930579185486,0.532630634671451,0.5275530815124512,50.73957294225693,0.5125722885131836,2,False,True,True,52.5,False,0.38172632455825817,UNRANKED,,False,,,
2026-02-27,2026-03-02,2026-03-03,NOW,XLK,105.9800033569336,121.93000030517578,111.41000257219586,1,stop_loss,SHORT,SHORT,0.4929360896348953,0.5070292353630066,0.47884294390678406,0.532630634671451,0.4524674415588379,50.70639103651047,0.5125722885131836,2,False,True,True,52.5,False,0.06845223903656009,UNRANKED,,False,,,
2026-03-02,2026-03-03,2026-03-04,NOW,XLK,108.0,116.61000061035156,113.18428366524833,1,stop_loss,SHORT,SHORT,0.49698515236377716,0.5070292353630066,0.48694106936454773,0.532630634671451,0.4806201756000519,50.301484763622284,0.5125722885131836,2,False,True,True,52.5,False,-0.07008312642574309,UNRANKED,,False,,,
2026-03-03,2026-03-04,2026-03-05,NOW,XLK,112.11000061035156,115.62999725341797,117.45999908447266,1,stop_loss,SHORT,SHORT,0.49489888548851013,0.5059950947761536,0.4838026762008667,0.532630634671451,0.6111169457435608,50.51011145114899,0.5125722885131836,2,False,True,True,52.5,False,0.43008378148078913,UNRANKED,,False,,,
2026-03-04,2026-03-05,2026-03-06,NOW,XLK,114.7699966430664,112.97000122070312,119.3728517804827,1,stop_loss,SHORT,SHORT,0.49559006094932556,0.5015197396278381,0.489660382270813,0.532630634671451,0.5853965282440186,50.440993905067444,0.5125722885131836,2,False,True,True,52.5,False,0.39364825189113634,UNRANKED,,False,,,
2026-03-05,2026-03-06,2026-03-12,NOW,XLK,120.5,113.62000274658203,115.35285949707031,4,stop_loss,LONG,LONG,0.5097716599702835,0.49914970993995667,0.5203936100006104,0.490334974186577,0.570716917514801,50.97716599702835,0.5125722885131836,2,False,True,True,52.5,False,0.30150398612022405,UNRANKED,,False,,,
2026-03-06,2026-03-09,2026-03-10,NOW,XLK,123.05999755859375,114.87999725341797,117.88857160295758,1,stop_loss,LONG,LONG,0.5199409425258636,0.5032739043235779,0.5366079807281494,0.532630634671451,0.5823895931243896,51.994094252586365,0.5125722885131836,1,True,True,False,52.5,False,1.0888859778642654,UNRANKED,,False,,,
2026-03-09,2026-03-10,2026-03-11,NOW,XLK,120.98999786376953,116.72000122070312,115.6414293561663,1,stop_loss,LONG,LONG,0.5187147557735443,0.5032739043235779,0.5341556072235107,0.532630634671451,0.6737143397331238,51.87147557735443,0.5125722885131836,1,True,True,False,52.5,False,0.9732268899679184,UNRANKED,,False,,,
2026-03-10,2026-03-11,2026-03-18,NOW,XLK,117.4000015258789,113.70999908447266,113.70999908447266,5,time_exit,LONG,LONG,0.518801212310791,0.5059950947761536,0.5316073298454285,0.532630634671451,0.6843507289886475,51.8801212310791,0.5125722885131836,1,True,True,False,52.5,False,1.144341066479683,UNRANKED,,False,,,
2026-03-11,2026-03-12,2026-03-19,NOW,XLK,115.27999877929688,113.2699966430664,113.2699966430664,5,time_exit,LONG,LONG,0.5063841044902802,0.5015197396278381,0.5112484693527222,0.532630634671451,0.7397911548614502,50.638410449028015,0.5125722885131836,2,False,True,True,52.5,False,-0.2104359716176986,UNRANKED,,False,,,
2026-03-12,2026-03-13,2026-03-20,NOW,XLK,112.80999755859375,110.37999725341797,110.37999725341797,5,time_exit,LONG,LONG,0.5345654487609863,0.5032739043235779,0.5658569931983948,0.532630634671451,0.7069113850593567,53.45654487609863,0.5125722885131836,1,True,True,False,52.5,False,1.2852911502122881,UNRANKED,,False,,,
2026-03-13,2026-03-16,2026-03-20,NOW,XLK,116.9000015258789,110.94999694824219,111.45143127441406,4,stop_loss,LONG,LONG,0.5394366681575775,0.49982917308807373,0.5790441632270813,0.5189048239895699,0.7005949020385742,53.94366681575775,0.5125722885131836,1,True,True,False,52.5,False,1.2541364133358002,UNRANKED,,False,,,
2026-03-16,2026-03-17,2026-03-24,NOW,XLK,115.4000015258789,104.6500015258789,110.01285988943917,5,stop_loss,LONG,LONG,0.5336332023143768,0.49982917308807373,0.5674372315406799,0.5189048239895699,0.6495881080627441,53.36332023143768,0.5125722885131836,1,True,True,False,52.5,False,1.1800135821104052,UNRANKED,,False,,,
2026-03-17,2026-03-18,2026-03-24,NOW,XLK,115.0,103.05999755859375,109.59857286725726,4,stop_loss,LONG,LONG,0.5351258814334869,0.49982917308807373,0.5704225897789001,0.5189048239895699,0.6061017513275146,53.512588143348694,0.5125722885131836,1,True,True,False,52.5,False,0.9378110766410829,UNRANKED,,False,,,
2026-03-18,2026-03-19,2026-03-24,NOW,XLK,114.18000030517578,103.63999938964844,109.07285853794643,3,stop_loss,LONG,LONG,0.5230745077133179,0.5070292353630066,0.5391197800636292,0.532630634671451,0.6418949365615845,52.30745077133179,0.5125722885131836,1,True,True,False,52.5,False,0.6673874258995054,UNRANKED,,False,,,
2026-03-19,2026-03-20,2026-03-24,NOW,XLK,111.30000305175781,99.41000366210938,106.31428963797433,2,take_profit,SHORT,SHORT,0.4760265350341797,0.5015197396278381,0.45053333044052124,0.532630634671451,0.6770389080047607,52.39734649658203,0.5125722885131836,1,True,False,True,52.5,False,0.5883811712265016,UNRANKED,,False,,,
2026-03-20,2026-03-23,2026-03-24,NOW,XLK,110.76000213623047,104.97000122070312,105.56285967145648,1,stop_loss,LONG,LONG,0.505954921245575,0.5059950947761536,0.5059147477149963,0.532630634671451,0.6843693852424622,50.595492124557495,0.5125722885131836,2,False,True,True,52.5,False,0.5453994274139405,UNRANKED,,False,,,
2026-03-23,2026-03-24,2026-03-25,NOW,XLK,109.13999938964844,104.55000305175781,104.4000004359654,1,stop_loss,LONG,LONG,0.5187426507472992,0.5059950947761536,0.5314902067184448,0.532630634671451,0.6208145022392273,51.87426507472992,0.5125722885131836,1,True,True,False,52.5,False,0.820809990167618,UNRANKED,,False,,,
2026-03-24,2026-03-25,2026-03-27,NOW,XLK,106.5,104.04000091552734,100.95571572440011,2,stop_loss,LONG,LONG,0.5221327841281891,0.5015197396278381,0.54274582862854,0.532630634671451,0.5669622421264648,52.21327841281891,0.5125722885131836,1,True,True,False,52.5,False,0.7441839575767517,UNRANKED,,False,,,
2026-03-25,2026-03-26,2026-04-02,NOW,XLK,102.41999816894531,102.0,102.0,5,time_exit,LONG,LONG,0.506669282913208,0.5015197396278381,0.5118188261985779,0.532630634671451,0.6280328035354614,50.6669282913208,0.5125722885131836,2,False,True,True,52.5,False,0.5863623023033141,UNRANKED,,False,,,
2026-03-26,2026-03-27,2026-04-06,NOW,XLK,102.63999938964844,102.41999816894531,102.41999816894531,5,time_exit,LONG,LONG,0.524177759885788,0.5070292353630066,0.5413262844085693,0.532630634671451,0.6411306262016296,52.417775988578796,0.5125722885131836,1,True,True,False,52.5,False,0.9540533423423767,UNRANKED,,False,,,
2026-03-27,2026-03-30,2026-04-07,NOW,XLK,100.05999755859375,100.55000305175781,100.55000305175781,5,time_exit,LONG,LONG,0.5294205546379089,0.5070292353630066,0.5518118739128113,0.532630634671451,0.5832854509353638,52.942055463790894,0.5125722885131836,1,True,True,False,52.5,False,0.479865908622742,UNRANKED,,False,,,
2026-03-30,2026-03-31,2026-04-07,NOW,XLK,105.54000091552734,97.47000122070312,100.8885726928711,4,stop_loss,LONG,LONG,0.5286426842212677,0.5051015019416809,0.5521838665008545,0.532630634671451,0.6241108775138855,52.86426842212677,0.5125722885131836,1,True,True,False,52.5,False,0.8043423593044281,UNRANKED,,False,,,
2026-03-31,2026-04-01,2026-04-07,NOW,XLK,105.2300033569336,89.80999755859375,100.65857587541852,3,stop_loss,LONG,LONG,0.525183230638504,0.5032739043235779,0.5470925569534302,0.532630634671451,0.6124614477157593,52.5183230638504,0.5125722885131836,1,True,True,False,52.5,False,0.2248336970806123,UNRANKED,,False,,,
2026-04-01,2026-04-02,2026-04-08,NOW,XLK,101.79000091552734,83.0,97.52571541922433,3,stop_loss,LONG,LONG,0.5218325853347778,0.5032739043235779,0.5403912663459778,0.532630634671451,0.6055594682693481,52.18325853347778,0.5125722885131836,1,True,True,False,52.5,False,0.3447962701320648,UNRANKED,,False,,,
2026-04-02,2026-04-06,2026-04-08,NOW,XLK,102.97000122070312,89.05999755859375,98.50714438302177,2,stop_loss,LONG,LONG,0.5140139162540436,0.5032739043235779,0.5247539281845093,0.532630634671451,0.6524460315704346,51.40139162540436,0.5125722885131836,1,True,True,False,52.5,False,0.6196993887424469,UNRANKED,,False,,,
2026-04-06,2026-04-07,2026-04-08,NOW,XLK,102.7699966430664,87.79000091552734,98.42713928222656,1,stop_loss,LONG,LONG,0.5134320557117462,0.5032739043235779,0.5235902070999146,0.532630634671451,0.6791858673095703,51.34320557117462,0.5125722885131836,1,True,True,False,52.5,False,0.5416149497032164,UNRANKED,,False,,,
2026-04-07,2026-04-08,2026-04-09,NOW,XLK,104.76000213623047,94.19000244140625,100.41286032540458,1,stop_loss,LONG,LONG,0.5029963850975037,0.5032739043235779,0.5027188658714294,0.532630634671451,0.621056079864502,50.299638509750366,0.5125722885131836,2,False,True,True,52.5,False,0.40763989090919495,UNRANKED,,False,,,
2026-04-08,2026-04-09,2026-04-10,NOW,XLK,96.5,96.44000244140625,92.14285823277065,1,stop_loss,LONG,LONG,0.5168054401874542,0.5059950947761536,0.5276157855987549,0.532630634671451,0.5895315408706665,51.68054401874542,0.5125722885131836,1,True,True,False,52.5,False,0.41470912098884594,UNRANKED,,False,,,
2026-04-09,2026-04-10,2026-04-16,NOW,XLK,88.91000366210938,96.66000366210938,94.29857417515346,4,take_profit,LONG,LONG,0.5204206109046936,0.5032739043235779,0.5375673174858093,0.532630634671451,0.6349748969078064,52.04206109046936,0.5125722885131836,1,True,True,False,52.5,False,0.6897180676460266,UNRANKED,,False,,,
2026-04-10,2026-04-13,2026-04-15,NOW,XLK,84.7699966430664,99.72000122070312,90.71856689453125,2,take_profit,LONG,LONG,0.5326685309410095,0.5032739043235779,0.5620631575584412,0.532630634671451,0.6708821058273315,53.26685309410095,0.5125722885131836,1,True,True,False,52.5,False,0.6889747381210325,UNRANKED,,False,,,
2026-04-13,2026-04-14,2026-04-20,NOW,XLK,90.73999786376953,100.13999938964844,97.4728535243443,4,take_profit,LONG,LONG,0.536554753780365,0.5032739043235779,0.5698356032371521,0.532630634671451,0.7079669833183289,53.6554753780365,0.5125722885131836,1,True,True,False,52.5,False,0.6115473508834839,UNRANKED,,False,,,
2026-04-14,2026-04-15,2026-04-16,NOW,XLK,90.19999694824219,103.06999969482422,96.2142813546317,1,take_profit,LONG,LONG,0.5287541151046753,0.5015197396278381,0.5559884905815125,0.532630634671451,0.6790289878845215,52.87541151046753,0.5125722885131836,1,True,True,False,52.5,False,0.8271668255329132,UNRANKED,,False,,,
2026-04-15,2026-04-16,2026-04-23,NOW,XLK,97.61000061035156,84.77999877929688,90.90857369559151,5,stop_loss,LONG,LONG,0.5340677797794342,0.5032739043235779,0.5648616552352905,0.532630634671451,0.7171800136566162,53.40677797794342,0.5125722885131836,1,True,True,False,52.5,False,0.4779488742351533,UNRANKED,,False,,,
2026-04-16,2026-04-17,2026-04-23,NOW,XLK,97.94999694824219,90.16999816894531,91.00999886648995,4,stop_loss,LONG,LONG,0.514704167842865,0.5032739043235779,0.5261344313621521,0.532630634671451,0.731446385383606,51.4704167842865,0.5125722885131836,1,True,True,False,52.5,False,0.4838306009769441,UNRANKED,,False,,,
